TIMESTAMP,TRACK_ID,OBJECT_TYPE,X,Y,CITY_NAME,HEADING
760.462,000-0000-0000,AV,328750.63966180664,4153213.755092221,HMC,300.03997802734375
760.462,000-0000-0159,AGENT,328740.6340516618,4153221.1636821767,HMC,300.03997802734375
760.462,000-0000-0039,OTHERS,328740.11908637284,4153230.77309304,HMC,293.60801219940186
760.462,000-0000-0092,OTHERS,328755.7716828754,4153211.8579738606,HMC,295.9164991378784
760.462,000-0000-0033,OTHERS,328734.8747595341,4153234.521767017,HMC,294.2429656982422
760.462,000-0000-0008,OTHERS,328766.3291087818,4153195.951989812,HMC,300.03997802734375
760.462,000-0000-0013,OTHERS,328754.6179825546,4153200.1735711894,HMC,294.6477212905884
760.462,000-0000-0075,OTHERS,328738.72864595795,4153226.09633215,HMC,294.2984142303467
760.462,000-0000-0149,OTHERS,328734.8500727784,4153226.415057323,HMC,292.80774545669556
760.462,000-0000-0117,OTHERS,328731.24767461704,4153241.2535249116,HMC,300.03997802734375
760.462,000-0000-0138,OTHERS,328732.56742046494,4153248.702288575,HMC,295.6199779510498
760.462,000-0000-0011,OTHERS,328761.79244935064,4153198.9929885995,HMC,295.77931356430054
760.462,000-0000-0055,OTHERS,328757.34017197636,4153201.833316963,HMC,293.7065281867981
760.462,000-0000-0086,OTHERS,328751.5544566175,4153240.124699603,HMC,302.90499448776245
760.462,000-0000-0130,OTHERS,328756.89340022166,4153227.827080727,HMC,284.1476173400879
760.462,000-0000-0098,OTHERS,328746.62407731847,4153250.1193321543,HMC,297.7086317539215
760.462,000-0000-0006,OTHERS,328745.36320342886,4153211.419684717,HMC,295.92044401168823
760.462,000-0000-0109,OTHERS,328748.4926287347,4153227.8073969427,HMC,295.9892587661743
760.462,000-0000-0003,OTHERS,328749.7534512807,4153201.936360283,HMC,300.03997802734375
760.462,000-0000-0009,OTHERS,328754.1467474615,4153193.498000583,HMC,295.53841972351074
760.462,000-0000-0030,OTHERS,328735.9427967753,4153220.099948168,HMC,294.5284700393677
760.462,000-0000-0007,OTHERS,328763.46995379357,4153187.618906766,HMC,287.6431465148926
760.462,000-0000-0037,OTHERS,328734.3833870244,4153193.9764893106,HMC,300.03997802734375
760.462,000-0000-0083,OTHERS,328744.73714880756,4153181.7469017017,HMC,300.03997802734375
760.462,000-0000-0073,OTHERS,328725.4368556205,4153216.499708412,HMC,290.37807273864746
760.462,000-0000-0076,OTHERS,328740.994724889,4153189.7011059658,HMC,311.64792823791504
760.462,000-0000-0079,OTHERS,328756.7135408611,4153179.057426456,HMC,294.22710847854614
760.462,000-0000-0097,OTHERS,328767.84100476105,4153172.3776028007,HMC,300.03997802734375
760.462,000-0000-0111,OTHERS,328749.0515832072,4153172.626859113,HMC,280.6841335296631
760.462,000-0000-0016,OTHERS,328726.80584718264,4153202.8021074096,HMC,296.6356554031372
760.462,000-0000-0108,OTHERS,328794.8691196743,4153209.6321684252,HMC,300.03997802734375
760.462,000-0000-0062,OTHERS,328739.4275185881,4153208.586734109,HMC,295.15688276290894
760.462,000-0000-0087,OTHERS,328783.8661184594,4153234.731475641,HMC,300.03997802734375
760.462,000-0000-0064,OTHERS,328733.50379506376,4153197.658163161,HMC,300.03997802734375
760.462,000-0000-0112,OTHERS,328763.956034997,4153191.710994791,HMC,300.03997802734375
760.462,000-0000-0065,OTHERS,328758.0596031982,4153229.113485646,HMC,261.0399589538574
760.462,000-0000-0041,OTHERS,328749.3444988627,4153195.342864442,HMC,297.40132761001587
760.462,000-0000-0024,OTHERS,328757.8979520885,4153217.0639507305,HMC,295.9786353111267
760.462,000-0000-0100,OTHERS,328757.7986294323,4153186.2291767285,HMC,286.95747089385986
760.462,000-0000-0104,OTHERS,328721.0714598563,4153217.52977749,HMC,289.5783290863037
760.462,000-0000-0025,OTHERS,328803.42170824204,4153193.51230441,HMC,300.03997802734375
760.462,000-0000-0124,OTHERS,328735.2580764774,4153203.20086376,HMC,300.03997802734375
760.462,000-0000-0133,OTHERS,328749.9858176142,4153169.983404427,HMC,278.7228813171387
760.462,000-0000-0134,OTHERS,328731.09421973943,4153214.4821181563,HMC,295.8982129096985
760.462,000-0000-0094,OTHERS,328724.19353696104,4153227.3101600804,HMC,291.79434871673584
760.462,000-0000-0121,OTHERS,328753.08573098545,4153234.7622734937,HMC,282.34636878967285
760.462,000-0000-0136,OTHERS,328727.04770537495,4153264.2475533006,HMC,291.4200382232666
760.462,000-0000-0141,OTHERS,328761.3933024036,4153178.2284456682,HMC,300.03997802734375
760.462,000-0000-0142,OTHERS,328734.09612180147,4153195.975772121,HMC,300.03997802734375
760.462,000-0000-0208,OTHERS,328805.52749272174,4153189.281831233,HMC,281.12392807006836
760.462,000-0000-0209,OTHERS,328735.9360593572,4153193.377993646,HMC,300.03997802734375
760.462,000-0000-0210,OTHERS,328814.3298280256,4153172.9741106336,HMC,300.03997802734375
760.462,000-0000-0248,OTHERS,328784.2688743269,4153261.767250801,HMC,296.1259014606476
760.462,000-0000-0268,OTHERS,328755.4193316198,4153156.358750642,HMC,300.03997802734375
760.462,000-0000-0297,OTHERS,328749.70544599276,4153241.968879431,HMC,328.82500076293945
760.462,000-0000-0350,OTHERS,328797.35051965615,4153208.2569936747,HMC,292.81439447402954
760.462,000-0000-0366,OTHERS,328742.8106908558,4153184.67054021,HMC,300.03997802734375
760.462,000-0000-0390,OTHERS,328737.93153371674,4153168.5757652144,HMC,294.837215423584
760.572,000-0000-0000,AV,328750.90811672376,4153213.257803601,HMC,300.2200012207031
760.572,000-0000-0159,AGENT,328740.673559789,4153220.9071332696,HMC,300.2200012207031
760.572,000-0000-0039,OTHERS,328740.39404955314,4153229.8752284935,HMC,294.6497664451599
760.572,000-0000-0092,OTHERS,328756.09158183116,4153211.477924447,HMC,294.03224325180054
760.572,000-0000-0033,OTHERS,328735.065781521,4153234.608690144,HMC,287.8405075073242
760.572,000-0000-0008,OTHERS,328766.5871041817,4153195.6332343053,HMC,300.2200012207031
760.572,000-0000-0013,OTHERS,328754.7444215949,4153199.9579533283,HMC,295.6631145477295
760.572,000-0000-0075,OTHERS,328738.7025146997,4153225.759983477,HMC,297.0896530151367
760.572,000-0000-0149,OTHERS,328735.029810576,4153225.7698274525,HMC,295.2243661880493
760.572,000-0000-0117,OTHERS,328731.25357826357,4153240.8578133644,HMC,300.2200012207031
760.572,000-0000-0138,OTHERS,328732.5172623536,4153247.9106394914,HMC,292.8000011444092
760.572,000-0000-0011,OTHERS,328761.9909821831,4153198.883553166,HMC,295.17108964920044
760.572,000-0000-0055,OTHERS,328757.62465962756,4153201.3264138917,HMC,300.2200012207031
760.572,000-0000-0086,OTHERS,328751.95023620175,4153240.391002877,HMC,282.19372940063477
760.572,000-0000-0130,OTHERS,328756.34443089506,4153227.6568506192,HMC,300.2200012207031
760.572,000-0000-0098,OTHERS,328745.18604108633,4153248.2946278155,HMC,300.2200012207031
760.572,000-0000-0006,OTHERS,328745.4599542209,4153211.2096157195,HMC,297.2415885925293
760.572,000-0000-0109,OTHERS,328748.4666730734,4153227.091728864,HMC,300.2200012207031
760.572,000-0000-0003,OTHERS,328749.88644843246,4153201.739498132,HMC,300.2200012207031
760.572,000-0000-0009,OTHERS,328754.2459994021,4153193.287547576,HMC,298.61486172676086
760.572,000-0000-0030,OTHERS,328736.0736072758,4153219.3385318117,HMC,296.74857687950134
760.572,000-0000-0007,OTHERS,328763.58071076556,4153187.518804171,HMC,280.3979187011719
760.572,000-0000-0037,OTHERS,328734.7095622552,4153193.461775724,HMC,300.2200012207031
760.572,000-0000-0083,OTHERS,328744.9362480973,4153181.5424154554,HMC,300.2200012207031
760.572,000-0000-0073,OTHERS,328725.63730500423,4153215.8595271176,HMC,288.1436014175415
760.572,000-0000-0076,OTHERS,328741.1690172966,4153189.192204265,HMC,311.38514137268066
760.572,000-0000-0079,OTHERS,328756.94704734697,4153178.833197694,HMC,293.1835412979126
760.572,000-0000-0088,OTHERS,328723.46870699106,4153215.852689829,HMC,300.2200012207031
760.572,000-0000-0097,OTHERS,328768.2024185136,4153172.199134433,HMC,300.2200012207031
760.572,000-0000-0111,OTHERS,328749.12026968674,4153172.503908472,HMC,300.2200012207031
760.572,000-0000-0016,OTHERS,328726.29957232106,4153202.3645543,HMC,294.5286068916321
760.572,000-0000-0108,OTHERS,328794.98700062383,4153209.5637875996,HMC,300.2200012207031
760.572,000-0000-0062,OTHERS,328739.6310417518,4153208.015882659,HMC,294.5106816291809
760.572,000-0000-0087,OTHERS,328783.3216120724,4153235.491323665,HMC,300.2200012207031
760.572,000-0000-0064,OTHERS,328733.7533056016,4153197.233386964,HMC,300.2200012207031
760.572,000-0000-0112,OTHERS,328763.7086280826,4153192.2175779757,HMC,300.2200012207031
760.572,000-0000-0065,OTHERS,328755.99380929826,4153229.4890373643,HMC,333.5947685241699
760.572,000-0000-0041,OTHERS,328749.2134497738,4153194.7226521117,HMC,331.802583694458
760.572,000-0000-0024,OTHERS,328758.0480625639,4153216.300866633,HMC,296.7632267475128
760.572,000-0000-0100,OTHERS,328757.93084655533,4153186.0310461214,HMC,283.8170108795166
760.572,000-0000-0104,OTHERS,328719.8720624872,4153217.4512899593,HMC,288.12590408325195
760.572,000-0000-0025,OTHERS,328803.42707815004,4153193.4624934588,HMC,326.50790786743164
760.572,000-0000-0124,OTHERS,328735.6122508014,4153203.106477607,HMC,300.2200012207031
760.572,000-0000-0133,OTHERS,328750.14890295337,4153169.734962185,HMC,300.2200012207031
760.572,000-0000-0134,OTHERS,328730.8993743545,4153214.1387006007,HMC,296.63504004478455
760.572,000-0000-0094,OTHERS,328724.29654279444,4153226.9044226645,HMC,292.5566301345825
760.572,000-0000-0121,OTHERS,328752.5885565391,4153234.6191749927,HMC,295.49411153793335
760.572,000-0000-0136,OTHERS,328727.28295106476,4153263.3837510985,HMC,285.9247884750366
760.572,000-0000-0142,OTHERS,328734.2721473853,4153195.653002858,HMC,300.2200012207031
760.572,000-0000-0044,OTHERS,328808.33148621314,4153182.5342251267,HMC,324.7237606048584
760.572,000-0000-0208,OTHERS,328806.48360533954,4153188.5500696665,HMC,300.2200012207031
760.572,000-0000-0209,OTHERS,328736.1485667724,4153193.0390847083,HMC,300.2200012207031
760.572,000-0000-0268,OTHERS,328756.6357659695,4153154.6840595813,HMC,300.2200012207031
760.572,000-0000-0297,OTHERS,328750.0730542753,4153241.6980907605,HMC,300.2200012207031
760.572,000-0000-0334,OTHERS,328787.22376184084,4153256.4593448793,HMC,292.9428448677063
760.572,000-0000-0350,OTHERS,328797.9204460928,4153206.2356136846,HMC,293.4753608703613
760.572,000-0000-0390,OTHERS,328739.2821824133,4153166.480423499,HMC,293.48059129714966
760.662,000-0000-0000,AV,328751.18551623804,4153212.7582956185,HMC,299.30999755859375
760.662,000-0000-0159,AGENT,328740.8868190832,4153220.961224429,HMC,299.30999755859375
760.662,000-0000-0039,OTHERS,328740.99677750695,4153229.6750250044,HMC,291.8265280723572
760.662,000-0000-0092,OTHERS,328756.25351840805,4153210.9817684144,HMC,293.21803522109985
760.662,000-0000-0033,OTHERS,328736.3953962654,4153231.931444283,HMC,286.3257083892822
760.662,000-0000-0013,OTHERS,328754.5427229006,4153199.7779771285,HMC,299.30999755859375
760.662,000-0000-0075,OTHERS,328738.9951413819,4153225.947338054,HMC,294.0283932685852
760.662,000-0000-0149,OTHERS,328735.8114365968,4153225.676317808,HMC,283.18170738220215
760.662,000-0000-0117,OTHERS,328731.7660032242,4153241.028856929,HMC,299.30999755859375
760.662,000-0000-0138,OTHERS,328733.19741367444,4153247.557337066,HMC,292.19999742507935
760.662,000-0000-0011,OTHERS,328761.7240323247,4153198.609389962,HMC,294.5126733779907
760.662,000-0000-0055,OTHERS,328757.79675371724,4153200.9646306327,HMC,279.6886463165283
760.662,000-0000-0086,OTHERS,328751.14331451815,4153240.6906877356,HMC,304.5827388763428
760.662,000-0000-0130,OTHERS,328756.5243410676,4153227.5690528527,HMC,312.9967908859253
760.662,000-0000-0006,OTHERS,328745.45684622915,4153211.2475746344,HMC,295.13435459136963
760.662,000-0000-0109,OTHERS,328749.31681357865,4153226.4513329472,HMC,296.6364858150482
760.662,000-0000-0003,OTHERS,328749.75246380386,4153201.7063923287,HMC,299.30999755859375
760.662,000-0000-0009,OTHERS,328754.0238688768,4153193.181509487,HMC,295.840749502182
760.662,000-0000-0030,OTHERS,328736.49829043343,4153218.9040941657,HMC,295.1070189476013
760.662,000-0000-0007,OTHERS,328763.15965045517,4153187.3486450478,HMC,299.30999755859375
760.662,000-0000-0037,OTHERS,328734.3808513583,4153193.688826897,HMC,272.5867385864258
760.662,000-0000-0083,OTHERS,328744.5926187324,4153181.4376274114,HMC,299.30999755859375
760.662,000-0000-0073,OTHERS,328725.92067672184,4153215.406045235,HMC,291.9592852592468
760.662,000-0000-0076,OTHERS,328741.5259464324,4153190.145029061,HMC,276.6167640686035
760.662,000-0000-0079,OTHERS,328756.4867748579,4153178.711496506,HMC,295.1507225036621
760.662,000-0000-0088,OTHERS,328723.9267890196,4153215.5995485024,HMC,299.30999755859375
760.662,000-0000-0097,OTHERS,328767.558070782,4153172.1202753433,HMC,288.08081340789795
760.662,000-0000-0111,OTHERS,328748.4117756653,4153172.4029334243,HMC,299.30999755859375
760.662,000-0000-0016,OTHERS,328725.94721422775,4153203.269136126,HMC,293.3836441040039
760.662,000-0000-0108,OTHERS,328794.9448508519,4153208.9375691894,HMC,299.30999755859375
760.662,000-0000-0062,OTHERS,328739.86117721436,4153207.661054431,HMC,299.30999755859375
760.662,000-0000-0087,OTHERS,328783.81288355775,4153234.787017518,HMC,299.30999755859375
760.662,000-0000-0064,OTHERS,328733.4921193334,4153197.4522651057,HMC,299.30999755859375
760.662,000-0000-0112,OTHERS,328763.49148388626,4153191.824691992,HMC,299.30999755859375
760.662,000-0000-0065,OTHERS,328756.2110997683,4153229.318239598,HMC,327.8750915527344
760.662,000-0000-0041,OTHERS,328749.9324936429,4153194.423702901,HMC,264.23339080810547
760.662,000-0000-0024,OTHERS,328758.50060386653,4153215.443307536,HMC,297.31191182136536
760.662,000-0000-0100,OTHERS,328757.407265956,4153185.92777865,HMC,278.42358779907227
760.662,000-0000-0104,OTHERS,328721.16934636753,4153216.259038968,HMC,291.58710956573486
760.662,000-0000-0025,OTHERS,328803.3862776165,4153192.5806306014,HMC,299.30999755859375
760.662,000-0000-0124,OTHERS,328735.46158965875,4153203.3403148963,HMC,299.30999755859375
760.662,000-0000-0133,OTHERS,328749.3916401718,4153169.7335653845,HMC,299.30999755859375
760.662,000-0000-0134,OTHERS,328730.85379736696,4153214.1293492913,HMC,295.00507736206055
760.662,000-0000-0094,OTHERS,328723.18089703977,4153226.787907167,HMC,307.73774433135986
760.662,000-0000-0121,OTHERS,328752.49561868666,4153234.052863718,HMC,299.30999755859375
760.662,000-0000-0136,OTHERS,328727.75484892254,4153262.9235303444,HMC,311.1717920303345
760.662,000-0000-0142,OTHERS,328733.9727330076,4153195.841031898,HMC,299.30999755859375
760.662,000-0000-0044,OTHERS,328807.82083567465,4153183.465201083,HMC,285.29225158691406
760.662,000-0000-0084,OTHERS,328768.86847947165,4153180.809497814,HMC,299.30999755859375
760.662,000-0000-0126,OTHERS,328746.6878448164,4153176.56001515,HMC,295.7953608036041
760.662,000-0000-0208,OTHERS,328805.5861032128,4153187.8824178814,HMC,315.19340229034424
760.662,000-0000-0229,OTHERS,328755.35385085276,4153230.4382107276,HMC,299.30999755859375
760.662,000-0000-0248,OTHERS,328732.8942328266,4153288.8781290734,HMC,275.5171813964844
760.662,000-0000-0251,OTHERS,328729.30843743525,4153194.735210909,HMC,299.30999755859375
760.662,000-0000-0268,OTHERS,328755.6795981938,4153154.349055543,HMC,299.30999755859375
760.662,000-0000-0297,OTHERS,328750.31143569225,4153241.7290228647,HMC,315.10130310058594
760.662,000-0000-0340,OTHERS,328754.812543093,4153138.1235138965,HMC,299.30999755859375
760.662,000-0000-0350,OTHERS,328798.25874590356,4153204.440294249,HMC,291.90876817703247
760.662,000-0000-0390,OTHERS,328738.1257466648,4153167.1882363237,HMC,293.15690088272095
760.662,000-0000-0398,OTHERS,328784.63577460556,4153261.088202045,HMC,296.98795914649963
760.772,000-0000-0000,AV,328751.4554469125,4153212.2754074605,HMC,299.6000061035156
760.772,000-0000-0159,AGENT,328741.00285590626,4153220.6627182695,HMC,299.6000061035156
760.772,000-0000-0039,OTHERS,328741.24678278284,4153229.081058285,HMC,291.3951463699341
760.772,000-0000-0092,OTHERS,328756.41823443916,4153210.6414120747,HMC,293.9898819923401
760.772,000-0000-0033,OTHERS,328735.17876450846,4153234.108511002,HMC,295.30557203292847
760.772,000-0000-0013,OTHERS,328754.8071687723,4153199.6125586363,HMC,294.2392210960388
760.772,000-0000-0075,OTHERS,328739.02170636645,4153225.642299602,HMC,295.17216062545776
760.772,000-0000-0149,OTHERS,328735.60247841896,4153224.7967982683,HMC,298.86761724948883
760.772,000-0000-0117,OTHERS,328731.3906177487,4153242.32078177,HMC,284.6287651062012
760.772,000-0000-0138,OTHERS,328733.3161351657,4153246.9394774768,HMC,295.4900059700012
760.772,000-0000-0011,OTHERS,328761.8641924985,4153198.4630693006,HMC,295.84295129776
760.772,000-0000-0055,OTHERS,328757.93921464036,4153200.4866189854,HMC,291.7214288711548
760.772,000-0000-0086,OTHERS,328752.71818220406,4153240.983237358,HMC,276.45314598083496
760.772,000-0000-0130,OTHERS,328756.41569987586,4153227.471653963,HMC,315.2266139984131
760.772,000-0000-0006,OTHERS,328745.5300646557,4153211.0324952537,HMC,297.15309977531433
760.772,000-0000-0109,OTHERS,328749.5836135452,4153225.7841095785,HMC,296.9552912712097
760.772,000-0000-0003,OTHERS,328749.87687747326,4153201.5232025934,HMC,299.6000061035156
760.772,000-0000-0009,OTHERS,328754.17320497375,4153192.9926242167,HMC,297.7919180393219
760.772,000-0000-0030,OTHERS,328736.98027840565,4153218.4710406577,HMC,290.13794898986816
760.772,000-0000-0007,OTHERS,328763.1608911893,4153187.1130567905,HMC,299.6000061035156
760.772,000-0000-0037,OTHERS,328734.295037911,4153193.4076608433,HMC,329.41968536376953
760.772,000-0000-0083,OTHERS,328744.736035031,4153181.230238539,HMC,299.6000061035156
760.772,000-0000-0073,OTHERS,328725.9388650605,4153214.667894531,HMC,324.69386291503906
760.772,000-0000-0076,OTHERS,328740.67219919246,4153191.078115682,HMC,291.28040409088135
760.772,000-0000-0079,OTHERS,328756.6392659763,4153178.4737493196,HMC,293.0897407531738
760.772,000-0000-0088,OTHERS,328724.2672800583,4153214.734954275,HMC,299.6000061035156
760.772,000-0000-0097,OTHERS,328767.9797369504,4153171.932058402,HMC,299.6000061035156
760.772,000-0000-0111,OTHERS,328748.67928812996,4153172.20225292,HMC,299.6000061035156
760.772,000-0000-0016,OTHERS,328725.9473226881,4153203.0260647177,HMC,294.22702407836914
760.772,000-0000-0108,OTHERS,328795.1098528581,4153209.030527214,HMC,299.6000061035156
760.772,000-0000-0087,OTHERS,328784.16349205555,4153234.949292682,HMC,293.4244704246521
760.772,000-0000-0064,OTHERS,328733.69250205846,4153197.124552636,HMC,299.6000061035156
760.772,000-0000-0112,OTHERS,328763.7715713785,4153191.512370884,HMC,299.6000061035156
760.772,000-0000-0065,OTHERS,328756.24909198756,4153229.480198046,HMC,318.9541015625
760.772,000-0000-0041,OTHERS,328750.16979886236,4153193.94655984,HMC,273.02781677246094
760.772,000-0000-0024,OTHERS,328758.84468868206,4153214.8251889376,HMC,297.0264208316803
760.772,000-0000-0100,OTHERS,328757.39406751876,4153185.6790690226,HMC,314.8859395980835
760.772,000-0000-0104,OTHERS,328721.837581975,4153215.7607460823,HMC,290.14091968536377
760.772,000-0000-0025,OTHERS,328803.9003660621,4153192.3919990975,HMC,161.54733276367188
760.772,000-0000-0124,OTHERS,328735.00362402323,4153203.6272921884,HMC,299.6000061035156
760.772,000-0000-0133,OTHERS,328749.6397668751,4153169.5362642035,HMC,299.6000061035156
760.772,000-0000-0134,OTHERS,328731.0063556444,4153213.6531573636,HMC,295.1837577819824
760.772,000-0000-0094,OTHERS,328724.7417430101,4153227.085399321,HMC,280.1982593536377
760.772,000-0000-0121,OTHERS,328753.2661789424,4153234.155144649,HMC,293.70743560791016
760.772,000-0000-0136,OTHERS,328727.63533880847,4153261.9796482455,HMC,310.22414112091064
760.772,000-0000-0141,OTHERS,328797.8218123117,4153178.1816877704,HMC,288.69757556915283
760.772,000-0000-0142,OTHERS,328734.13188306417,4153195.539171456,HMC,299.6000061035156
760.772,000-0000-0044,OTHERS,328807.5875589387,4153183.298611845,HMC,299.6000061035156
760.772,000-0000-0084,OTHERS,328769.20005929354,4153180.77392121,HMC,299.6000061035156
760.772,000-0000-0126,OTHERS,328747.2215162744,4153175.0411545597,HMC,299.6000061035156
760.772,000-0000-0208,OTHERS,328805.1669367856,4153188.0860274397,HMC,325.03413581848145
760.772,000-0000-0251,OTHERS,328730.35962265637,4153193.1692990004,HMC,299.6000061035156
760.772,000-0000-0268,OTHERS,328755.3497944675,4153155.8804570935,HMC,299.6000061035156
760.772,000-0000-0297,OTHERS,328750.54685757315,4153241.3652133103,HMC,299.6000061035156
760.772,000-0000-0350,OTHERS,328798.8447261041,4153203.8367984914,HMC,294.85685634613037
760.772,000-0000-0390,OTHERS,328738.79251192336,4153167.343960331,HMC,294.05755949020386
760.772,000-0000-0398,OTHERS,328784.80545026495,4153261.334318722,HMC,296.33923840522766
760.863,000-0000-0000,AV,328751.4554469125,4153212.2754074605,HMC,299.6000061035156
760.863,000-0000-0159,AGENT,328740.7083508735,4153220.989266543,HMC,299.6000061035156
760.863,000-0000-0039,OTHERS,328741.14597301156,4153228.7813308,HMC,293.7116994857788
760.863,000-0000-0092,OTHERS,328756.380290415,4153210.765472383,HMC,293.11240100860596
760.863,000-0000-0033,OTHERS,328734.7194289272,4153234.7527574026,HMC,296.2154564857483
760.863,000-0000-0013,OTHERS,328754.57013781293,4153200.0791205866,HMC,296.2585835456848
760.863,000-0000-0075,OTHERS,328738.8517740131,4153226.0615151133,HMC,293.94179487228394
760.863,000-0000-0149,OTHERS,328735.7286096269,4153224.82184715,HMC,291.37942600250244
760.863,000-0000-0117,OTHERS,328731.51998062275,4153240.9215294607,HMC,322.48486518859863
760.863,000-0000-0138,OTHERS,328733.3714472441,4153246.7408840214,HMC,297.07000613212585
760.863,000-0000-0011,OTHERS,328761.63072436757,4153198.941287441,HMC,294.80641412734985
760.863,000-0000-0055,OTHERS,328757.8209033756,4153200.5036057574,HMC,294.22232151031494
760.863,000-0000-0086,OTHERS,328750.031969393,4153237.582517294,HMC,315.1845397949219
760.863,000-0000-0130,OTHERS,328756.2910616686,4153227.9250434125,HMC,309.8279495239258
760.863,000-0000-0006,OTHERS,328745.4480783208,4153211.3733561486,HMC,295.8946075439453
760.863,000-0000-0109,OTHERS,328749.6716573759,4153225.504636982,HMC,298.7061912417412
760.863,000-0000-0003,OTHERS,328749.6444810699,4153201.938932034,HMC,299.054091155529
760.863,000-0000-0009,OTHERS,328753.9306957983,4153193.491928962,HMC,296.2292945384979
760.863,000-0000-0030,OTHERS,328736.67829767946,4153218.3524184558,HMC,293.91949701309204
760.863,000-0000-0007,OTHERS,328762.9323991911,4153187.3251146707,HMC,299.6000061035156
760.863,000-0000-0037,OTHERS,328734.4185772045,4153193.665718636,HMC,278.14352226257324
760.863,000-0000-0083,OTHERS,328742.27298354893,4153186.612257216,HMC,293.7437438964844
760.863,000-0000-0076,OTHERS,328738.4193340504,4153193.003018824,HMC,305.9879198074341
760.863,000-0000-0079,OTHERS,328756.5138944114,4153179.011358927,HMC,294.6770987510681
760.863,000-0000-0088,OTHERS,328724.523148816,4153214.4267314575,HMC,299.6000061035156
760.863,000-0000-0097,OTHERS,328767.74903350463,4153172.4896770376,HMC,266.47656631469727
760.863,000-0000-0111,OTHERS,328748.5671677007,4153172.528003255,HMC,299.6000061035156
760.863,000-0000-0016,OTHERS,328725.07336490497,4153204.970234307,HMC,295.5635943412781
760.863,000-0000-0108,OTHERS,328794.92922011006,4153209.303519718,HMC,299.6000061035156
760.863,000-0000-0087,OTHERS,328784.07593232713,4153234.1505042342,HMC,299.6000061035156
760.863,000-0000-0064,OTHERS,328733.5634444478,4153197.435397957,HMC,299.6000061035156
760.863,000-0000-0112,OTHERS,328763.6878636465,4153191.7406736105,HMC,299.6000061035156
760.863,000-0000-0065,OTHERS,328756.95888331224,4153229.3793649073,HMC,299.6000061035156
760.863,000-0000-0041,OTHERS,328749.82616148563,4153194.052038201,HMC,297.39259457588196
760.863,000-0000-0024,OTHERS,328758.96640513994,4153214.6150591336,HMC,296.9838182926178
760.863,000-0000-0100,OTHERS,328757.35787859483,4153186.1751520084,HMC,283.5141201019287
760.863,000-0000-0104,OTHERS,328721.23832590977,4153216.0723728198,HMC,288.2133159637451
760.863,000-0000-0025,OTHERS,328803.3165172781,4153192.9817427928,HMC,299.6000061035156
760.863,000-0000-0124,OTHERS,328735.38063198386,4153203.5301102027,HMC,299.6000061035156
760.863,000-0000-0133,OTHERS,328749.52874630725,4153169.939675189,HMC,299.6000061035156
760.863,000-0000-0134,OTHERS,328730.74355020054,4153214.172654281,HMC,295.2640657424927
760.863,000-0000-0094,OTHERS,328724.20715151995,4153227.6351642604,HMC,287.71393871307373
760.863,000-0000-0121,OTHERS,328753.1435742307,4153234.2369918246,HMC,293.9101462364197
760.863,000-0000-0051,OTHERS,328728.5553680052,4153219.6504474436,HMC,299.6000061035156
760.863,000-0000-0136,OTHERS,328728.2079819838,4153261.875065186,HMC,297.49411821365356
760.863,000-0000-0142,OTHERS,328734.0055136898,4153195.7623476875,HMC,299.6000061035156
760.863,000-0000-0044,OTHERS,328808.0512298588,4153182.0161681254,HMC,311.7555351257324
760.863,000-0000-0084,OTHERS,328768.89829018357,4153181.19647437,HMC,299.6000061035156
760.863,000-0000-0126,OTHERS,328747.2223399571,4153175.103434537,HMC,299.6000061035156
760.863,000-0000-0208,OTHERS,328805.2464849231,4153188.1968548303,HMC,263.4729461669922
760.863,000-0000-0251,OTHERS,328729.42962330097,4153194.965088901,HMC,293.27596521377563
760.863,000-0000-0268,OTHERS,328753.8062133607,4153159.208239886,HMC,299.6000061035156
760.863,000-0000-0297,OTHERS,328749.5801130964,4153243.136152023,HMC,299.6000061035156
760.863,000-0000-0302,OTHERS,328825.5660905298,4153244.6381953796,HMC,299.6000061035156
760.863,000-0000-0334,OTHERS,328735.68819409324,4153205.4345975355,HMC,299.6000061035156
760.863,000-0000-0350,OTHERS,328799.3404357747,4153203.5840680734,HMC,294.1768870353699
760.863,000-0000-0354,OTHERS,328735.01801496506,4153206.747631984,HMC,299.6000061035156
760.863,000-0000-0375,OTHERS,328791.8459576528,4153246.026749987,HMC,289.181077003479
760.863,000-0000-0390,OTHERS,328738.3210041227,4153168.517875383,HMC,292.95284509658813
760.863,000-0000-0398,OTHERS,328786.7225632779,4153256.212825206,HMC,297.1934154033661
760.962,000-0000-0000,AV,328751.7138829174,4153211.7925710822,HMC,300.17999267578125
760.962,000-0000-0159,AGENT,328740.738557185,4153220.6791458223,HMC,300.17999267578125
760.962,000-0000-0039,OTHERS,328741.3283254792,4153228.2396966326,HMC,292.8471441268921
760.962,000-0000-0092,OTHERS,328756.5326225465,4153210.421971722,HMC,294.17299222946167
760.962,000-0000-0033,OTHERS,328735.98910813127,4153231.4782215664,HMC,293.5971474647522
760.962,000-0000-0013,OTHERS,328754.8114895117,4153199.890543088,HMC,294.26147747039795
760.962,000-0000-0075,OTHERS,328738.82437791984,4153225.730452322,HMC,294.3021311759949
760.962,000-0000-0149,OTHERS,328735.83364114305,4153224.079205413,HMC,290.8254098892212
760.962,000-0000-0117,OTHERS,328731.1828037081,4153242.2781957304,HMC,278.11882400512695
760.962,000-0000-0138,OTHERS,328733.42569948034,4153245.925471716,HMC,298.78999269008636
760.962,000-0000-0011,OTHERS,328761.8988369419,4153198.858339337,HMC,294.2366614341736
760.962,000-0000-0055,OTHERS,328758.1886774546,4153200.2625675877,HMC,286.43866062164307
760.962,000-0000-0086,OTHERS,328749.90643157373,4153237.227699729,HMC,324.79001808166504
760.962,000-0000-0130,OTHERS,328757.3389553201,4153226.742658477,HMC,285.14220428466797
760.962,000-0000-0006,OTHERS,328745.44525891874,4153211.062874741,HMC,297.29653239250183
760.962,000-0000-0109,OTHERS,328749.7838673562,4153224.7283252697,HMC,301.31165540218353
760.962,000-0000-0003,OTHERS,328749.81127958256,4153201.7756997617,HMC,299.3308787345886
760.962,000-0000-0009,OTHERS,328754.19548526197,4153193.3189282306,HMC,296.98559975624084
760.962,000-0000-0030,OTHERS,328737.0934265532,4153217.6306191683,HMC,290.46895027160645
760.962,000-0000-0007,OTHERS,328763.2185292977,4153187.5212781094,HMC,300.17999267578125
760.962,000-0000-0037,OTHERS,328734.6295811938,4153193.2403181097,HMC,300.17999267578125
760.962,000-0000-0083,OTHERS,328742.61050774076,4153186.323894862,HMC,295.6341013908386
760.962,000-0000-0076,OTHERS,328740.09087159776,4153191.3358900524,HMC,302.85711312294006
760.962,000-0000-0079,OTHERS,328756.90866029466,4153178.846769231,HMC,294.81679344177246
760.962,000-0000-0097,OTHERS,328767.9592089917,4153172.5296959486,HMC,314.0202054977417
760.962,000-0000-0111,OTHERS,328748.93622187944,4153172.508767669,HMC,300.17999267578125
760.962,000-0000-0016,OTHERS,328725.38101110834,4153204.7138944753,HMC,294.12387800216675
760.962,000-0000-0108,OTHERS,328794.94368216686,4153209.601883051,HMC,300.17999267578125
760.962,000-0000-0062,OTHERS,328812.2922146805,4153168.472578623,HMC,300.17999267578125
760.962,000-0000-0087,OTHERS,328783.5961678411,4153235.7108241078,HMC,296.0003571510315
760.962,000-0000-0064,OTHERS,328733.79564248456,4153196.946695683,HMC,300.17999267578125
760.962,000-0000-0112,OTHERS,328763.791637447,4153192.013829674,HMC,300.17999267578125
760.962,000-0000-0065,OTHERS,328754.91001050215,4153230.809543891,HMC,323.0372657775879
760.962,000-0000-0041,OTHERS,328750.37462339003,4153193.564507041,HMC,304.0638692378998
760.962,000-0000-0024,OTHERS,328759.26517177344,4153214.042558207,HMC,298.66259133815765
760.962,000-0000-0100,OTHERS,328757.61989221,4153186.030922089,HMC,293.88818645477295
760.962,000-0000-0104,OTHERS,328720.9241199311,4153215.1983283563,HMC,300.17999267578125
760.962,000-0000-0025,OTHERS,328803.53640849376,4153193.523070467,HMC,300.17999267578125
760.962,000-0000-0124,OTHERS,328735.3723038543,4153203.1630547005,HMC,266.33777618408203
760.962,000-0000-0133,OTHERS,328750.06273499236,4153169.820586724,HMC,300.17999267578125
760.962,000-0000-0134,OTHERS,328730.91295934847,4153213.7855013576,HMC,294.5942711830139
760.962,000-0000-0094,OTHERS,328724.1127162155,4153227.0219965256,HMC,292.49977254867554
760.962,000-0000-0121,OTHERS,328753.1706500123,4153233.4089996456,HMC,284.1678276062012
760.962,000-0000-0051,OTHERS,328728.6923795575,4153219.2493302436,HMC,300.17999267578125
760.962,000-0000-0136,OTHERS,328728.9208630631,4153260.8822871596,HMC,267.2630386352539
760.962,000-0000-0142,OTHERS,328734.2204360082,4153195.341877925,HMC,300.17999267578125
760.962,000-0000-0044,OTHERS,328808.1008116425,4153184.070545655,HMC,288.15742683410645
760.962,000-0000-0084,OTHERS,328769.26089823694,4153181.2039393694,HMC,300.17999267578125
760.962,000-0000-0126,OTHERS,328748.1283004284,4153174.3425903334,HMC,300.17999267578125
760.962,000-0000-0021,OTHERS,328753.22460151673,4153162.860463607,HMC,300.17999267578125
760.962,000-0000-0059,OTHERS,328758.48758939153,4153192.9101649732,HMC,302.58130860328674
760.962,000-0000-0091,OTHERS,328803.7345901356,4153189.559327481,HMC,300.17999267578125
760.962,000-0000-0093,OTHERS,328721.71451501036,4153196.36345705,HMC,300.17999267578125
760.962,000-0000-0205,OTHERS,328718.44124178425,4153243.758370611,HMC,256.8491096496582
760.962,000-0000-0208,OTHERS,328805.54118996975,4153188.4763896163,HMC,316.46217155456543
760.962,000-0000-0251,OTHERS,328729.5688244398,4153194.5714723514,HMC,300.17999267578125
760.962,000-0000-0268,OTHERS,328754.4590453464,4153159.0504307793,HMC,300.17999267578125
760.962,000-0000-0297,OTHERS,328750.8554313706,4153240.9420159343,HMC,300.17999267578125
760.962,000-0000-0302,OTHERS,328825.0222285269,4153245.3424112545,HMC,297.6855034828186
760.962,000-0000-0334,OTHERS,328736.17084525037,4153204.5368285063,HMC,300.17999267578125
760.962,000-0000-0350,OTHERS,328800.3120074091,4153202.8607751415,HMC,294.58330249786377
760.962,000-0000-0375,OTHERS,328791.4574477228,4153246.2467835466,HMC,290.5878028869629
760.962,000-0000-0390,OTHERS,328738.62499133934,4153168.6622918565,HMC,293.6919355392456
761.062,000-0000-0000,AV,328751.97145408654,4153211.3106775833,HMC,298.19000244140625
761.062,000-0000-0159,AGENT,328741.0244579016,4153221.028904941,HMC,298.19000244140625
761.062,000-0000-0039,OTHERS,328742.06920546415,4153227.781058082,HMC,291.35156202316284
761.062,000-0000-0092,OTHERS,328756.63899898255,4153209.910753995,HMC,292.2176904678345
761.062,000-0000-0033,OTHERS,328736.05498238374,4153234.086761688,HMC,285.4527940750122
761.062,000-0000-0013,OTHERS,328754.49412502337,4153199.689923807,HMC,290.6740770339966
761.062,000-0000-0075,OTHERS,328739.3785366907,4153226.0180102284,HMC,291.5960464477539
761.062,000-0000-0149,OTHERS,328736.531599312,4153223.970523173,HMC,289.8208293914795
761.062,000-0000-0117,OTHERS,328732.6302073438,4153241.0507079205,HMC,298.19000244140625
761.062,000-0000-0138,OTHERS,328734.92680240545,4153245.9699076866,HMC,297.0900024175644
761.062,000-0000-0011,OTHERS,328761.43844647176,4153198.4584944784,HMC,293.69908380508423
761.062,000-0000-0055,OTHERS,328757.9348157923,4153199.810792644,HMC,287.8003120422363
761.062,000-0000-0086,OTHERS,328750.6187787612,4153237.177550278,HMC,319.8117485046387
761.062,000-0000-0130,OTHERS,328757.387613571,4153227.735297,HMC,279.7583999633789
761.062,000-0000-0006,OTHERS,328745.66190151626,4153211.5119469236,HMC,293.5502624511719
761.062,000-0000-0109,OTHERS,328750.690825742,4153224.1372205806,HMC,299.07804423570633
761.062,000-0000-0003,OTHERS,328749.48111423803,4153201.788568918,HMC,298.19000244140625
761.062,000-0000-0009,OTHERS,328753.6146056952,4153193.1811788175,HMC,293.98080587387085
761.062,000-0000-0030,OTHERS,328737.53105093125,4153217.622130079,HMC,288.3062105178833
761.062,000-0000-0007,OTHERS,328762.4489425208,4153187.041578637,HMC,299.8545392751694
761.062,000-0000-0037,OTHERS,328734.0094548437,4153193.7818728923,HMC,298.19000244140625
761.062,000-0000-0083,OTHERS,328741.8079508962,4153186.4597456204,HMC,291.8026146888733
761.062,000-0000-0073,OTHERS,328754.5538184879,4153154.563173224,HMC,298.19000244140625
761.062,000-0000-0076,OTHERS,328739.085836085,4153192.9308685134,HMC,299.46920359134674
761.062,000-0000-0079,OTHERS,328755.78358436533,4153178.614957492,HMC,292.97837352752686
761.062,000-0000-0097,OTHERS,328766.86552568525,4153172.004231741,HMC,272.9255180358887
761.062,000-0000-0111,OTHERS,328747.64269800484,4153172.5385717223,HMC,298.19000244140625
761.062,000-0000-0016,OTHERS,328725.16717344965,4153205.733635105,HMC,291.2984757423401
761.062,000-0000-0108,OTHERS,328794.8361720116,4153208.1531628654,HMC,298.19000244140625
761.062,000-0000-0062,OTHERS,328810.6096906346,4153167.427352233,HMC,287.23673152923584
761.062,000-0000-0087,OTHERS,328784.73461350193,4153234.131105158,HMC,291.56950759887695
761.062,000-0000-0064,OTHERS,328733.3413672068,4153197.415780176,HMC,298.19000244140625
761.062,000-0000-0065,OTHERS,328756.6620419906,4153230.618701132,HMC,298.19000244140625
761.062,000-0000-0041,OTHERS,328749.95551287354,4153193.3148271847,HMC,298.19000244140625
761.062,000-0000-0024,OTHERS,328759.7669975251,4153213.0184670812,HMC,297.3315200805664
761.062,000-0000-0100,OTHERS,328756.64765505295,4153185.729895458,HMC,298.19000244140625
761.062,000-0000-0104,OTHERS,328721.1109370323,4153216.034611193,HMC,298.19000244140625
761.062,000-0000-0025,OTHERS,328803.02456568833,4153191.765117357,HMC,281.3017387390137
761.062,000-0000-0124,OTHERS,328735.3307336749,4153203.584871739,HMC,269.37170791625977
761.062,000-0000-0133,OTHERS,328748.55821355357,4153169.792784576,HMC,298.19000244140625
761.062,000-0000-0134,OTHERS,328730.8812417776,4153214.283964487,HMC,293.5426096916199
761.062,000-0000-0094,OTHERS,328724.86750427977,4153227.9776499425,HMC,283.7889575958252
761.062,000-0000-0051,OTHERS,328728.9487183503,4153219.863209589,HMC,298.19000244140625
761.062,000-0000-0136,OTHERS,328731.16237481905,4153260.642480156,HMC,257.7554473876953
761.062,000-0000-0141,OTHERS,328714.9081596227,4153254.673367856,HMC,298.19000244140625
761.062,000-0000-0142,OTHERS,328733.57722700166,4153195.735837713,HMC,298.19000244140625
761.062,000-0000-0044,OTHERS,328807.3418761841,4153181.1659996784,HMC,290.9280686378479
761.062,000-0000-0084,OTHERS,328768.03039916226,4153180.9974630615,HMC,298.19000244140625
761.062,000-0000-0126,OTHERS,328746.89217829215,4153174.4061266724,HMC,298.19000244140625
761.062,000-0000-0021,OTHERS,328751.7004489002,4153162.577662888,HMC,298.19000244140625
761.062,000-0000-0059,OTHERS,328757.6841180334,4153192.477362688,HMC,328.4684009552002
761.062,000-0000-0091,OTHERS,328802.8374913659,4153187.5626614303,HMC,298.19000244140625
761.062,000-0000-0093,OTHERS,328721.4964949597,4153197.181155535,HMC,256.12967681884766
761.062,000-0000-0067,OTHERS,328752.6000397305,4153241.0323237386,HMC,285.48622608184814
761.062,000-0000-0208,OTHERS,328804.8339556508,4153186.2111152303,HMC,326.43482398986816
761.062,000-0000-0251,OTHERS,328729.35848951415,4153195.407697335,HMC,292.8345317840576
761.062,000-0000-0268,OTHERS,328752.6683632905,4153159.2059977045,HMC,298.19000244140625
761.062,000-0000-0297,OTHERS,328752.6000397305,4153241.0323237386,HMC,285.48622608184814
761.062,000-0000-0302,OTHERS,328826.1143413295,4153242.9537302614,HMC,293.83854389190674
761.062,000-0000-0334,OTHERS,328735.87719552213,4153205.2076625484,HMC,298.19000244140625
761.062,000-0000-0350,OTHERS,328800.8950364601,4153198.6948917857,HMC,298.19000244140625
761.062,000-0000-0361,OTHERS,328786.89512728294,4153261.0958192423,HMC,290.8603310585022
761.062,000-0000-0390,OTHERS,328737.2562540701,4153168.7549970425,HMC,291.18183517456055
761.062,000-0000-0398,OTHERS,328732.33850503876,4153229.5854602116,HMC,298.19000244140625
761.162,000-0000-0000,AV,328752.2394353614,4153210.8476257646,HMC,298.71002197265625
761.162,000-0000-0159,AGENT,328741.07782275305,4153220.9079452963,HMC,298.71002197265625
761.162,000-0000-0039,OTHERS,328742.28585086676,4153226.911446532,HMC,292.75719118118286
761.162,000-0000-0092,OTHERS,328756.8025334441,4153209.6478345455,HMC,292.60833168029785
761.162,000-0000-0033,OTHERS,328735.6935837961,4153234.1415730924,HMC,292.1379704475403
761.162,000-0000-0013,OTHERS,328754.5679257408,4153199.7470386396,HMC,293.9653639793396
761.162,000-0000-0075,OTHERS,328739.20185430435,4153225.879079522,HMC,292.74445962905884
761.162,000-0000-0149,OTHERS,328736.6736357021,4153222.9707711046,HMC,292.4951505661011
761.162,000-0000-0117,OTHERS,328732.1977151654,4153240.885788788,HMC,298.71002197265625
761.162,000-0000-0138,OTHERS,328734.8851047978,4153245.23900856,HMC,298.43002197146416
761.162,000-0000-0011,OTHERS,328761.53424792347,4153198.498337956,HMC,293.76362228393555
761.162,000-0000-0055,OTHERS,328758.22683268005,4153199.3638553773,HMC,290.21471214294434
761.162,000-0000-0086,OTHERS,328750.6018165558,4153237.292389094,HMC,325.48133659362793
761.162,000-0000-0130,OTHERS,328756.4254719555,4153227.398420619,HMC,321.6407718658447
761.162,000-0000-0006,OTHERS,328745.5475008295,4153211.3838349036,HMC,295.4019892215729
761.162,000-0000-0109,OTHERS,328750.952543283,4153223.505351846,HMC,299.486483335495
761.162,000-0000-0003,OTHERS,328749.60148578236,4153201.7827270273,HMC,298.71002197265625
761.162,000-0000-0009,OTHERS,328753.77430111164,4153193.2025954323,HMC,295.0522623062134
761.162,000-0000-0030,OTHERS,328737.53572597826,4153216.6835896615,HMC,293.89255809783936
761.162,000-0000-0007,OTHERS,328763.11837006995,4153187.1591066755,HMC,274.18230628967285
761.162,000-0000-0037,OTHERS,328734.4111389273,4153193.427839663,HMC,273.47964096069336
761.162,000-0000-0083,OTHERS,328742.656204054,4153185.6534904223,HMC,288.7571849822998
761.162,000-0000-0073,OTHERS,328755.09537873516,4153154.5595018766,HMC,298.71002197265625
761.162,000-0000-0076,OTHERS,328739.50758812175,4153191.419665791,HMC,302.59458470344543
761.162,000-0000-0079,OTHERS,328756.17584817554,4153178.6871953295,HMC,294.4344153404236
761.162,000-0000-0097,OTHERS,328767.1550029292,4153172.0105550378,HMC,283.8114709854126
761.162,000-0000-0111,OTHERS,328748.061787729,4153172.5423413794,HMC,298.71002197265625
761.162,000-0000-0016,OTHERS,328725.1696839046,4153205.6846382925,HMC,290.8736515045166
761.162,000-0000-0108,OTHERS,328794.88567856076,4153208.4339720206,HMC,298.71002197265625
761.162,000-0000-0062,OTHERS,328811.09155918634,4153168.62817363,HMC,296.2267265319824
761.162,000-0000-0087,OTHERS,328784.552382726,4153233.566840713,HMC,298.71002197265625
761.162,000-0000-0064,OTHERS,328733.62109010643,4153197.0017238315,HMC,298.71002197265625
761.162,000-0000-0065,OTHERS,328756.00129256607,4153229.5210425183,HMC,334.9677429199219
761.162,000-0000-0041,OTHERS,328750.2651461547,4153192.879723512,HMC,300.17562329769135
761.162,000-0000-0024,OTHERS,328760.1066547162,4153212.4159421218,HMC,298.71002197265625
761.162,000-0000-0100,OTHERS,328756.9436929181,4153185.7949823895,HMC,298.71002197265625
761.162,000-0000-0104,OTHERS,328721.0089540694,4153215.723434375,HMC,298.71002197265625
761.162,000-0000-0025,OTHERS,328803.54586110776,4153191.754752289,HMC,154.9815216064453
761.162,000-0000-0124,OTHERS,328735.25749194674,4153203.2324472736,HMC,291.1555280685425
761.162,000-0000-0133,OTHERS,328748.9571580189,4153169.7682031495,HMC,298.71002197265625
761.162,000-0000-0134,OTHERS,328730.8927184857,4153213.8714200985,HMC,293.96707010269165
761.162,000-0000-0094,OTHERS,328724.7427255064,4153227.7359329453,HMC,282.9269428253174
761.162,000-0000-0051,OTHERS,328728.7827419298,4153219.632204178,HMC,298.71002197265625
761.162,000-0000-0136,OTHERS,328730.0978473334,4153259.7546454254,HMC,302.34721326828003
761.162,000-0000-0141,OTHERS,328714.4005714359,4153254.5117029445,HMC,298.71002197265625
761.162,000-0000-0142,OTHERS,328733.89874656644,4153195.4612369114,HMC,298.71002197265625
761.162,000-0000-0044,OTHERS,328806.56181633,4153181.817813395,HMC,319.6567096710205
761.162,000-0000-0084,OTHERS,328768.38654344337,4153181.0440938026,HMC,298.71002197265625
761.162,000-0000-0126,OTHERS,328747.20140042546,4153174.410448106,HMC,298.71002197265625
761.162,000-0000-0021,OTHERS,328752.1356416564,4153162.6790878647,HMC,298.71002197265625
761.162,000-0000-0059,OTHERS,328757.9522952913,4153192.8453403995,HMC,298.71002197265625
761.162,000-0000-0091,OTHERS,328802.85349810467,4153188.6109518916,HMC,298.71002197265625
761.162,000-0000-0093,OTHERS,328721.165372483,4153196.8136400934,HMC,339.8229866027832
761.162,000-0000-0067,OTHERS,328752.30965755886,4153239.5276362216,HMC,309.2741746902466
761.162,000-0000-0101,OTHERS,328765.1984200481,4153241.831972584,HMC,111.71002197265625
761.162,000-0000-0208,OTHERS,328805.6788848436,4153186.809633757,HMC,270.83801078796387
761.162,000-0000-0251,OTHERS,328730.7952400824,4153191.835072219,HMC,298.71002197265625
761.162,000-0000-0268,OTHERS,328753.8044446228,4153160.9882915705,HMC,251.8528594970703
761.162,000-0000-0297,OTHERS,328752.30965755886,4153239.5276362216,HMC,309.2741746902466
761.162,000-0000-0302,OTHERS,328824.6512486099,4153243.148018635,HMC,300.11571860313416
761.162,000-0000-0331,OTHERS,328816.95267256844,4153227.492811931,HMC,210.99381256103516
761.162,000-0000-0334,OTHERS,328736.0146346294,4153204.8465717086,HMC,298.71002197265625
761.162,000-0000-0350,OTHERS,328800.7770673696,4153197.5571156587,HMC,298.71002197265625
761.162,000-0000-0390,OTHERS,328737.68559025804,4153168.794597169,HMC,292.31276988983154
761.162,000-0000-0398,OTHERS,328732.5825589717,4153229.278833733,HMC,270.0043830871582
761.2620000000001,000-0000-0000,AV,328752.4889496841,4153210.3895796295,HMC,299.3900146484375
761.2620000000001,000-0000-0159,AGENT,328741.01597571874,4153220.547059866,HMC,299.3900146484375
761.2620000000001,000-0000-0039,OTHERS,328742.2516812046,4153226.237245179,HMC,294.00210094451904
761.2620000000001,000-0000-0092,OTHERS,328756.97450994654,4153209.3505943036,HMC,293.5119934082031
761.2620000000001,000-0000-0033,OTHERS,328735.72695958393,4153232.9329359992,HMC,299.3900146484375
761.2620000000001,000-0000-0013,OTHERS,328754.8156022998,4153199.565156556,HMC,293.1339020729065
761.2620000000001,000-0000-0075,OTHERS,328739.1310889489,4153225.52758346,HMC,292.9818682670593
761.2620000000001,000-0000-0149,OTHERS,328736.7901477163,4153222.2663470227,HMC,292.05744075775146
761.2620000000001,000-0000-0117,OTHERS,328732.0319722868,4153240.3181480984,HMC,299.3900146484375
761.2620000000001,000-0000-0138,OTHERS,328734.67060878704,4153244.3682731097,HMC,298.57001465559006
761.2620000000001,000-0000-0011,OTHERS,328761.75946291286,4153198.395709893,HMC,294.4853353500366
761.2620000000001,000-0000-0055,OTHERS,328758.5662075177,4153199.057180927,HMC,287.93178939819336
761.2620000000001,000-0000-0086,OTHERS,328750.26095162384,4153235.867383901,HMC,66.80347442626953
761.2620000000001,000-0000-0130,OTHERS,328757.13534161873,4153227.573586451,HMC,282.4316215515137
761.2620000000001,000-0000-0006,OTHERS,328745.62436093006,4153211.1057803435,HMC,297.3018002510071
761.2620000000001,000-0000-0109,OTHERS,328751.1869644628,4153222.781790912,HMC,301.38097524642944
761.2620000000001,000-0000-0003,OTHERS,328749.8261908272,4153201.5962330177,HMC,298.55534291267395
761.2620000000001,000-0000-0009,OTHERS,328754.13402123796,4153193.075816378,HMC,294.56254625320435
761.2620000000001,000-0000-0030,OTHERS,328737.7031022125,4153215.9362541935,HMC,294.4137239456177
761.2620000000001,000-0000-0007,OTHERS,328763.7239589652,4153187.077862178,HMC,256.42213439941406
761.2620000000001,000-0000-0037,OTHERS,328734.63027506275,4153192.870106415,HMC,299.3900146484375
761.2620000000001,000-0000-0083,OTHERS,328742.4883764677,4153186.244780795,HMC,291.26734733581543
761.2620000000001,000-0000-0073,OTHERS,328755.89839089615,4153154.4379755165,HMC,299.3900146484375
761.2620000000001,000-0000-0076,OTHERS,328740.6256933289,4153190.790263938,HMC,295.26987648010254
761.2620000000001,000-0000-0079,OTHERS,328756.63843946566,4153178.5791846234,HMC,294.36616706848145
761.2620000000001,000-0000-0097,OTHERS,328767.5731100004,4153172.088773751,HMC,299.3900146484375
761.2620000000001,000-0000-0111,OTHERS,328748.6195187625,4153172.3789442666,HMC,299.3900146484375
761.2620000000001,000-0000-0016,OTHERS,328725.75930207764,4153204.0189445377,HMC,293.13920640945435
761.2620000000001,000-0000-0108,OTHERS,328795.1145335965,4153209.1532281674,HMC,279.9389820098877
761.2620000000001,000-0000-0062,OTHERS,328810.6238258287,4153171.5682892273,HMC,292.2461585998535
761.2620000000001,000-0000-0087,OTHERS,328784.5046068648,4153233.9219227256,HMC,297.4460084438324
761.2620000000001,000-0000-0064,OTHERS,328733.90236050764,4153196.5875229724,HMC,299.3900146484375
761.2620000000001,000-0000-0065,OTHERS,328755.39992800466,4153230.2670297488,HMC,305.30309009552
761.2620000000001,000-0000-0041,OTHERS,328750.6619676192,4153192.5125708207,HMC,299.3900146484375
761.2620000000001,000-0000-0024,OTHERS,328760.3824555282,4153212.0642113336,HMC,299.3900146484375
761.2620000000001,000-0000-0100,OTHERS,328757.2789129253,4153185.6331111556,HMC,295.5849983692169
761.2620000000001,000-0000-0104,OTHERS,328721.1180491928,4153215.112865116,HMC,299.3900146484375
761.2620000000001,000-0000-0025,OTHERS,328803.27607518685,4153192.5309353904,HMC,320.57396697998047
761.2620000000001,000-0000-0124,OTHERS,328735.6287470946,4153202.9702551696,HMC,299.3900146484375
761.2620000000001,000-0000-0133,OTHERS,328749.62036252144,4153169.5646133283,HMC,299.3900146484375
761.2620000000001,000-0000-0134,OTHERS,328730.7809394383,4153213.3633144544,HMC,293.5813055038452
761.2620000000001,000-0000-0094,OTHERS,328724.4673606262,4153227.179519897,HMC,290.8287658691406
761.2620000000001,000-0000-0121,OTHERS,328733.0818598246,4153240.620275083,HMC,299.3900146484375
761.2620000000001,000-0000-0051,OTHERS,328728.8331591473,4153219.3589963606,HMC,272.747278213501
761.2620000000001,000-0000-0136,OTHERS,328729.70087216346,4153259.606925038,HMC,297.8697746992111
761.2620000000001,000-0000-0142,OTHERS,328734.1828959492,4153194.928348345,HMC,299.3900146484375
761.2620000000001,000-0000-0044,OTHERS,328808.04349079967,4153181.839985104,HMC,297.8142431974411
761.2620000000001,000-0000-0084,OTHERS,328768.9988121757,4153180.7634852505,HMC,299.3900146484375
761.2620000000001,000-0000-0126,OTHERS,328747.7940471054,4153174.1779126828,HMC,299.3900146484375
761.2620000000001,000-0000-0021,OTHERS,328752.79654332175,4153162.519717544,HMC,299.3900146484375
761.2620000000001,000-0000-0059,OTHERS,328758.2152361857,4153192.7047841107,HMC,299.3900146484375
761.2620000000001,000-0000-0091,OTHERS,328803.538166983,4153188.5453574667,HMC,288.98039150238037
761.2620000000001,000-0000-0093,OTHERS,328722.55635259487,4153196.1396416854,HMC,299.3900146484375
761.2620000000001,000-0000-0067,OTHERS,328752.2490348893,4153239.3539807405,HMC,299.3900146484375
761.2620000000001,000-0000-0022,OTHERS,328774.7598389893,4153152.4105293625,HMC,292.5368790626526
761.2620000000001,000-0000-0082,OTHERS,328756.09483882453,4153158.5802397053,HMC,293.4661831855774
761.2620000000001,000-0000-0101,OTHERS,328764.1794209952,4153243.4288793374,HMC,112.3900146484375
761.2620000000001,000-0000-0208,OTHERS,328804.9393994341,4153187.13606062,HMC,335.9360580444336
761.2620000000001,000-0000-0251,OTHERS,328730.61792580073,4153192.937703697,HMC,292.8434543609619
761.2620000000001,000-0000-0268,OTHERS,328754.48627853167,4153158.7859150735,HMC,277.8509979248047
761.2620000000001,000-0000-0297,OTHERS,328752.2490348893,4153239.3539807405,HMC,299.3900146484375
761.2620000000001,000-0000-0302,OTHERS,328824.3956113527,4153243.832442959,HMC,294.0651021003723
761.2620000000001,000-0000-0331,OTHERS,328817.92783786403,4153227.2150382227,HMC,215.3885269165039
761.2620000000001,000-0000-0334,OTHERS,328736.1075671981,4153204.6396687343,HMC,299.3900146484375
761.2620000000001,000-0000-0350,OTHERS,328800.95520461886,4153197.923792692,HMC,299.3900146484375
761.2620000000001,000-0000-0375,OTHERS,328731.04294229305,4153197.4752808535,HMC,299.3900146484375
761.2620000000001,000-0000-0388,OTHERS,328801.8621579675,4153222.003362238,HMC,320.7650375366211
761.2620000000001,000-0000-0390,OTHERS,328738.0860720839,4153168.7196851214,HMC,293.2208390235901
761.2620000000001,000-0000-0398,OTHERS,328731.8159466371,4153229.3955811784,HMC,309.5942087173462
761.3720000000001,000-0000-0000,AV,328752.4889496841,4153210.3895796295,HMC,299.3900146484375
761.3720000000001,000-0000-0159,AGENT,328740.8217222167,4153220.921618889,HMC,299.3900146484375
761.3720000000001,000-0000-0039,OTHERS,328742.3790716209,4153226.119562053,HMC,291.06301403045654
761.3720000000001,000-0000-0092,OTHERS,328756.86242386105,4153209.558597958,HMC,293.4049959182739
761.3720000000001,000-0000-0033,OTHERS,328735.5189222382,4153233.494258985,HMC,299.3900146484375
761.3720000000001,000-0000-0013,OTHERS,328754.4701254175,4153199.9837466865,HMC,299.3900146484375
761.3720000000001,000-0000-0075,OTHERS,328738.94938766223,4153225.782728155,HMC,292.5055956840515
761.3720000000001,000-0000-0149,OTHERS,328736.83439146215,4153222.016050748,HMC,290.5291118621826
761.3720000000001,000-0000-0117,OTHERS,328731.45878865133,4153242.314358646,HMC,289.20038414001465
761.3720000000001,000-0000-0138,OTHERS,328734.65709049493,4153244.1885049976,HMC,297.6900146007538
761.3720000000001,000-0000-0011,OTHERS,328761.601812777,4153198.8844962106,HMC,295.27257776260376
761.3720000000001,000-0000-0055,OTHERS,328758.39593159646,4153199.1252884055,HMC,293.6258602142334
761.3720000000001,000-0000-0086,OTHERS,328751.0162483101,4153237.47243072,HMC,256.69444274902344
761.3720000000001,000-0000-0130,OTHERS,328757.50173446536,4153226.897901558,HMC,287.81583976745605
761.3720000000001,000-0000-0006,OTHERS,328745.56175691955,4153211.601854236,HMC,295.27628993988037
761.3720000000001,000-0000-0109,OTHERS,328751.39144396,4153222.625602129,HMC,300.6412582397461
761.3720000000001,000-0000-0003,OTHERS,328749.52783747844,4153201.972314757,HMC,301.76927042007446
761.3720000000001,000-0000-0009,OTHERS,328753.9122058665,4153193.4267112995,HMC,294.4137272834778
761.3720000000001,000-0000-0030,OTHERS,328737.6416804179,4153215.7572777695,HMC,294.6809272766113
761.3720000000001,000-0000-0007,OTHERS,328762.7707228028,4153187.447716417,HMC,310.87214183807373
761.3720000000001,000-0000-0037,OTHERS,328734.99009065,4153193.0289510954,HMC,299.3900146484375
761.3720000000001,000-0000-0083,OTHERS,328742.209239188,4153186.4628383857,HMC,292.69036769866943
761.3720000000001,000-0000-0073,OTHERS,328755.67525959446,4153154.7210315973,HMC,299.3900146484375
761.3720000000001,000-0000-0076,OTHERS,328740.3625592051,4153190.2241354208,HMC,310.92864418029785
761.3720000000001,000-0000-0079,OTHERS,328756.4201458336,4153178.9871908706,HMC,294.68485021591187
761.3720000000001,000-0000-0097,OTHERS,328767.69039609254,4153172.511116535,HMC,259.22836685180664
761.3720000000001,000-0000-0111,OTHERS,328748.269821192,4153172.6571342056,HMC,299.3900146484375
761.3720000000001,000-0000-0016,OTHERS,328725.2902735859,4153204.7192321816,HMC,294.141637802124
761.3720000000001,000-0000-0108,OTHERS,328794.701567493,4153209.38220156,HMC,299.3900146484375
761.3720000000001,000-0000-0062,OTHERS,328810.24820417113,4153172.753644564,HMC,293.49524688720703
761.3720000000001,000-0000-0087,OTHERS,328784.3306990577,4153233.87495389,HMC,299.3900146484375
761.3720000000001,000-0000-0064,OTHERS,328733.69408903114,4153196.9595773867,HMC,299.3900146484375
761.3720000000001,000-0000-0065,OTHERS,328755.710782652,4153229.7273500576,HMC,331.1869087219238
761.3720000000001,000-0000-0041,OTHERS,328750.51852151606,4153192.780977827,HMC,297.4757207632065
761.3720000000001,000-0000-0024,OTHERS,328760.34143186687,4153212.02308483,HMC,301.2212529182434
761.3720000000001,000-0000-0100,OTHERS,328757.08751217695,4153186.0216485835,HMC,296.0405261516571
761.3720000000001,000-0000-0104,OTHERS,328720.876730264,4153215.556364533,HMC,299.3900146484375
761.3720000000001,000-0000-0025,OTHERS,328803.608144743,4153192.753810435,HMC,161.77517700195312
761.3720000000001,000-0000-0124,OTHERS,328735.30704642157,4153203.5471706404,HMC,299.3900146484375
761.3720000000001,000-0000-0133,OTHERS,328749.35758288484,4153170.0224562013,HMC,299.3900146484375
761.3720000000001,000-0000-0134,OTHERS,328730.45143198257,4153214.0261087846,HMC,294.0211110115051
761.3720000000001,000-0000-0094,OTHERS,328724.38727883354,4153227.529375855,HMC,285.93180561065674
761.3720000000001,000-0000-0121,OTHERS,328732.8642889153,4153240.9290149645,HMC,299.3900146484375
761.3720000000001,000-0000-0051,OTHERS,328728.41611528455,4153219.5575213525,HMC,299.3900146484375
761.3720000000001,000-0000-0136,OTHERS,328729.87780694803,4153258.07077927,HMC,315.401309967041
761.3720000000001,000-0000-0142,OTHERS,328733.86796668754,4153195.237780305,HMC,299.3900146484375
761.3720000000001,000-0000-0044,OTHERS,328807.67976731056,4153183.3239652677,HMC,287.84375
761.3720000000001,000-0000-0084,OTHERS,328768.3772322561,4153181.8272633534,HMC,299.3900146484375
761.3720000000001,000-0000-0126,OTHERS,328747.58320102055,4153174.486826084,HMC,299.3900146484375
761.3720000000001,000-0000-0021,OTHERS,328752.61566547793,4153162.811888139,HMC,299.3900146484375
761.3720000000001,000-0000-0059,OTHERS,328758.0725213742,4153192.94571078,HMC,299.3900146484375
761.3720000000001,000-0000-0063,OTHERS,328795.04998360894,4153187.747948064,HMC,287.7737035751343
761.3720000000001,000-0000-0091,OTHERS,328802.7298373482,4153189.8538713013,HMC,299.3900146484375
761.3720000000001,000-0000-0093,OTHERS,328722.1760393493,4153196.694216737,HMC,299.3900146484375
761.3720000000001,000-0000-0067,OTHERS,328753.8912052871,4153238.5839520004,HMC,299.3900146484375
761.3720000000001,000-0000-0022,OTHERS,328774.90114036144,4153152.584391302,HMC,299.3900146484375
761.3720000000001,000-0000-0082,OTHERS,328755.82836502,4153159.103600825,HMC,299.3900146484375
761.3720000000001,000-0000-0038,OTHERS,328764.34509473084,4153178.3454570333,HMC,328.95671463012695
761.3720000000001,000-0000-0101,OTHERS,328764.1395576097,4153242.8900629887,HMC,280.94616317749023
761.3720000000001,000-0000-0208,OTHERS,328804.6849117526,4153187.6586467456,HMC,340.8327445983887
761.3720000000001,000-0000-0268,OTHERS,328755.0789653899,4153156.1937525054,HMC,299.3900146484375
761.3720000000001,000-0000-0297,OTHERS,328753.8912052871,4153238.5839520004,HMC,299.3900146484375
761.3720000000001,000-0000-0302,OTHERS,328825.0825753261,4153245.134677021,HMC,295.6238272190094
761.3720000000001,000-0000-0331,OTHERS,328816.6454731641,4153227.7369261044,HMC,217.0913848876953
761.3720000000001,000-0000-0334,OTHERS,328735.8932793238,4153205.097380983,HMC,299.3900146484375
761.3720000000001,000-0000-0350,OTHERS,328799.8426837999,4153199.215089427,HMC,299.3900146484375
761.3720000000001,000-0000-0361,OTHERS,328784.8751404002,4153261.6854179134,HMC,295.6920096874237
761.3720000000001,000-0000-0390,OTHERS,328737.79191141884,4153169.253795306,HMC,293.5969944000244
761.3720000000001,000-0000-0398,OTHERS,328731.6550272292,4153229.8556901095,HMC,299.3900146484375
761.472,000-0000-0000,AV,328752.73459689395,4153209.936978472,HMC,300.3900146484375
761.472,000-0000-0159,AGENT,328740.93149501993,4153220.728094503,HMC,293.57837867736816
761.472,000-0000-0039,OTHERS,328742.34619482857,4153225.2531995177,HMC,293.4378809928894
761.472,000-0000-0092,OTHERS,328756.9425842809,4153209.420888869,HMC,295.722421169281
761.472,000-0000-0033,OTHERS,328735.24113806133,4153233.139796422,HMC,300.3900146484375
761.472,000-0000-0013,OTHERS,328754.78000719595,4153199.9559133076,HMC,297.5538945198059
761.472,000-0000-0075,OTHERS,328738.6491222368,4153225.6372987097,HMC,294.4267768859863
761.472,000-0000-0149,OTHERS,328736.7254697991,4153221.0033653774,HMC,298.58559942245483
761.472,000-0000-0117,OTHERS,328730.7703277809,4153241.3487658477,HMC,300.3900146484375
761.472,000-0000-0138,OTHERS,328734.34833423735,4153243.264861505,HMC,298.47001469135284
761.472,000-0000-0011,OTHERS,328761.7431114,4153198.978126142,HMC,296.2795934677124
761.472,000-0000-0055,OTHERS,328758.70994922135,4153199.011769105,HMC,294.2451992034912
761.472,000-0000-0086,OTHERS,328749.073980548,4153239.555403174,HMC,295.83125162124634
761.472,000-0000-0130,OTHERS,328755.832826692,4153227.538840445,HMC,328.7979545593262
761.472,000-0000-0006,OTHERS,328745.3953577772,4153211.3826598697,HMC,296.43517088890076
761.472,000-0000-0109,OTHERS,328751.49952832976,4153221.864397028,HMC,302.2977820634842
761.472,000-0000-0003,OTHERS,328749.7271009061,4153201.938697366,HMC,300.3900146484375
761.472,000-0000-0009,OTHERS,328754.1555852689,4153193.465222535,HMC,297.3517806529999
761.472,000-0000-0030,OTHERS,328737.96972927457,4153214.8509237515,HMC,294.1662263870239
761.472,000-0000-0007,OTHERS,328763.5473052507,4153187.5864065364,HMC,300.3900146484375
761.472,000-0000-0037,OTHERS,328734.68292173784,4153192.878172647,HMC,300.3900146484375
761.472,000-0000-0083,OTHERS,328742.3210891713,4153186.051432129,HMC,299.8445749282837
761.472,000-0000-0076,OTHERS,328739.48304410884,4153192.527448928,HMC,300.3900146484375
761.472,000-0000-0079,OTHERS,328757.01718426286,4153179.0169238155,HMC,294.9947900772095
761.472,000-0000-0097,OTHERS,328768.2682557563,4153172.4980710666,HMC,300.3900146484375
761.472,000-0000-0111,OTHERS,328748.9515814496,4153172.583910835,HMC,300.3900146484375
761.472,000-0000-0016,OTHERS,328725.49817716214,4153204.104646893,HMC,294.47913455963135
761.472,000-0000-0108,OTHERS,328794.5225565063,4153210.616453347,HMC,300.3900146484375
761.472,000-0000-0062,OTHERS,328810.49687752157,4153174.764306278,HMC,291.13716983795166
761.472,000-0000-0064,OTHERS,328733.9216954472,4153196.4436700987,HMC,300.3900146484375
761.472,000-0000-0065,OTHERS,328756.59107063984,4153229.302964987,HMC,300.3900146484375
761.472,000-0000-0041,OTHERS,328750.9397428507,4153192.5397492927,HMC,300.3900146484375
761.472,000-0000-0024,OTHERS,328760.97105566977,4153211.1415957306,HMC,302.44166374206543
761.472,000-0000-0100,OTHERS,328757.43994871766,4153186.100476063,HMC,299.10048973560333
761.472,000-0000-0025,OTHERS,328803.7251961604,4153193.720070255,HMC,300.3900146484375
761.472,000-0000-0124,OTHERS,328735.2672919087,4153202.893903871,HMC,306.9314937591553
761.472,000-0000-0133,OTHERS,328750.0902665457,4153169.8446046887,HMC,300.3900146484375
761.472,000-0000-0134,OTHERS,328730.3446982296,4153213.4457774526,HMC,295.2637367248535
761.472,000-0000-0094,OTHERS,328724.0700123535,4153227.10717645,HMC,288.09111881256104
761.472,000-0000-0051,OTHERS,328728.36511585873,4153219.1112244977,HMC,300.3900146484375
761.472,000-0000-0136,OTHERS,328730.7698408996,4153256.9602126465,HMC,257.42314529418945
761.472,000-0000-0142,OTHERS,328734.1899887487,4153194.8183171004,HMC,300.3900146484375
761.472,000-0000-0044,OTHERS,328808.2437294284,4153182.7530078664,HMC,264.25191497802734
761.472,000-0000-0084,OTHERS,328769.30937249796,4153181.435928212,HMC,300.3900146484375
761.472,000-0000-0126,OTHERS,328748.1437215761,4153174.4677915606,HMC,300.3900146484375
761.472,000-0000-0021,OTHERS,328753.2504491825,4153162.9266020353,HMC,300.3900146484375
761.472,000-0000-0059,OTHERS,328758.2174735775,4153192.9983101133,HMC,312.2616128921509
761.472,000-0000-0063,OTHERS,328795.17478381225,4153189.5317263836,HMC,288.7637872695923
761.472,000-0000-0091,OTHERS,328803.089647407,4153191.1115284534,HMC,300.3900146484375
761.472,000-0000-0022,OTHERS,328775.73876806727,4153153.1146249105,HMC,293.9828824996948
761.472,000-0000-0082,OTHERS,328756.83466695325,4153159.0769083686,HMC,312.76366996765137
761.472,000-0000-0038,OTHERS,328765.04854520824,4153178.637006598,HMC,300.3900146484375
761.472,000-0000-0027,OTHERS,328732.8855126529,4153220.8482426708,HMC,297.41726446151733
761.472,000-0000-0101,OTHERS,328763.35328838247,4153243.7670372273,HMC,295.46790075302124
761.472,000-0000-0208,OTHERS,328805.6683182691,4153188.1916756127,HMC,300.3900146484375
761.472,000-0000-0268,OTHERS,328756.60819221823,4153154.8783101668,HMC,300.3900146484375
761.472,000-0000-0298,OTHERS,328699.3581078523,4153256.044009516,HMC,300.3900146484375
761.472,000-0000-0302,OTHERS,328824.3808836718,4153246.2810735498,HMC,296.73391032218933
761.472,000-0000-0325,OTHERS,328789.13335171394,4153251.291150047,HMC,291.5336971282959
761.472,000-0000-0331,OTHERS,328816.83015514346,4153228.7965746694,HMC,216.10574340820312
761.472,000-0000-0334,OTHERS,328735.1284850424,4153206.2911754968,HMC,300.3900146484375
761.472,000-0000-0350,OTHERS,328800.95997132023,4153199.195195523,HMC,300.3900146484375
761.472,000-0000-0390,OTHERS,328737.90081455826,4153168.6302468996,HMC,298.2884681224823
761.472,000-0000-0398,OTHERS,328731.50851231976,4153228.8211620306,HMC,300.3900146484375
761.562,000-0000-0000,AV,328752.9714773565,4153209.4880731157,HMC,299.69000244140625
761.562,000-0000-0159,AGENT,328741.05482830515,4153220.722245334,HMC,294.1156897544861
761.562,000-0000-0039,OTHERS,328743.0140368517,4153224.8295716364,HMC,291.31635665893555
761.562,000-0000-0092,OTHERS,328757.0790426078,4153209.030301206,HMC,294.90739393234253
761.562,000-0000-0033,OTHERS,328733.81288236415,4153233.904067597,HMC,303.680002450943
761.562,000-0000-0013,OTHERS,328754.7279159603,4153199.7429937087,HMC,296.22299885749817
761.562,000-0000-0075,OTHERS,328738.9764828738,4153225.5051428615,HMC,293.01651668548584
761.562,000-0000-0149,OTHERS,328737.0689962792,4153220.5817076447,HMC,298.4071835279465
761.562,000-0000-0117,OTHERS,328731.34243501426,4153241.0472082966,HMC,299.69000244140625
761.562,000-0000-0138,OTHERS,328735.02461981797,4153242.8830266283,HMC,298.46000242233276
761.562,000-0000-0011,OTHERS,328761.6975433525,4153198.678642251,HMC,295.1848101615906
761.562,000-0000-0055,OTHERS,328758.8000397078,4153198.670281275,HMC,290.43896102905273
761.562,000-0000-0086,OTHERS,328749.67497105495,4153239.45101272,HMC,298.2246366739273
761.562,000-0000-0130,OTHERS,328757.46875242324,4153226.6953645973,HMC,294.7363648414612
761.562,000-0000-0006,OTHERS,328745.63110746257,4153211.34097577,HMC,295.3761672973633
761.562,000-0000-0109,OTHERS,328751.95911168173,4153221.283693283,HMC,302.9269530773163
761.562,000-0000-0003,OTHERS,328749.7013983889,4153201.789479182,HMC,298.5261939764023
761.562,000-0000-0009,OTHERS,328754.0148731683,4153193.268340912,HMC,297.7718540430069
761.562,000-0000-0030,OTHERS,328738.2681210652,4153214.5042766244,HMC,294.2753281593323
761.562,000-0000-0007,OTHERS,328763.5695185441,4153187.268083518,HMC,273.98617935180664
761.562,000-0000-0037,OTHERS,328734.68751203886,4153192.6804078645,HMC,299.69000244140625
761.562,000-0000-0083,OTHERS,328741.9693718097,4153186.747686674,HMC,297.7100751399994
761.562,000-0000-0076,OTHERS,328740.11198213714,4153191.7507592584,HMC,296.8739449977875
761.562,000-0000-0079,OTHERS,328756.7423198539,4153178.8138046907,HMC,292.9134855270386
761.562,000-0000-0097,OTHERS,328768.1392831143,4153172.046383216,HMC,286.1414976119995
761.562,000-0000-0111,OTHERS,328748.6166242856,4153172.4618116138,HMC,299.69000244140625
761.562,000-0000-0016,OTHERS,328725.4528889773,4153204.4822083707,HMC,292.7989168167114
761.562,000-0000-0108,OTHERS,328794.92003456596,4153210.2044654214,HMC,268.1509761810303
761.562,000-0000-0062,OTHERS,328810.94761729724,4153172.67319094,HMC,278.435396194458
761.562,000-0000-0064,OTHERS,328733.8894360539,4153196.401415042,HMC,299.69000244140625
761.562,000-0000-0065,OTHERS,328756.7845417466,4153229.4368877215,HMC,269.5875473022461
761.562,000-0000-0041,OTHERS,328750.88713955483,4153192.263221637,HMC,299.69000244140625
761.562,000-0000-0024,OTHERS,328761.38208735205,4153210.3722541747,HMC,301.81836462020874
761.562,000-0000-0100,OTHERS,328757.52039371943,4153185.7826716714,HMC,291.19115447998047
761.562,000-0000-0025,OTHERS,328803.71555349993,4153192.7041705344,HMC,155.525146484375
761.562,000-0000-0124,OTHERS,328735.51681993745,4153203.0024617463,HMC,267.38901138305664
761.562,000-0000-0133,OTHERS,328749.70419071947,4153169.708139983,HMC,299.69000244140625
761.562,000-0000-0134,OTHERS,328730.507720772,4153213.6757027814,HMC,294.332727432251
761.562,000-0000-0094,OTHERS,328724.16244238644,4153227.220904725,HMC,289.2384157180786
761.562,000-0000-0051,OTHERS,328729.03128953,4153219.042253445,HMC,163.2035369873047
761.562,000-0000-0136,OTHERS,328731.5301012,4153256.5486017177,HMC,264.60105895996094
761.562,000-0000-0142,OTHERS,328734.1232613054,4153194.6964643486,HMC,299.69000244140625
761.562,000-0000-0044,OTHERS,328807.5596043729,4153183.762429254,HMC,290.54498291015625
761.562,000-0000-0084,OTHERS,328768.57603444235,4153181.733292394,HMC,299.69000244140625
761.562,000-0000-0126,OTHERS,328747.81537686253,4153174.347821873,HMC,299.69000244140625
761.562,000-0000-0021,OTHERS,328752.85137278575,4153162.6997006834,HMC,299.69000244140625
761.562,000-0000-0059,OTHERS,328758.15967753157,4153192.923349084,HMC,301.29036021232605
761.562,000-0000-0063,OTHERS,328794.58620814694,4153189.6569966236,HMC,291.37078380584717
761.562,000-0000-0091,OTHERS,328803.6432600955,4153189.0970059414,HMC,299.69000244140625
761.562,000-0000-0022,OTHERS,328775.13659753645,4153152.653089624,HMC,299.69000244140625
761.562,000-0000-0082,OTHERS,328756.5556869585,4153158.916219044,HMC,299.69000244140625
761.562,000-0000-0038,OTHERS,328764.66793414915,4153178.4846874243,HMC,299.69000244140625
761.562,000-0000-0027,OTHERS,328734.08426378114,4153220.3026525727,HMC,299.69000244140625
761.562,000-0000-0005,OTHERS,328805.5897273096,4153187.6619715756,HMC,316.7392120361328
761.562,000-0000-0046,OTHERS,328748.84458845167,4153186.545819212,HMC,302.37810230255127
761.562,000-0000-0101,OTHERS,328763.8485273003,4153244.5879464657,HMC,271.3064212799072
761.562,000-0000-0208,OTHERS,328805.5897273096,4153187.6619715756,HMC,316.7392120361328
761.562,000-0000-0268,OTHERS,328756.0596808314,4153154.6338770227,HMC,299.69000244140625
761.562,000-0000-0302,OTHERS,328824.8924406237,4153244.9607270486,HMC,299.69000244140625
761.562,000-0000-0325,OTHERS,328791.39599142456,4153246.571345388,HMC,290.4576606750488
761.562,000-0000-0334,OTHERS,328735.6003582228,4153205.4063750855,HMC,299.69000244140625
761.562,000-0000-0350,OTHERS,328800.8618866102,4153198.346208568,HMC,299.69000244140625
761.562,000-0000-0388,OTHERS,328778.80709368084,4153161.0158984694,HMC,299.69000244140625
761.562,000-0000-0390,OTHERS,328738.1709795408,4153168.8503571465,HMC,293.8914198875427
761.562,000-0000-0398,OTHERS,328732.10540950525,4153228.5227426575,HMC,299.69000244140625
761.672,000-0000-0000,AV,328753.21489821596,4153209.0704848734,HMC,299.489990234375
761.672,000-0000-0159,AGENT,328741.2291879641,4153220.6713257213,HMC,293.9284029006958
761.672,000-0000-0039,OTHERS,328743.1949682207,4153223.9291797224,HMC,296.737596988678
761.672,000-0000-0092,OTHERS,328757.1955094325,4153208.8401328726,HMC,293.674654006958
761.672,000-0000-0033,OTHERS,328733.9447444745,4153233.9013869963,HMC,303.47999024391174
761.672,000-0000-0013,OTHERS,328754.7014262043,4153199.7847147477,HMC,294.5054726600647
761.672,000-0000-0075,OTHERS,328739.0830995952,4153225.461588688,HMC,292.5166211128235
761.672,000-0000-0149,OTHERS,328737.57268775254,4153220.2801087913,HMC,292.04945373535156
761.672,000-0000-0117,OTHERS,328731.93528227916,4153240.4334248644,HMC,331.16504287719727
761.672,000-0000-0138,OTHERS,328735.240958334,4153242.274249496,HMC,297.6899902820587
761.672,000-0000-0011,OTHERS,328761.73234751483,4153198.6568556842,HMC,294.5773916244507
761.672,000-0000-0055,OTHERS,328758.85460837296,4153198.2967829513,HMC,292.07925033569336
761.672,000-0000-0086,OTHERS,328749.35325032414,4153239.0164468926,HMC,340.27298736572266
761.672,000-0000-0130,OTHERS,328756.2807477806,4153227.5038617086,HMC,318.22315979003906
761.672,000-0000-0006,OTHERS,328745.55667816213,4153211.271773109,HMC,295.0535411834717
761.672,000-0000-0109,OTHERS,328752.414277206,4153220.7622940326,HMC,303.1612379550934
761.672,000-0000-0003,OTHERS,328749.7641875341,4153201.743814587,HMC,296.881719827652
761.672,000-0000-0009,OTHERS,328754.0294390161,4153193.1545141796,HMC,295.62363862991333
761.672,000-0000-0030,OTHERS,328738.49585168605,4153213.9659966812,HMC,294.65103340148926
761.672,000-0000-0007,OTHERS,328763.2263126003,4153187.341842867,HMC,297.8495149612427
761.672,000-0000-0037,OTHERS,328735.70053164614,4153192.558704279,HMC,275.99405097961426
761.672,000-0000-0083,OTHERS,328742.29740228516,4153186.2680878397,HMC,295.4923551082611
761.672,000-0000-0076,OTHERS,328740.52217339387,4153191.451018957,HMC,293.2488446235657
761.672,000-0000-0079,OTHERS,328756.6334700294,4153178.8133611795,HMC,295.1590929031372
761.672,000-0000-0097,OTHERS,328767.9413607094,4153172.169209216,HMC,268.8916015625
761.672,000-0000-0016,OTHERS,328725.30883456836,4153204.922991692,HMC,292.69416856765747
761.672,000-0000-0108,OTHERS,328794.8519496284,4153209.248971445,HMC,299.489990234375
761.672,000-0000-0062,OTHERS,328810.42765052227,4153173.5327429655,HMC,287.9766550064087
761.672,000-0000-0064,OTHERS,328733.9876216236,4153196.3132690922,HMC,299.489990234375
761.672,000-0000-0065,OTHERS,328756.2311097181,4153229.5464912825,HMC,316.58601570129395
761.672,000-0000-0041,OTHERS,328750.9838355168,4153191.9743417534,HMC,299.489990234375
761.672,000-0000-0024,OTHERS,328761.7785257191,4153209.72123662,HMC,303.22114062309265
761.672,000-0000-0100,OTHERS,328757.1903662603,4153185.757833959,HMC,299.489990234375
761.672,000-0000-0104,OTHERS,328765.071319298,4153188.7602921193,HMC,299.489990234375
761.672,000-0000-0025,OTHERS,328803.7583975693,4153192.469880992,HMC,160.24374389648438
761.672,000-0000-0124,OTHERS,328735.05591286445,4153204.7927065995,HMC,299.489990234375
761.672,000-0000-0134,OTHERS,328730.531962468,4153213.7357553886,HMC,293.89559745788574
761.672,000-0000-0094,OTHERS,328724.4357583271,4153227.4076524284,HMC,294.65984869003296
761.672,000-0000-0051,OTHERS,328728.654057765,4153219.2700044066,HMC,299.489990234375
761.672,000-0000-0136,OTHERS,328732.17197734764,4153255.9847698044,HMC,256.75072860717773
761.672,000-0000-0142,OTHERS,328734.03849787003,4153194.847950775,HMC,299.489990234375
761.672,000-0000-0044,OTHERS,328807.13964902004,4153182.945274322,HMC,307.63640117645264
761.672,000-0000-0084,OTHERS,328768.7755509513,4153181.226535549,HMC,299.489990234375
761.672,000-0000-0126,OTHERS,328747.8132820307,4153174.2284227973,HMC,299.489990234375
761.672,000-0000-0059,OTHERS,328758.1096310471,4153192.593065512,HMC,300.56341195106506
761.672,000-0000-0063,OTHERS,328794.0870396838,4153191.02121026,HMC,288.8589849472046
761.672,000-0000-0091,OTHERS,328803.2389391897,4153189.4171604896,HMC,299.489990234375
761.672,000-0000-0067,OTHERS,328813.22904635494,4153173.6011797627,HMC,299.489990234375
761.672,000-0000-0022,OTHERS,328775.0873732729,4153152.7511282736,HMC,292.90835905075073
761.672,000-0000-0071,OTHERS,328802.2713417821,4153185.8330043294,HMC,292.8920702934265
761.672,000-0000-0038,OTHERS,328764.6061468744,4153178.414674356,HMC,299.489990234375
761.672,000-0000-0027,OTHERS,328733.9629060788,4153220.0590915238,HMC,299.489990234375
761.672,000-0000-0005,OTHERS,328804.74768020795,4153187.9254899747,HMC,299.489990234375
761.672,000-0000-0046,OTHERS,328749.06565900025,4153185.8029663917,HMC,300.05568581819534
761.672,000-0000-0043,OTHERS,328732.4559464864,4153188.7142495504,HMC,293.3129572868347
761.672,000-0000-0045,OTHERS,328756.54220745835,4153161.9528519316,HMC,299.489990234375
761.672,000-0000-0101,OTHERS,328763.89390786464,4153244.288371816,HMC,299.489990234375
761.672,000-0000-0203,OTHERS,328785.18375098007,4153261.6221321616,HMC,292.96477794647217
761.672,000-0000-0208,OTHERS,328804.74768020795,4153187.9254899747,HMC,299.489990234375
761.672,000-0000-0210,OTHERS,328779.6710982155,4153274.8892365657,HMC,291.20613956451416
761.672,000-0000-0268,OTHERS,328755.93292251,4153154.541436147,HMC,299.489990234375
761.672,000-0000-0302,OTHERS,328825.4913654227,4153244.7323228465,HMC,299.489990234375
761.672,000-0000-0329,OTHERS,328712.1239909923,4153224.7473942162,HMC,294.2913999557495
761.672,000-0000-0331,OTHERS,328804.9075909686,4153182.858951617,HMC,299.489990234375
761.672,000-0000-0334,OTHERS,328734.9597595597,4153207.133463523,HMC,299.489990234375
761.672,000-0000-0350,OTHERS,328800.95108807145,4153198.418765676,HMC,299.489990234375
761.672,000-0000-0361,OTHERS,328694.9860718304,4153230.434832424,HMC,295.218421459198
761.672,000-0000-0390,OTHERS,328737.9848069764,4153169.08032889,HMC,292.4877576828003
761.672,000-0000-0398,OTHERS,328733.15237030364,4153228.3785067555,HMC,299.489990234375
761.774,000-0000-0000,AV,328753.43576408835,4153208.631159957,HMC,299.2200012207031
761.774,000-0000-0159,AGENT,328741.2838107491,4153220.460710002,HMC,294.6793098449707
761.774,000-0000-0039,OTHERS,328743.32819157396,4153223.769784971,HMC,296.86254119873047
761.774,000-0000-0092,OTHERS,328757.28345134173,4153208.5917744613,HMC,293.90601682662964
761.774,000-0000-0033,OTHERS,328734.0683369199,4153233.8336461834,HMC,303.21000123023987
761.774,000-0000-0013,OTHERS,328754.69248230977,4153199.5927270334,HMC,296.7349648475647
761.774,000-0000-0075,OTHERS,328739.2079034329,4153225.3300111196,HMC,292.58067512512207
761.774,000-0000-0149,OTHERS,328737.80402555835,4153220.0509073227,HMC,290.7618112564087
761.774,000-0000-0117,OTHERS,328732.9661684495,4153240.3185934573,HMC,284.15394496917725
761.774,000-0000-0138,OTHERS,328735.7841645538,4153241.725472669,HMC,296.5200011730194
761.774,000-0000-0011,OTHERS,328761.76818536763,4153198.4566998314,HMC,295.2030568122864
761.774,000-0000-0055,OTHERS,328758.8951935912,4153197.9387208684,HMC,294.0992374420166
761.774,000-0000-0086,OTHERS,328751.3716996845,4153239.043247902,HMC,315.22270011901855
761.774,000-0000-0130,OTHERS,328756.0911620319,4153226.656242453,HMC,341.5395698547363
761.774,000-0000-0006,OTHERS,328745.3989353191,4153211.032289999,HMC,295.394460439682
761.774,000-0000-0109,OTHERS,328752.90449466696,4153220.0352237946,HMC,303.4152865409851
761.774,000-0000-0003,OTHERS,328749.76057408575,4153201.585139719,HMC,297.8912184238434
761.774,000-0000-0009,OTHERS,328754.0301582881,4153193.0549031147,HMC,294.8273229598999
761.774,000-0000-0030,OTHERS,328738.74093377526,4153213.5162095525,HMC,293.8819055557251
761.774,000-0000-0007,OTHERS,328763.3815886847,4153187.1655598953,HMC,285.4278841018677
761.774,000-0000-0037,OTHERS,328736.56485388475,4153192.208537997,HMC,282.5729179382324
761.774,000-0000-0083,OTHERS,328742.3090767831,4153186.094274406,HMC,292.29550790786743
761.774,000-0000-0076,OTHERS,328738.88859456533,4153192.5251505817,HMC,299.2200012207031
761.774,000-0000-0079,OTHERS,328756.6086886986,4153178.590925597,HMC,294.2234673500061
761.774,000-0000-0097,OTHERS,328767.7484431478,4153171.8825317887,HMC,299.2200012207031
761.774,000-0000-0016,OTHERS,328725.2462170566,4153204.996851372,HMC,293.38078689575195
761.774,000-0000-0108,OTHERS,328794.9153912326,4153208.8044751748,HMC,299.2200012207031
761.774,000-0000-0062,OTHERS,328810.1035626796,4153172.988607811,HMC,299.2200012207031
761.774,000-0000-0064,OTHERS,328733.9825456366,4153196.1970013734,HMC,292.36607837677
761.774,000-0000-0065,OTHERS,328757.1102803326,4153228.89713136,HMC,299.2200012207031
761.774,000-0000-0041,OTHERS,328751.07388151484,4153191.695735659,HMC,299.2200012207031
761.774,000-0000-0024,OTHERS,328762.08564088657,4153209.087068849,HMC,302.91091990470886
761.774,000-0000-0100,OTHERS,328757.3223101023,4153185.6443893276,HMC,290.178729057312
761.774,000-0000-0025,OTHERS,328803.48114272056,4153192.362332776,HMC,299.2200012207031
761.774,000-0000-0124,OTHERS,328735.16362874483,4153205.1933971453,HMC,291.8708825111389
761.774,000-0000-0134,OTHERS,328730.6176746211,4153213.669977287,HMC,293.3255558013916
761.774,000-0000-0094,OTHERS,328724.4967753624,4153227.218036264,HMC,291.5902247428894
761.774,000-0000-0051,OTHERS,328728.72101692023,4153219.1891534002,HMC,299.2200012207031
761.774,000-0000-0136,OTHERS,328732.54529063584,4153255.456228859,HMC,273.8098945617676
761.774,000-0000-0142,OTHERS,328734.1847037079,4153194.5461173765,HMC,299.2200012207031
761.774,000-0000-0044,OTHERS,328807.3956433581,4153182.4401886975,HMC,288.53486728668213
761.774,000-0000-0084,OTHERS,328768.86670920387,4153180.6346748597,HMC,299.2200012207031
761.774,000-0000-0126,OTHERS,328747.63374012784,4153174.1280756,HMC,299.2200012207031
761.774,000-0000-0059,OTHERS,328758.05673819245,4153192.3848632523,HMC,300.62917149066925
761.774,000-0000-0063,OTHERS,328793.7278734607,4153191.564447007,HMC,288.44132900238037
761.774,000-0000-0067,OTHERS,328813.011064715,4153173.1608476215,HMC,299.2200012207031
761.774,000-0000-0022,OTHERS,328774.8271933967,4153152.429629528,HMC,294.94959449768066
761.774,000-0000-0071,OTHERS,328802.1747993443,4153184.208731536,HMC,299.2200012207031
761.774,000-0000-0038,OTHERS,328764.6328755689,4153178.128831421,HMC,272.1447219848633
761.774,000-0000-0005,OTHERS,328804.7461134261,4153187.4323526905,HMC,299.2200012207031
761.774,000-0000-0046,OTHERS,328749.2090771142,4153185.063517496,HMC,293.2384867668152
761.774,000-0000-0043,OTHERS,328732.43877439917,4153188.664477096,HMC,292.7845230102539
761.774,000-0000-0045,OTHERS,328755.9163555752,4153162.742016595,HMC,299.2200012207031
761.774,000-0000-0054,OTHERS,328755.1723525622,4153155.8894849983,HMC,299.2200012207031
761.774,000-0000-0101,OTHERS,328763.7113432242,4153245.223138169,HMC,299.2200012207031
761.774,000-0000-0203,OTHERS,328785.0377614564,4153261.1913181227,HMC,292.81287002563477
761.774,000-0000-0208,OTHERS,328804.7461134261,4153187.4323526905,HMC,299.2200012207031
761.774,000-0000-0210,OTHERS,328779.501992982,4153275.0788443196,HMC,292.50056743621826
761.774,000-0000-0268,OTHERS,328755.1723525622,4153155.8894849983,HMC,299.2200012207031
761.774,000-0000-0325,OTHERS,328731.90040223877,4153288.2387046586,HMC,299.2200012207031
761.774,000-0000-0329,OTHERS,328712.09626487375,4153225.136861949,HMC,293.91617918014526
761.774,000-0000-0331,OTHERS,328804.873645915,4153182.4437230364,HMC,299.2200012207031
761.774,000-0000-0350,OTHERS,328801.0375314753,4153197.995693696,HMC,299.2200012207031
761.774,000-0000-0361,OTHERS,328699.9203928291,4153231.637794758,HMC,205.4549331665039
761.774,000-0000-0390,OTHERS,328737.9955747584,4153168.8264574893,HMC,292.0493769645691
761.774,000-0000-0398,OTHERS,328733.42056462634,4153227.890936487,HMC,321.3042240142822
761.863,000-0000-0000,AV,328753.43576408835,4153208.631159957,HMC,299.2200012207031
761.863,000-0000-0159,AGENT,328741.0910754119,4153220.961859412,HMC,294.8265314102173
761.863,000-0000-0039,OTHERS,328743.41193777806,4153223.472826827,HMC,297.19906210899353
761.863,000-0000-0092,OTHERS,328757.17810686,4153208.760421543,HMC,294.74609422683716
761.863,000-0000-0033,OTHERS,328733.873071364,4153234.182746538,HMC,303.21000123023987
761.863,000-0000-0013,OTHERS,328754.5008305886,4153200.0456433776,HMC,296.08107471466064
761.863,000-0000-0075,OTHERS,328739.0264238901,4153225.694329528,HMC,292.93024158477783
761.863,000-0000-0149,OTHERS,328737.80444792414,4153219.6292154975,HMC,293.08640146255493
761.863,000-0000-0117,OTHERS,328732.0949641491,4153241.9055198943,HMC,293.7796196937561
761.863,000-0000-0138,OTHERS,328735.88179779734,4153241.5509216595,HMC,295.5500011444092
761.863,000-0000-0011,OTHERS,328761.5821523087,4153198.834636997,HMC,294.8162679672241
761.863,000-0000-0055,OTHERS,328758.72730519035,4153198.2145375987,HMC,295.9772117137909
761.863,000-0000-0086,OTHERS,328751.7988578631,4153241.4896044303,HMC,288.6223955154419
761.863,000-0000-0130,OTHERS,328757.50923980784,4153227.0852808645,HMC,291.18318462371826
761.863,000-0000-0006,OTHERS,328745.23803290946,4153211.4631212223,HMC,293.7239646911621
761.863,000-0000-0109,OTHERS,328753.0644934465,4153219.8479507896,HMC,303.21920943260193
761.863,000-0000-0003,OTHERS,328749.5375796338,4153202.0193053647,HMC,298.2594802379608
761.863,000-0000-0009,OTHERS,328753.7081390334,4153193.4327744283,HMC,300.6365005970001
761.863,000-0000-0030,OTHERS,328739.5505359965,4153213.54045824,HMC,275.1726989746094
761.863,000-0000-0007,OTHERS,328763.2016899308,4153187.408377725,HMC,288.5931873321533
761.863,000-0000-0037,OTHERS,328735.9996862407,4153192.5598549047,HMC,299.2200012207031
761.863,000-0000-0083,OTHERS,328742.02071821754,4153186.529875434,HMC,298.0324240922928
761.863,000-0000-0076,OTHERS,328739.89188371005,4153192.2065224363,HMC,296.00094771385193
761.863,000-0000-0079,OTHERS,328756.265380533,4153179.033287883,HMC,293.00688552856445
761.863,000-0000-0097,OTHERS,328767.4546393766,4153172.240105663,HMC,298.64987021684647
761.863,000-0000-0111,OTHERS,328755.4263405366,4153159.088547325,HMC,299.2200012207031
761.863,000-0000-0016,OTHERS,328724.63176854374,4153206.331464648,HMC,295.26650500297546
761.863,000-0000-0108,OTHERS,328795.0069010969,4153209.3041632916,HMC,256.2902069091797
761.863,000-0000-0064,OTHERS,328733.75209146796,4153196.5295132566,HMC,299.2200012207031
761.863,000-0000-0065,OTHERS,328756.96378964296,4153229.1288185506,HMC,299.2200012207031
761.863,000-0000-0041,OTHERS,328750.8443226537,4153191.893234092,HMC,299.2200012207031
761.863,000-0000-0024,OTHERS,328762.27487106115,4153209.132584954,HMC,300.4844435453415
761.863,000-0000-0100,OTHERS,328757.0673808179,4153186.03701876,HMC,293.5923442840576
761.863,000-0000-0025,OTHERS,328803.3446439418,4153192.7326487354,HMC,299.2200012207031
761.863,000-0000-0124,OTHERS,328734.9999010367,4153204.709900224,HMC,297.38712203502655
761.863,000-0000-0134,OTHERS,328730.3195657376,4153214.0510788807,HMC,293.9008240699768
761.863,000-0000-0094,OTHERS,328724.43901014386,4153227.7152170828,HMC,288.25221157073975
761.863,000-0000-0051,OTHERS,328728.51438349835,4153219.701072544,HMC,299.2200012207031
761.863,000-0000-0136,OTHERS,328731.6887081426,4153253.9490720993,HMC,335.8371276855469
761.863,000-0000-0142,OTHERS,328733.9268437745,4153194.7907064334,HMC,299.2200012207031
761.863,000-0000-0044,OTHERS,328807.94885887083,4153182.2506174482,HMC,281.00462341308594
761.863,000-0000-0084,OTHERS,328768.6379914283,4153181.066730854,HMC,299.2200012207031
761.863,000-0000-0126,OTHERS,328747.1417364242,4153174.904963678,HMC,299.2200012207031
761.863,000-0000-0059,OTHERS,328757.93890165514,4153192.9609493027,HMC,300.8112168312073
761.863,000-0000-0063,OTHERS,328793.27028130426,4153192.7943232036,HMC,287.5623540878296
761.863,000-0000-0067,OTHERS,328812.77660671313,4153173.9834418576,HMC,299.2200012207031
761.863,000-0000-0022,OTHERS,328774.64307888626,4153152.6571034202,HMC,293.27832555770874
761.863,000-0000-0071,OTHERS,328801.1141599508,4153187.279639438,HMC,289.43577671051025
761.863,000-0000-0038,OTHERS,328764.11164741777,4153178.5141348373,HMC,316.2685661315918
761.863,000-0000-0005,OTHERS,328804.79671774805,4153187.2034573294,HMC,299.2200012207031
761.863,000-0000-0046,OTHERS,328749.1513960061,4153184.304966103,HMC,299.2200012207031
761.863,000-0000-0043,OTHERS,328731.7072804925,4153190.39956844,HMC,291.7107901573181
761.863,000-0000-0045,OTHERS,328754.9788002419,4153161.719354753,HMC,295.53071570396423
761.863,000-0000-0054,OTHERS,328754.8709245619,4153156.3376250593,HMC,299.2200012207031
761.863,000-0000-0072,OTHERS,328738.04413654027,4153197.12388201,HMC,299.2200012207031
761.863,000-0000-0115,OTHERS,328739.04037923383,4153182.9057789333,HMC,299.2200012207031
761.863,000-0000-0068,OTHERS,328767.39279145177,4153231.724827601,HMC,290.00166034698486
761.863,000-0000-0208,OTHERS,328804.79671774805,4153187.2034573294,HMC,299.2200012207031
761.863,000-0000-0210,OTHERS,328778.6911203179,4153276.8983175694,HMC,292.4532861709595
761.863,000-0000-0268,OTHERS,328754.8709245619,4153156.3376250593,HMC,299.2200012207031
761.863,000-0000-0277,OTHERS,328733.93778848526,4153202.1826830795,HMC,292.59806728363037
761.863,000-0000-0302,OTHERS,328825.4210389188,4153244.84376531,HMC,299.2200012207031
761.863,000-0000-0329,OTHERS,328713.0344003334,4153222.668772283,HMC,295.94438886642456
761.863,000-0000-0331,OTHERS,328804.6084298114,4153182.703346891,HMC,299.2200012207031
761.863,000-0000-0350,OTHERS,328800.72224512184,4153198.297791809,HMC,299.2200012207031
761.863,000-0000-0390,OTHERS,328738.7174062664,4153167.5658322917,HMC,297.0230700969696
761.863,000-0000-0398,OTHERS,328733.22505189985,4153228.4316143403,HMC,299.2200012207031
761.962,000-0000-0000,AV,328753.6659808457,4153208.2236492923,HMC,301.20001220703125
761.962,000-0000-0159,AGENT,328740.7536093716,4153220.3984014867,HMC,295.2544279098511
761.962,000-0000-0039,OTHERS,328743.54122134525,4153222.531859903,HMC,292.3135595321655
761.962,000-0000-0092,OTHERS,328757.32138083316,4153208.660860996,HMC,295.37870597839355
761.962,000-0000-0033,OTHERS,328733.0676968715,4153233.4521193025,HMC,305.190012216568
761.962,000-0000-0013,OTHERS,328754.8588561479,4153199.9276494863,HMC,298.75223422050476
761.962,000-0000-0075,OTHERS,328738.4631563615,4153224.987371388,HMC,295.33116912841797
761.962,000-0000-0149,OTHERS,328737.7351674804,4153218.5265369467,HMC,293.14146423339844
761.962,000-0000-0117,OTHERS,328730.5500896913,4153240.6135957167,HMC,313.02447032928467
761.962,000-0000-0138,OTHERS,328735.0200247816,4153240.3630477902,HMC,297.29001212120056
761.962,000-0000-0011,OTHERS,328762.011750331,4153198.97293498,HMC,295.5697169303894
761.962,000-0000-0055,OTHERS,328759.2959522725,4153198.116986176,HMC,292.4443473815918
761.962,000-0000-0086,OTHERS,328750.9942029229,4153241.3798426725,HMC,283.8548240661621
761.962,000-0000-0130,OTHERS,328755.90511374536,4153226.7669128166,HMC,343.87210845947266
761.962,000-0000-0006,OTHERS,328745.2847656482,4153211.0614112546,HMC,295.2525987625122
761.962,000-0000-0109,OTHERS,328752.9769287118,4153219.277344119,HMC,306.44585132598877
761.962,000-0000-0003,OTHERS,328749.8949877662,4153201.750045928,HMC,297.7299449443817
761.962,000-0000-0009,OTHERS,328754.3407233964,4153193.306862125,HMC,301.20001220703125
761.962,000-0000-0030,OTHERS,328739.39716719295,4153212.3968623523,HMC,289.8414831161499
761.962,000-0000-0007,OTHERS,328764.00493512413,4153187.8838621564,HMC,283.61527252197266
761.962,000-0000-0037,OTHERS,328736.6984127855,4153191.732228735,HMC,301.20001220703125
761.962,000-0000-0083,OTHERS,328742.97070588364,4153186.039707741,HMC,294.0238308906555
761.962,000-0000-0076,OTHERS,328739.86606082576,4153191.9411812783,HMC,304.01896476745605
761.962,000-0000-0079,OTHERS,328757.3468966216,4153178.9289802588,HMC,296.4297924041748
761.962,000-0000-0097,OTHERS,328768.74513273314,4153172.5736283907,HMC,301.20001220703125
761.962,000-0000-0016,OTHERS,328724.7992509481,4153205.202846332,HMC,301.20001220703125
761.962,000-0000-0108,OTHERS,328794.83622104186,4153210.4504651427,HMC,301.20001220703125
761.962,000-0000-0064,OTHERS,328734.2952398061,4153195.564554222,HMC,301.20001220703125
761.962,000-0000-0065,OTHERS,328755.5510275511,4153229.544383927,HMC,324.6747627258301
761.962,000-0000-0041,OTHERS,328751.5306947379,4153191.50430874,HMC,301.20001220703125
761.962,000-0000-0024,OTHERS,328762.69497403357,4153208.636531272,HMC,306.0433006286621
761.962,000-0000-0100,OTHERS,328758.07419330854,4153185.9364979183,HMC,298.6277275085449
761.962,000-0000-0104,OTHERS,328717.8094564771,4153253.0671601132,HMC,269.0006408691406
761.962,000-0000-0025,OTHERS,328803.95673528727,4153194.36842081,HMC,301.20001220703125
761.962,000-0000-0124,OTHERS,328735.562549987,4153204.3612139677,HMC,291.3646116256714
761.962,000-0000-0134,OTHERS,328730.22900237294,4153213.1450971225,HMC,295.92606925964355
761.962,000-0000-0094,OTHERS,328723.68938401877,4153226.475385979,HMC,290.82789611816406
761.962,000-0000-0051,OTHERS,328728.4637853621,4153218.7951264638,HMC,258.59134674072266
761.962,000-0000-0136,OTHERS,328731.89687026717,4153253.309835133,HMC,260.6465034484863
761.962,000-0000-0142,OTHERS,328734.5008217898,4153193.8880875185,HMC,261.6282653808594
761.962,000-0000-0044,OTHERS,328808.5937867702,4153184.5049012545,HMC,279.1759452819824
761.962,000-0000-0084,OTHERS,328769.6746094622,4153181.445262076,HMC,301.20001220703125
761.962,000-0000-0126,OTHERS,328748.4987580549,4153174.475225764,HMC,301.20001220703125
761.962,000-0000-0059,OTHERS,328758.5046395893,4153192.924538318,HMC,301.20001220703125
761.962,000-0000-0063,OTHERS,328793.6912930698,4153194.2718914147,HMC,289.16702938079834
761.962,000-0000-0091,OTHERS,328778.5172623993,4153196.5445554554,HMC,301.20001220703125
761.962,000-0000-0067,OTHERS,328813.8945994954,4153175.943331093,HMC,301.20001220703125
761.962,000-0000-0022,OTHERS,328776.62861158175,4153153.323492874,HMC,301.20001220703125
761.962,000-0000-0071,OTHERS,328801.80332014186,4153189.251094246,HMC,287.3584403991699
761.962,000-0000-0038,OTHERS,328765.3662955339,4153178.838401212,HMC,301.20001220703125
761.962,000-0000-0027,OTHERS,328707.53769393516,4153222.5809172606,HMC,302.4987380504608
761.962,000-0000-0005,OTHERS,328805.24763121456,4153189.6991173797,HMC,301.20001220703125
761.962,000-0000-0043,OTHERS,328732.3154673565,4153189.3843478477,HMC,295.2782669067383
761.962,000-0000-0045,OTHERS,328756.6814317682,4153161.6492534042,HMC,297.6282980442047
761.962,000-0000-0054,OTHERS,328756.7692719832,4153156.226726531,HMC,301.20001220703125
761.962,000-0000-0072,OTHERS,328738.5316800256,4153196.4378165016,HMC,301.20001220703125
761.962,000-0000-0115,OTHERS,328740.0749849426,4153182.2520034565,HMC,301.20001220703125
761.962,000-0000-0068,OTHERS,328766.3052719604,4153232.633637194,HMC,294.19050121307373
761.962,000-0000-0203,OTHERS,328696.4967800204,4153257.4190680142,HMC,307.7225923538208
761.962,000-0000-0208,OTHERS,328805.24763121456,4153189.6991173797,HMC,301.20001220703125
761.962,000-0000-0268,OTHERS,328756.7692719832,4153156.226726531,HMC,301.20001220703125
761.962,000-0000-0277,OTHERS,328734.2278030245,4153201.2875682246,HMC,301.20001220703125
761.962,000-0000-0302,OTHERS,328823.05251518975,4153246.4082517317,HMC,297.9145607948303
761.962,000-0000-0329,OTHERS,328711.01465175627,4153223.9903716017,HMC,297.0888810157776
761.962,000-0000-0331,OTHERS,328805.70989148854,4153184.409853583,HMC,301.20001220703125
761.962,000-0000-0350,OTHERS,328801.19233702664,4153199.882173876,HMC,301.20001220703125
761.962,000-0000-0398,OTHERS,328732.4510501778,4153227.197215413,HMC,296.6431841850281
762.072,000-0000-0000,AV,328753.89309505717,4153207.808617104,HMC,299.53997802734375
762.072,000-0000-0159,AGENT,328741.15836920997,4153220.540502674,HMC,294.40222120285034
762.072,000-0000-0039,OTHERS,328744.0374056701,4153222.281411132,HMC,293.978045463562
762.072,000-0000-0092,OTHERS,328757.35819717986,4153208.3722815104,HMC,294.97801065444946
762.072,000-0000-0033,OTHERS,328733.8617397392,4153233.927713688,HMC,303.5299780368805
762.072,000-0000-0013,OTHERS,328754.6708238565,4153199.812405591,HMC,295.1950058937073
762.072,000-0000-0075,OTHERS,328738.96900929784,4153225.4756496786,HMC,292.8318796157837
762.072,000-0000-0149,OTHERS,328738.1776665345,4153218.4245450846,HMC,292.00190019607544
762.072,000-0000-0117,OTHERS,328732.7602075857,4153240.20794117,HMC,315.98733711242676
762.072,000-0000-0138,OTHERS,328736.21646578464,4153240.319527235,HMC,294.8199782371521
762.072,000-0000-0011,OTHERS,328761.7455396695,4153198.6960002924,HMC,295.6226963996887
762.072,000-0000-0055,OTHERS,328759.2074137766,4153197.846727869,HMC,282.3237056732178
762.072,000-0000-0086,OTHERS,328751.9935375462,4153241.3602956655,HMC,283.1081314086914
762.072,000-0000-0130,OTHERS,328755.90697170515,4153227.219917006,HMC,331.3441219329834
762.072,000-0000-0006,OTHERS,328745.41028946167,4153210.8806478726,HMC,296.1001560688019
762.072,000-0000-0109,OTHERS,328753.653229919,4153218.7215587227,HMC,305.4724397659302
762.072,000-0000-0003,OTHERS,328749.7296656075,4153201.8077686937,HMC,298.57723450660706
762.072,000-0000-0009,OTHERS,328753.99014581006,4153193.2557387063,HMC,296.05480909347534
762.072,000-0000-0030,OTHERS,328740.01627973234,4153212.3281465545,HMC,299.53997802734375
762.072,000-0000-0007,OTHERS,328763.4402212121,4153187.402520707,HMC,280.7631092071533
762.072,000-0000-0037,OTHERS,328736.33732415154,4153191.9749934315,HMC,299.53997802734375
762.072,000-0000-0083,OTHERS,328743.40494357975,4153183.835059522,HMC,293.92860746383667
762.072,000-0000-0076,OTHERS,328739.817017349,4153191.1238501403,HMC,305.4864935874939
762.072,000-0000-0079,OTHERS,328756.67004606966,4153178.810753412,HMC,292.26909923553467
762.072,000-0000-0097,OTHERS,328767.8939968528,4153172.176417146,HMC,299.53997802734375
762.072,000-0000-0016,OTHERS,328724.5777595328,4153206.3040227164,HMC,295.42040824890137
762.072,000-0000-0108,OTHERS,328794.48843008233,4153210.1540450854,HMC,299.53997802734375
762.072,000-0000-0064,OTHERS,328733.9858244507,4153195.9234330887,HMC,299.53997802734375
762.072,000-0000-0065,OTHERS,328756.977753644,4153228.9022753024,HMC,299.53997802734375
762.072,000-0000-0041,OTHERS,328751.1782396409,4153191.3034255006,HMC,297.17387437820435
762.072,000-0000-0024,OTHERS,328763.0479471435,4153207.8338514976,HMC,305.2791199684143
762.072,000-0000-0100,OTHERS,328757.3952587434,4153185.893828737,HMC,294.16459608078003
762.072,000-0000-0104,OTHERS,328719.6767126178,4153252.5225541927,HMC,285.28515911102295
762.072,000-0000-0025,OTHERS,328803.5219219027,4153192.9170672973,HMC,299.53997802734375
762.072,000-0000-0124,OTHERS,328733.4716220242,4153206.371174414,HMC,298.79732072353363
762.072,000-0000-0134,OTHERS,328730.3884879298,4153213.6888703243,HMC,295.03352212905884
762.072,000-0000-0094,OTHERS,328724.87844938954,4153225.378603859,HMC,291.9178738594055
762.072,000-0000-0051,OTHERS,328728.5554188578,4153219.252214078,HMC,299.53997802734375
762.072,000-0000-0136,OTHERS,328732.321326375,4153252.734292014,HMC,323.24795150756836
762.072,000-0000-0142,OTHERS,328734.1793557626,4153194.328951285,HMC,299.53997802734375
762.072,000-0000-0044,OTHERS,328807.829983038,4153183.021735687,HMC,283.92685890197754
762.072,000-0000-0084,OTHERS,328768.5922773654,4153181.7655330063,HMC,299.53997802734375
762.072,000-0000-0126,OTHERS,328747.70364780864,4153174.5883640973,HMC,305.84934282302856
762.072,000-0000-0059,OTHERS,328757.7293654228,4153192.701265205,HMC,301.39121305942535
762.072,000-0000-0091,OTHERS,328777.80807068635,4153195.059786679,HMC,328.31583404541016
762.072,000-0000-0022,OTHERS,328774.95798724017,4153152.660560261,HMC,291.83716583251953
762.072,000-0000-0071,OTHERS,328800.6422365735,4153189.359064206,HMC,287.9795112609863
762.072,000-0000-0038,OTHERS,328764.2150610021,4153178.9458458386,HMC,299.47997802868485
762.072,000-0000-0027,OTHERS,328708.07800199435,4153222.317659748,HMC,306.572163105011
762.072,000-0000-0005,OTHERS,328804.561435783,4153188.791243707,HMC,299.53997802734375
762.072,000-0000-0043,OTHERS,328732.43197109277,4153188.485038569,HMC,293.5813331604004
762.072,000-0000-0045,OTHERS,328755.33927212865,4153162.6959191603,HMC,282.2954959869385
762.072,000-0000-0054,OTHERS,328756.02488249325,4153154.631284747,HMC,299.53997802734375
762.072,000-0000-0115,OTHERS,328739.36987953045,4153182.4231144795,HMC,299.53997802734375
762.072,000-0000-0029,OTHERS,328740.62680628983,4153178.9937740006,HMC,299.53997802734375
762.072,000-0000-0048,OTHERS,328740.6834152981,4153172.8068775483,HMC,299.53997802734375
762.072,000-0000-0102,OTHERS,328760.46534184803,4153179.1048282757,HMC,304.68718433380127
762.072,000-0000-0068,OTHERS,328766.10446734156,4153234.284798936,HMC,293.88219261169434
762.072,000-0000-0208,OTHERS,328804.561435783,4153188.791243707,HMC,299.53997802734375
762.072,000-0000-0268,OTHERS,328756.02488249325,4153154.631284747,HMC,299.53997802734375
762.072,000-0000-0277,OTHERS,328734.0330790461,4153201.926221861,HMC,299.53997802734375
762.072,000-0000-0302,OTHERS,328823.72353502514,4153244.609728451,HMC,295.0966362953186
762.072,000-0000-0308,OTHERS,328789.4619920171,4153251.088500852,HMC,291.5881791114807
762.072,000-0000-0326,OTHERS,328778.41167276003,4153276.554479474,HMC,292.14622020721436
762.072,000-0000-0329,OTHERS,328711.8282849473,4153222.999917787,HMC,297.29972791671753
762.072,000-0000-0350,OTHERS,328800.9167783364,4153198.509482134,HMC,299.53997802734375
762.072,000-0000-0398,OTHERS,328733.36561787175,4153227.450600666,HMC,289.87947368621826
762.172,000-0000-0000,AV,328754.11797276844,4153207.413797166,HMC,299.94000244140625
762.172,000-0000-0159,AGENT,328741.07894600776,4153220.386239467,HMC,294.25443601608276
762.172,000-0000-0039,OTHERS,328744.1558355538,4153221.5412395243,HMC,294.96710681915283
762.172,000-0000-0092,OTHERS,328757.428505234,4153208.3541691634,HMC,294.0854387283325
762.172,000-0000-0033,OTHERS,328733.68673949694,4153233.670743988,HMC,303.930002450943
762.172,000-0000-0013,OTHERS,328754.708169639,4153199.8318209727,HMC,296.82284808158875
762.172,000-0000-0075,OTHERS,328739.1850125261,4153225.167353564,HMC,287.0844554901123
762.172,000-0000-0149,OTHERS,328738.28380362585,4153217.7800194686,HMC,293.29567289352417
762.172,000-0000-0117,OTHERS,328732.20679458516,4153240.1433201893,HMC,299.94000244140625
762.172,000-0000-0138,OTHERS,328736.32119343075,4153239.51558374,HMC,294.2600026130676
762.172,000-0000-0011,OTHERS,328761.7853624072,4153198.6700574444,HMC,294.44652032852173
762.172,000-0000-0055,OTHERS,328759.1509918344,4153197.6182206417,HMC,298.6128580570221
762.172,000-0000-0086,OTHERS,328753.0331090874,4153239.199413478,HMC,299.94000244140625
762.172,000-0000-0130,OTHERS,328756.9416907929,4153227.4408377595,HMC,280.3395881652832
762.172,000-0000-0006,OTHERS,328745.41825998493,4153210.880720644,HMC,295.48143196105957
762.172,000-0000-0109,OTHERS,328754.19749633153,4153217.981820612,HMC,303.732794046402
762.172,000-0000-0003,OTHERS,328749.7210140147,4153201.7558752294,HMC,299.94000244140625
762.172,000-0000-0009,OTHERS,328754.0628094821,4153193.241591335,HMC,297.50676345825195
762.172,000-0000-0007,OTHERS,328763.67981245165,4153187.3315182193,HMC,285.6302661895752
762.172,000-0000-0037,OTHERS,328735.8757904592,4153191.785510334,HMC,267.4026794433594
762.172,000-0000-0083,OTHERS,328744.599260442,4153180.355255589,HMC,313.2027702331543
762.172,000-0000-0076,OTHERS,328740.289838934,4153191.264706738,HMC,299.94000244140625
762.172,000-0000-0079,OTHERS,328756.8991156672,4153178.8552795826,HMC,295.6611304283142
762.172,000-0000-0097,OTHERS,328768.0350002627,4153172.2557607056,HMC,299.94000244140625
762.172,000-0000-0016,OTHERS,328724.5277957331,4153205.0649935827,HMC,298.56213080883026
762.172,000-0000-0108,OTHERS,328794.853862146,4153210.332960066,HMC,269.8475742340088
762.172,000-0000-0064,OTHERS,328734.09752972034,4153195.665062359,HMC,303.0906608104706
762.172,000-0000-0065,OTHERS,328756.4134796864,4153229.391592574,HMC,288.9984197616577
762.172,000-0000-0041,OTHERS,328751.33866516704,4153191.213828991,HMC,299.94000244140625
762.172,000-0000-0024,OTHERS,328763.6121085625,4153207.168881809,HMC,302.51833295822144
762.172,000-0000-0100,OTHERS,328757.4288639262,4153185.9357744246,HMC,301.48512601852417
762.172,000-0000-0104,OTHERS,328719.70998234244,4153251.12619646,HMC,296.4912533760071
762.172,000-0000-0025,OTHERS,328803.7204503298,4153193.244557042,HMC,299.94000244140625
762.172,000-0000-0124,OTHERS,328733.78063092567,4153206.311440682,HMC,295.22271251678467
762.172,000-0000-0134,OTHERS,328730.37193905714,4153213.5404421515,HMC,294.6649823188782
762.172,000-0000-0094,OTHERS,328724.2918647347,4153226.9568743873,HMC,283.07384490966797
762.172,000-0000-0051,OTHERS,328728.61742616,4153219.2318134815,HMC,273.35803413391113
762.172,000-0000-0136,OTHERS,328732.5294477725,4153251.353328818,HMC,320.48274421691895
762.172,000-0000-0142,OTHERS,328734.26525683684,4153194.120340299,HMC,299.43433648347855
762.172,000-0000-0044,OTHERS,328808.0177201751,4153183.287398017,HMC,293.79569005966187
762.172,000-0000-0084,OTHERS,328769.19622558565,4153181.766789538,HMC,282.56297874450684
762.172,000-0000-0126,OTHERS,328746.85305438377,4153176.925992129,HMC,291.2158012390137
762.172,000-0000-0059,OTHERS,328757.93665020034,4153192.6096354895,HMC,299.94000244140625
762.172,000-0000-0022,OTHERS,328775.5265552388,4153152.7867528284,HMC,299.94000244140625
762.172,000-0000-0071,OTHERS,328801.38534102665,4153187.969919944,HMC,287.88943004608154
762.172,000-0000-0038,OTHERS,328764.5597523359,4153178.8653859464,HMC,299.88000244274735
762.172,000-0000-0095,OTHERS,328724.7892201555,4153217.7447799495,HMC,285.5691213607788
762.172,000-0000-0005,OTHERS,328805.7598676523,4153187.750870803,HMC,299.94000244140625
762.172,000-0000-0043,OTHERS,328731.9168718383,4153190.025312309,HMC,294.1410412788391
762.172,000-0000-0045,OTHERS,328756.83897108753,4153162.0595179596,HMC,299.94000244140625
762.172,000-0000-0054,OTHERS,328756.38240932906,4153154.657518254,HMC,299.94000244140625
762.172,000-0000-0115,OTHERS,328739.5974625961,4153182.2382713347,HMC,299.94000244140625
762.172,000-0000-0029,OTHERS,328740.9475664769,4153178.7722604373,HMC,299.94000244140625
762.172,000-0000-0102,OTHERS,328760.72686154424,4153179.1593160257,HMC,289.3151206970215
762.172,000-0000-0068,OTHERS,328765.91230737517,4153234.77325031,HMC,293.7071042060852
762.172,000-0000-0208,OTHERS,328805.7598676523,4153187.750870803,HMC,299.94000244140625
762.172,000-0000-0210,OTHERS,328737.7080719999,4153176.4841901707,HMC,299.94000244140625
762.172,000-0000-0268,OTHERS,328756.38240932906,4153154.657518254,HMC,299.94000244140625
762.172,000-0000-0302,OTHERS,328823.52451303124,4153245.179398267,HMC,294.4053211212158
762.172,000-0000-0350,OTHERS,328800.9939748938,4153198.7510263217,HMC,299.94000244140625
762.172,000-0000-0398,OTHERS,328733.85212829785,4153225.4917095304,HMC,299.94000244140625
762.272,000-0000-0000,AV,328754.3224759823,4153207.024392218,HMC,299.52001953125
762.272,000-0000-0159,AGENT,328741.2403361133,4153220.2070222264,HMC,295.10388708114624
762.272,000-0000-0039,OTHERS,328744.5633493683,4153220.843078578,HMC,296.28167366981506
762.272,000-0000-0092,OTHERS,328757.51319935697,4153208.1453469624,HMC,294.142107963562
762.272,000-0000-0033,OTHERS,328733.8494193213,4153233.6421766705,HMC,303.51001954078674
762.272,000-0000-0013,OTHERS,328754.6976784895,4153199.678230944,HMC,298.41170632839203
762.272,000-0000-0075,OTHERS,328739.1178935034,4153225.307662558,HMC,291.4609651565552
762.272,000-0000-0149,OTHERS,328738.5372013532,4153217.495971537,HMC,291.6058144569397
762.272,000-0000-0117,OTHERS,328733.3344308927,4153240.05675457,HMC,282.9627380371094
762.272,000-0000-0138,OTHERS,328736.70486378635,4153239.0513290795,HMC,293.60001945495605
762.272,000-0000-0011,OTHERS,328761.75914856297,4153198.49661846,HMC,295.21133041381836
762.272,000-0000-0055,OTHERS,328758.80071228324,4153196.9986555167,HMC,332.5694465637207
762.272,000-0000-0086,OTHERS,328753.4198861712,4153238.7539125164,HMC,284.89355278015137
762.272,000-0000-0130,OTHERS,328757.1873100438,4153227.237851264,HMC,278.13993644714355
762.272,000-0000-0006,OTHERS,328745.5494738457,4153210.7351280632,HMC,295.05794954299927
762.272,000-0000-0109,OTHERS,328754.62009200215,4153217.5152629227,HMC,304.1040105819702
762.272,000-0000-0003,OTHERS,328749.7463983455,4153201.6420100215,HMC,299.52001953125
762.272,000-0000-0009,OTHERS,328754.0783123268,4153193.1227364712,HMC,296.2916729450226
762.272,000-0000-0007,OTHERS,328763.11986125493,4153186.9435491716,HMC,305.3391056060791
762.272,000-0000-0037,OTHERS,328735.1463907749,4153191.6819908433,HMC,271.4441089630127
762.272,000-0000-0083,OTHERS,328745.8279373385,4153179.6202767165,HMC,299.52001953125
762.272,000-0000-0076,OTHERS,328740.2795278047,4153190.6323005357,HMC,306.65120935440063
762.272,000-0000-0079,OTHERS,328756.694234572,4153178.7006233437,HMC,299.52001953125
762.272,000-0000-0097,OTHERS,328767.8610900604,4153172.1648721006,HMC,299.52001953125
762.272,000-0000-0016,OTHERS,328724.99626875855,4153205.6622146037,HMC,294.66799116134644
762.272,000-0000-0108,OTHERS,328794.8619709272,4153209.9149586055,HMC,277.65284156799316
762.272,000-0000-0064,OTHERS,328734.1153573869,4153195.6669455213,HMC,299.52001953125
762.272,000-0000-0065,OTHERS,328756.3194342736,4153229.27777219,HMC,318.8865509033203
762.272,000-0000-0041,OTHERS,328751.40112959954,4153190.922250293,HMC,297.9895144701004
762.272,000-0000-0024,OTHERS,328763.92992054013,4153206.553590353,HMC,303.1919193267822
762.272,000-0000-0100,OTHERS,328757.4749179482,4153185.7402575286,HMC,291.2535161972046
762.272,000-0000-0104,OTHERS,328720.74438845576,4153250.957984499,HMC,282.8736972808838
762.272,000-0000-0025,OTHERS,328803.6332040539,4153192.545210242,HMC,299.52001953125
762.272,000-0000-0124,OTHERS,328733.7549423857,4153206.1262284615,HMC,296.62460136413574
762.272,000-0000-0134,OTHERS,328730.6377791023,4153213.6237415704,HMC,292.87390422821045
762.272,000-0000-0094,OTHERS,328724.35811384785,4153227.1362937666,HMC,289.98835945129395
762.272,000-0000-0051,OTHERS,328728.63143852714,4153219.0758140674,HMC,299.52001953125
762.272,000-0000-0136,OTHERS,328733.51847597177,4153251.091727632,HMC,298.8024011850357
762.272,000-0000-0142,OTHERS,328734.27468537446,4153194.0172736286,HMC,303.3384153842926
762.272,000-0000-0044,OTHERS,328808.07157468185,4153182.245332382,HMC,299.52001953125
762.272,000-0000-0084,OTHERS,328767.19968881906,4153185.08553628,HMC,293.1196894645691
762.272,000-0000-0126,OTHERS,328746.1164908278,4153176.576339805,HMC,320.75037384033203
762.272,000-0000-0059,OTHERS,328758.11692603433,4153192.509602574,HMC,297.25983905792236
762.272,000-0000-0067,OTHERS,328786.5548967927,4153206.019772523,HMC,209.52001953125
762.272,000-0000-0022,OTHERS,328775.1846685296,4153152.4683329416,HMC,299.52001953125
762.272,000-0000-0071,OTHERS,328801.6677396989,4153186.196958312,HMC,299.52001953125
762.272,000-0000-0038,OTHERS,328764.4011317601,4153178.772920511,HMC,299.4600195325911
762.272,000-0000-0095,OTHERS,328724.6336931342,4153218.726923313,HMC,278.37214279174805
762.272,000-0000-0005,OTHERS,328805.2182277183,4153188.3197572394,HMC,299.52001953125
762.272,000-0000-0043,OTHERS,328732.3134079581,4153188.264694283,HMC,292.8127775192261
762.272,000-0000-0045,OTHERS,328756.47575766465,4153161.67941111,HMC,299.52001953125
762.272,000-0000-0054,OTHERS,328756.0343754874,4153154.522723484,HMC,299.52001953125
762.272,000-0000-0072,OTHERS,328776.22113418026,4153198.01828056,HMC,299.52001953125
762.272,000-0000-0115,OTHERS,328739.5045305529,4153182.000309595,HMC,299.52001953125
762.272,000-0000-0131,OTHERS,328763.82189169514,4153165.5535182063,HMC,299.52001953125
762.272,000-0000-0029,OTHERS,328740.7410785575,4153178.6778019206,HMC,299.52001953125
762.272,000-0000-0102,OTHERS,328760.44186440756,4153178.9294605465,HMC,299.52001953125
762.272,000-0000-0114,OTHERS,328739.1872389231,4153180.328234866,HMC,299.52001953125
762.272,000-0000-0068,OTHERS,328765.66515811445,4153235.1684670583,HMC,291.60914421081543
762.272,000-0000-0208,OTHERS,328805.2182277183,4153188.3197572394,HMC,299.52001953125
762.272,000-0000-0268,OTHERS,328756.0343754874,4153154.522723484,HMC,299.52001953125
762.272,000-0000-0302,OTHERS,328824.8651823919,4153245.1549408394,HMC,294.3147306442261
762.272,000-0000-0350,OTHERS,328801.14271550765,4153198.067987657,HMC,153.06629943847656
762.272,000-0000-0373,OTHERS,328778.2091916634,4153276.904208087,HMC,292.34195709228516
762.272,000-0000-0398,OTHERS,328734.0009611884,4153225.884245935,HMC,285.3527545928955
762.3720000000001,000-0000-0000,AV,328754.3224759823,4153207.024392218,HMC,299.52001953125
762.3720000000001,000-0000-0159,AGENT,328740.97047158587,4153220.5630591176,HMC,295.1293845176697
762.3720000000001,000-0000-0039,OTHERS,328744.5025665095,4153221.0064926734,HMC,294.6984405517578
762.3720000000001,000-0000-0092,OTHERS,328757.3653267441,4153208.4050555415,HMC,293.49958324432373
762.3720000000001,000-0000-0033,OTHERS,328733.6580920604,4153233.8785946066,HMC,303.51001954078674
762.3720000000001,000-0000-0013,OTHERS,328754.55410011695,4153200.016403152,HMC,295.81664276123047
762.3720000000001,000-0000-0075,OTHERS,328738.7626989793,4153225.53984132,HMC,295.4663996696472
762.3720000000001,000-0000-0149,OTHERS,328738.6710263715,4153217.2304110294,HMC,290.56024837493896
762.3720000000001,000-0000-0117,OTHERS,328733.5104341121,4153239.5694687,HMC,278.8402976989746
762.3720000000001,000-0000-0138,OTHERS,328736.58586380625,4153238.7541097957,HMC,292.7900195121765
762.3720000000001,000-0000-0011,OTHERS,328762.10192098835,4153198.156318004,HMC,299.4600195325911
762.3720000000001,000-0000-0055,OTHERS,328759.1786404915,4153197.5425388133,HMC,289.03589153289795
762.3720000000001,000-0000-0086,OTHERS,328750.96130039816,4153240.5175410337,HMC,307.0629062652588
762.3720000000001,000-0000-0130,OTHERS,328755.9609542029,4153227.353756418,HMC,329.86855697631836
762.3720000000001,000-0000-0006,OTHERS,328745.29597675847,4153211.077811882,HMC,296.27145314216614
762.3720000000001,000-0000-0109,OTHERS,328754.70090121054,4153217.277345163,HMC,303.65522623062134
762.3720000000001,000-0000-0003,OTHERS,328749.59778772434,4153201.983995055,HMC,296.2298631668091
762.3720000000001,000-0000-0009,OTHERS,328753.95129657595,4153193.4542401577,HMC,288.87328338623047
762.3720000000001,000-0000-0030,OTHERS,328750.6373973626,4153237.0788166677,HMC,260.0165023803711
762.3720000000001,000-0000-0007,OTHERS,328762.91189662146,4153187.449697085,HMC,299.52001953125
762.3720000000001,000-0000-0037,OTHERS,328734.9600786857,4153191.896357413,HMC,274.46824836730957
762.3720000000001,000-0000-0083,OTHERS,328744.3813881456,4153180.4891827474,HMC,317.59422874450684
762.3720000000001,000-0000-0076,OTHERS,328740.4874985574,4153190.1310725007,HMC,314.7091369628906
762.3720000000001,000-0000-0079,OTHERS,328756.57638459373,4153179.021708539,HMC,295.4034414291382
762.3720000000001,000-0000-0097,OTHERS,328767.4386465253,4153172.44369758,HMC,316.7831172943115
762.3720000000001,000-0000-0108,OTHERS,328794.3344815497,4153210.3270760817,HMC,299.52001953125
762.3720000000001,000-0000-0064,OTHERS,328734.02640531404,4153195.8365391386,HMC,283.24830627441406
762.3720000000001,000-0000-0065,OTHERS,328756.56439243926,4153229.5622520377,HMC,276.9884033203125
762.3720000000001,000-0000-0041,OTHERS,328751.3129927816,4153191.0618245346,HMC,296.82001399993896
762.3720000000001,000-0000-0024,OTHERS,328764.0998008846,4153206.353628171,HMC,304.28023958206177
762.3720000000001,000-0000-0100,OTHERS,328757.1686637563,4153186.0599493724,HMC,297.5955513715744
762.3720000000001,000-0000-0025,OTHERS,328803.64813872793,4153192.969442415,HMC,160.4835968017578
762.3720000000001,000-0000-0124,OTHERS,328734.4236194879,4153204.7130912184,HMC,296.4696433544159
762.3720000000001,000-0000-0134,OTHERS,328730.51765920926,4153213.421783439,HMC,294.11564683914185
762.3720000000001,000-0000-0094,OTHERS,328724.1148029494,4153227.390989904,HMC,292.01748991012573
762.3720000000001,000-0000-0051,OTHERS,328728.45364895073,4153219.4012736925,HMC,299.52001953125
762.3720000000001,000-0000-0136,OTHERS,328734.729305802,4153249.2757079042,HMC,260.24410247802734
762.3720000000001,000-0000-0142,OTHERS,328734.22651366127,4153194.0955267707,HMC,299.52001953125
762.3720000000001,000-0000-0044,OTHERS,328807.70214734506,4153183.755435205,HMC,299.52001953125
762.3720000000001,000-0000-0084,OTHERS,328769.3813347927,4153180.253074127,HMC,292.66116189956665
762.3720000000001,000-0000-0126,OTHERS,328746.6229916196,4153177.7258709962,HMC,273.22509765625
762.3720000000001,000-0000-0059,OTHERS,328757.7630533025,4153192.844807855,HMC,296.59392976760864
762.3720000000001,000-0000-0022,OTHERS,328775.0385072882,4153152.826356601,HMC,292.5702829360962
762.3720000000001,000-0000-0038,OTHERS,328764.25331384456,4153179.033974923,HMC,299.4600195325911
762.3720000000001,000-0000-0005,OTHERS,328804.8193437484,4153189.2897042446,HMC,282.70862770080566
762.3720000000001,000-0000-0043,OTHERS,328738.2833732709,4153172.972188274,HMC,299.52001953125
762.3720000000001,000-0000-0045,OTHERS,328756.3001615554,4153162.0951474137,HMC,299.52001953125
762.3720000000001,000-0000-0054,OTHERS,328755.9661796599,4153154.816666951,HMC,299.52001953125
762.3720000000001,000-0000-0072,OTHERS,328776.226004884,4153197.5834447723,HMC,299.52001953125
762.3720000000001,000-0000-0115,OTHERS,328739.4102966361,4153182.196132019,HMC,299.52001953125
762.3720000000001,000-0000-0131,OTHERS,328763.9398230678,4153165.191806347,HMC,299.52001953125
762.3720000000001,000-0000-0029,OTHERS,328740.6354024125,4153178.7221801896,HMC,299.52001953125
762.3720000000001,000-0000-0048,OTHERS,328749.0725933399,4153239.3011966124,HMC,305.482675075531
762.3720000000001,000-0000-0102,OTHERS,328760.3758767624,4153179.243585734,HMC,296.60354375839233
762.3720000000001,000-0000-0114,OTHERS,328739.30897840287,4153180.722179499,HMC,299.52001953125
762.3720000000001,000-0000-0040,OTHERS,328797.17046102806,4153208.1226505083,HMC,295.1913175582886
762.3720000000001,000-0000-0068,OTHERS,328766.15963783575,4153233.2167131454,HMC,299.52001953125
762.3720000000001,000-0000-0119,OTHERS,328736.09600541403,4153189.7238739636,HMC,299.52001953125
762.3720000000001,000-0000-0144,OTHERS,328766.5113343852,4153186.538630582,HMC,299.52001953125
762.3720000000001,000-0000-0208,OTHERS,328804.8193437484,4153189.2897042446,HMC,282.70862770080566
762.3720000000001,000-0000-0268,OTHERS,328755.9661796599,4153154.816666951,HMC,299.52001953125
762.3720000000001,000-0000-0302,OTHERS,328824.9408326458,4153245.711878339,HMC,294.93899393081665
762.3720000000001,000-0000-0308,OTHERS,328757.3224556097,4153175.1954744356,HMC,299.52001953125
762.3720000000001,000-0000-0326,OTHERS,328759.6970383674,4153194.1415097225,HMC,299.52001953125
762.3720000000001,000-0000-0331,OTHERS,328786.2368277392,4153257.5864367546,HMC,293.17677879333496
762.3720000000001,000-0000-0373,OTHERS,328778.0123171875,4153277.269682404,HMC,293.5322403907776
762.3720000000001,000-0000-0398,OTHERS,328733.78823376534,4153224.659653007,HMC,299.52001953125
762.4730000000001,000-0000-0000,AV,328754.5246741223,4153206.651870736,HMC,299.80999755859375
762.4730000000001,000-0000-0159,AGENT,328741.21155190753,4153220.3630751036,HMC,291.0906467437744
762.4730000000001,000-0000-0039,OTHERS,328744.7394414023,4153220.445519476,HMC,293.1780285835266
762.4730000000001,000-0000-0092,OTHERS,328757.3919722561,4153208.3293320085,HMC,294.22045612335205
762.4730000000001,000-0000-0033,OTHERS,328733.57550716767,4153233.661448678,HMC,303.7999975681305
762.4730000000001,000-0000-0013,OTHERS,328754.59065545147,4153200.0020778594,HMC,295.119261264801
762.4730000000001,000-0000-0075,OTHERS,328738.78490195744,4153225.325399484,HMC,293.8005471229553
762.4730000000001,000-0000-0149,OTHERS,328738.76681936043,4153216.4507417395,HMC,293.1480016708374
762.4730000000001,000-0000-0117,OTHERS,328732.90780370304,4153240.5438858233,HMC,284.8938617706299
762.4730000000001,000-0000-0138,OTHERS,328736.61550321797,4153238.111553709,HMC,292.1299977302551
762.4730000000001,000-0000-0011,OTHERS,328762.2246199175,4153198.040201936,HMC,299.74999755993485
762.4730000000001,000-0000-0055,OTHERS,328759.32976874954,4153197.470408092,HMC,288.94897079467773
762.4730000000001,000-0000-0086,OTHERS,328752.76779118046,4153238.6209949376,HMC,295.3470377922058
762.4730000000001,000-0000-0130,OTHERS,328755.77440802497,4153227.400553396,HMC,329.2143440246582
762.4730000000001,000-0000-0006,OTHERS,328745.34610555565,4153211.100526284,HMC,294.563458442688
762.4730000000001,000-0000-0109,OTHERS,328755.0478826537,4153216.6128017926,HMC,305.463659286499
762.4730000000001,000-0000-0003,OTHERS,328749.6821870055,4153201.9807509114,HMC,296.43101978302
762.4730000000001,000-0000-0009,OTHERS,328754.03455853683,4153193.45939979,HMC,289.68109226226807
762.4730000000001,000-0000-0007,OTHERS,328763.10250480776,4153187.3422914967,HMC,286.25439739227295
762.4730000000001,000-0000-0037,OTHERS,328735.1474693502,4153191.685622117,HMC,274.91451835632324
762.4730000000001,000-0000-0083,OTHERS,328743.3146468953,4153183.375713006,HMC,299.80999755859375
762.4730000000001,000-0000-0076,OTHERS,328741.59136262705,4153189.946446367,HMC,286.0330390930176
762.4730000000001,000-0000-0079,OTHERS,328756.62951656274,4153178.9833814707,HMC,296.3605453968048
762.4730000000001,000-0000-0097,OTHERS,328767.8768081385,4153172.4288894744,HMC,299.80999755859375
762.4730000000001,000-0000-0108,OTHERS,328794.39093680115,4153210.3983139773,HMC,299.80999755859375
762.4730000000001,000-0000-0064,OTHERS,328734.1452931578,4153195.5860316684,HMC,299.80999755859375
762.4730000000001,000-0000-0065,OTHERS,328755.31152309367,4153230.3661435507,HMC,324.08572578430176
762.4730000000001,000-0000-0041,OTHERS,328751.4318789606,4153190.951286397,HMC,297.16487431526184
762.4730000000001,000-0000-0024,OTHERS,328764.49213513563,4153205.7580773863,HMC,303.06863737106323
762.4730000000001,000-0000-0100,OTHERS,328757.4456627398,4153185.9607397737,HMC,296.07741618156433
762.4730000000001,000-0000-0025,OTHERS,328803.4719702879,4153193.2380205034,HMC,299.80999755859375
762.4730000000001,000-0000-0124,OTHERS,328734.14338558936,4153203.76729862,HMC,293.8511323928833
762.4730000000001,000-0000-0134,OTHERS,328730.5339997823,4153213.3371208827,HMC,293.773521900177
762.4730000000001,000-0000-0094,OTHERS,328723.75509383663,4153227.553928247,HMC,291.8510060310364
762.4730000000001,000-0000-0051,OTHERS,328728.4046567081,4153219.255493153,HMC,299.80999755859375
762.4730000000001,000-0000-0136,OTHERS,328733.5123537447,4153248.787487473,HMC,339.16982650756836
762.4730000000001,000-0000-0044,OTHERS,328807.89112531673,4153183.8404034073,HMC,284.0272159576416
762.4730000000001,000-0000-0084,OTHERS,328769.6916828911,4153179.666201538,HMC,299.80999755859375
762.4730000000001,000-0000-0126,OTHERS,328744.86136707215,4153175.6657409472,HMC,26.095237731933594
762.4730000000001,000-0000-0059,OTHERS,328757.90244782536,4153192.890003776,HMC,296.57053232192993
762.4730000000001,000-0000-0022,OTHERS,328775.38852401765,4153152.7808045465,HMC,299.80999755859375
762.4730000000001,000-0000-0038,OTHERS,328764.4304418001,4153178.699329048,HMC,299.80999755859375
762.4730000000001,000-0000-0005,OTHERS,328805.3071802378,4153189.340245509,HMC,268.7892875671387
762.4730000000001,000-0000-0043,OTHERS,328737.8116695026,4153175.4558239584,HMC,286.67996406555176
762.4730000000001,000-0000-0045,OTHERS,328756.77265654394,4153162.0006062286,HMC,299.80999755859375
762.4730000000001,000-0000-0054,OTHERS,328756.10802663903,4153154.7748484756,HMC,321.1552543640137
762.4730000000001,000-0000-0115,OTHERS,328739.56065732456,4153182.076175793,HMC,299.80999755859375
762.4730000000001,000-0000-0029,OTHERS,328740.9324868725,4153178.5281595318,HMC,299.80999755859375
762.4730000000001,000-0000-0102,OTHERS,328760.50552515057,4153179.337052479,HMC,296.6570222377777
762.4730000000001,000-0000-0114,OTHERS,328739.4872939738,4153180.629150958,HMC,299.80999755859375
762.4730000000001,000-0000-0040,OTHERS,328797.38346405077,4153208.2846330535,HMC,292.3543920516968
762.4730000000001,000-0000-0119,OTHERS,328736.31419304665,4153189.514112698,HMC,299.80999755859375
762.4730000000001,000-0000-0144,OTHERS,328766.60306087066,4153186.520064846,HMC,299.80999755859375
762.4730000000001,000-0000-0208,OTHERS,328805.30718354776,4153189.340247405,HMC,268.7892875671387
762.4730000000001,000-0000-0268,OTHERS,328756.10802663903,4153154.7748484756,HMC,321.1552543640137
762.4730000000001,000-0000-0398,OTHERS,328734.2124352074,4153224.313083162,HMC,296.0381352901459
762.572,000-0000-0000,AV,328754.72787428694,4153206.2850639545,HMC,299.260009765625
762.572,000-0000-0159,AGENT,328741.40654274204,4153220.525355629,HMC,288.70675468444824
762.572,000-0000-0039,OTHERS,328745.1352993696,4153219.7034420986,HMC,293.8187036514282
762.572,000-0000-0092,OTHERS,328757.46324727085,4153208.085221804,HMC,294.8584976196289
762.572,000-0000-0033,OTHERS,328733.89756027743,4153233.644531569,HMC,303.25000977516174
762.572,000-0000-0013,OTHERS,328754.5968731903,4153199.8766761506,HMC,296.23043966293335
762.572,000-0000-0075,OTHERS,328738.9984778013,4153225.439223345,HMC,292.7068519592285
762.572,000-0000-0149,OTHERS,328739.0125729318,4153216.2769122534,HMC,293.27880096435547
762.572,000-0000-0117,OTHERS,328733.21309576026,4153240.1233826885,HMC,278.401798248291
762.572,000-0000-0138,OTHERS,328737.08840192173,4153237.6674079504,HMC,290.59000968933105
762.572,000-0000-0011,OTHERS,328761.67087203456,4153198.635019603,HMC,293.55218601226807
762.572,000-0000-0055,OTHERS,328759.2884156835,4153197.192798493,HMC,292.7043676376343
762.572,000-0000-0086,OTHERS,328754.18752732076,4153237.914624585,HMC,161.386474609375
762.572,000-0000-0130,OTHERS,328757.66771016084,4153226.6604652535,HMC,280.3498725891113
762.572,000-0000-0006,OTHERS,328745.3997843505,4153211.064649509,HMC,294.7013506889343
762.572,000-0000-0109,OTHERS,328755.5336451891,4153216.06724348,HMC,304.3604197502136
762.572,000-0000-0003,OTHERS,328749.65009060915,4153201.8648348292,HMC,299.7996084690094
762.572,000-0000-0009,OTHERS,328753.9987545756,4153193.3200909165,HMC,288.87736225128174
762.572,000-0000-0007,OTHERS,328763.0168084036,4153187.1561076725,HMC,290.70548725128174
762.572,000-0000-0037,OTHERS,328737.52228402405,4153191.043571318,HMC,171.84498596191406
762.572,000-0000-0083,OTHERS,328744.1461548752,4153181.6819043905,HMC,297.81968450546265
762.572,000-0000-0076,OTHERS,328741.675944608,4153189.557491096,HMC,275.4879379272461
762.572,000-0000-0079,OTHERS,328756.5842077676,4153178.895177415,HMC,291.7308430671692
762.572,000-0000-0097,OTHERS,328767.6831027421,4153172.137286703,HMC,288.71407985687256
762.572,000-0000-0108,OTHERS,328794.5204291201,4153209.910545645,HMC,299.260009765625
762.572,000-0000-0064,OTHERS,328734.2872351906,4153195.558905672,HMC,287.50665950775146
762.572,000-0000-0065,OTHERS,328756.18864894536,4153231.172613579,HMC,299.260009765625
762.572,000-0000-0041,OTHERS,328751.4397696584,4153190.77465372,HMC,295.2844979763031
762.572,000-0000-0024,OTHERS,328764.8128365313,4153205.1405384727,HMC,304.20142459869385
762.572,000-0000-0100,OTHERS,328757.3486172411,4153185.890210584,HMC,298.6051407456398
762.572,000-0000-0124,OTHERS,328733.8185187414,4153204.9350450966,HMC,292.86010217666626
762.572,000-0000-0134,OTHERS,328730.7736280624,4153213.5237744087,HMC,292.1569676399231
762.572,000-0000-0094,OTHERS,328724.1253224198,4153227.3788370267,HMC,290.0464839935303
762.572,000-0000-0051,OTHERS,328728.9154608968,4153219.116725162,HMC,163.9062957763672
762.572,000-0000-0136,OTHERS,328735.6221279726,4153249.166838304,HMC,260.05985260009766
762.572,000-0000-0044,OTHERS,328807.3601465724,4153183.310217987,HMC,299.260009765625
762.572,000-0000-0084,OTHERS,328769.287905221,4153179.593690974,HMC,299.260009765625
762.572,000-0000-0126,OTHERS,328745.67102720944,4153176.99211392,HMC,300.0459595322609
762.572,000-0000-0059,OTHERS,328757.7431406422,4153192.6843704544,HMC,298.75109028816223
762.572,000-0000-0067,OTHERS,328716.2888801813,4153248.5220149294,HMC,299.260009765625
762.572,000-0000-0022,OTHERS,328775.0172517241,4153152.441265163,HMC,299.260009765625
762.572,000-0000-0038,OTHERS,328764.19581459905,4153178.4498471175,HMC,299.260009765625
762.572,000-0000-0005,OTHERS,328805.7756792253,4153188.075578445,HMC,264.0528335571289
762.572,000-0000-0043,OTHERS,328737.13895146654,4153175.4192152545,HMC,289.2504835128784
762.572,000-0000-0054,OTHERS,328755.72677333123,4153154.6982830362,HMC,299.260009765625
762.572,000-0000-0115,OTHERS,328739.5072480699,4153181.92512828,HMC,299.260009765625
762.572,000-0000-0029,OTHERS,328740.73234029004,4153178.4068975607,HMC,299.260009765625
762.572,000-0000-0102,OTHERS,328760.12441988074,4153179.1769741653,HMC,320.03936767578125
762.572,000-0000-0114,OTHERS,328739.2714641699,4153180.4449188295,HMC,299.260009765625
762.572,000-0000-0040,OTHERS,328797.1396850955,4153207.577409928,HMC,294.65560483932495
762.572,000-0000-0119,OTHERS,328736.2181027748,4153189.399285108,HMC,299.260009765625
762.572,000-0000-0144,OTHERS,328766.55556345644,4153186.258510108,HMC,299.260009765625
762.572,000-0000-0017,OTHERS,328753.4051046847,4153234.4329179777,HMC,288.17706298828125
762.572,000-0000-0148,OTHERS,328732.5058334923,4153193.813408921,HMC,294.00932359695435
762.572,000-0000-0208,OTHERS,328805.77567736077,4153188.075581773,HMC,264.0528335571289
762.572,000-0000-0268,OTHERS,328755.72677333123,4153154.6982830362,HMC,299.260009765625
762.572,000-0000-0302,OTHERS,328751.3052501715,4153240.8853318607,HMC,317.0370502471924
762.572,000-0000-0331,OTHERS,328745.96519823687,4153250.224665396,HMC,262.5799026489258
762.572,000-0000-0398,OTHERS,328734.3327764538,4153224.6174925826,HMC,294.90072679519653
762.662,000-0000-0000,AV,328754.91070500115,4153205.9310724842,HMC,299.3399963378906
762.662,000-0000-0159,AGENT,328741.1226525545,4153220.4043040248,HMC,295.42831563949585
762.662,000-0000-0039,OTHERS,328745.1129724146,4153219.397346695,HMC,296.64609718322754
762.662,000-0000-0092,OTHERS,328757.5285184677,4153208.107046542,HMC,293.5404529571533
762.662,000-0000-0033,OTHERS,328733.7208744145,4153233.4249531645,HMC,303.32999634742737
762.662,000-0000-0013,OTHERS,328754.6266097152,4153199.824798829,HMC,293.89090967178345
762.662,000-0000-0075,OTHERS,328739.12830129004,4153225.0730831577,HMC,293.0639567375183
762.662,000-0000-0149,OTHERS,328739.2539047727,4153215.5424801596,HMC,293.0725631713867
762.662,000-0000-0117,OTHERS,328733.24358068826,4153240.105720907,HMC,288.2228202819824
762.662,000-0000-0138,OTHERS,328737.3744361302,4153237.0272431257,HMC,289.6799964904785
762.662,000-0000-0011,OTHERS,328761.78004182404,4153198.6232892293,HMC,294.70144844055176
762.662,000-0000-0055,OTHERS,328759.3448971148,4153197.079741954,HMC,294.25149869918823
762.662,000-0000-0086,OTHERS,328751.67996104085,4153241.287142977,HMC,288.3539686203003
762.662,000-0000-0130,OTHERS,328757.430688331,4153226.7283967426,HMC,285.31660652160645
762.662,000-0000-0006,OTHERS,328745.3918103358,4153210.8766732127,HMC,296.19037103652954
762.662,000-0000-0109,OTHERS,328755.8176645352,4153215.5270122606,HMC,303.6751127243042
762.662,000-0000-0003,OTHERS,328749.75660634035,4153201.8378195544,HMC,296.96633648872375
762.662,000-0000-0009,OTHERS,328754.0053565198,4153193.267405208,HMC,288.99542713165283
762.662,000-0000-0007,OTHERS,328763.0042323651,4153187.2671200745,HMC,303.6051416397095
762.662,000-0000-0037,OTHERS,328735.88958773104,4153191.4493147414,HMC,277.2603416442871
762.662,000-0000-0083,OTHERS,328744.94709946564,4153180.6641635927,HMC,299.3399963378906
762.662,000-0000-0076,OTHERS,328741.3889260267,4153189.4798680404,HMC,321.61057472229004
762.662,000-0000-0079,OTHERS,328756.59812415903,4153178.810076252,HMC,293.0454773902893
762.662,000-0000-0097,OTHERS,328767.7524461704,4153172.1128999228,HMC,299.3399963378906
762.662,000-0000-0108,OTHERS,328794.6288442164,4153209.9383259416,HMC,298.4385874867439
762.662,000-0000-0064,OTHERS,328734.31147562055,4153195.31506069,HMC,299.3399963378906
762.662,000-0000-0065,OTHERS,328753.7794966899,4153234.587331217,HMC,285.51745319366455
762.662,000-0000-0041,OTHERS,328751.55801253923,4153190.586640772,HMC,294.8292598724365
762.662,000-0000-0024,OTHERS,328766.0138974463,4153203.9695534846,HMC,155.49049377441406
762.662,000-0000-0100,OTHERS,328757.39728745836,4153185.9757208233,HMC,294.50561809539795
762.662,000-0000-0025,OTHERS,328803.3773333605,4153192.5565111665,HMC,299.3399963378906
762.662,000-0000-0124,OTHERS,328734.8373171748,4153203.745700123,HMC,292.93760347366333
762.662,000-0000-0134,OTHERS,328730.6755869965,4153213.1395997875,HMC,295.2115020751953
762.662,000-0000-0094,OTHERS,328724.0673595907,4153227.341436165,HMC,293.9855942726135
762.662,000-0000-0051,OTHERS,328728.57749954256,4153219.243132865,HMC,299.3399963378906
762.662,000-0000-0136,OTHERS,328735.59299456736,4153249.052482184,HMC,272.38450622558594
762.662,000-0000-0142,OTHERS,328802.56336085073,4153191.000051098,HMC,299.3399963378906
762.662,000-0000-0044,OTHERS,328807.9878390944,4153182.4287333614,HMC,299.3399963378906
762.662,000-0000-0084,OTHERS,328770.2013160193,4153178.1344530615,HMC,299.3399963378906
762.662,000-0000-0126,OTHERS,328746.3677919675,4153177.3918297538,HMC,284.512188911438
762.662,000-0000-0059,OTHERS,328757.8416847336,4153192.6679846956,HMC,297.5232832431793
762.662,000-0000-0067,OTHERS,328716.1102828869,4153248.2953004255,HMC,299.3399963378906
762.662,000-0000-0022,OTHERS,328775.01729235286,4153152.5412596245,HMC,292.76986503601074
762.662,000-0000-0038,OTHERS,328764.14525550633,4153178.199024622,HMC,335.48454666137695
762.662,000-0000-0005,OTHERS,328805.14688536944,4153188.4326185216,HMC,299.3399963378906
762.662,000-0000-0043,OTHERS,328737.5453030481,4153175.3043276574,HMC,287.3811502456665
762.662,000-0000-0054,OTHERS,328755.93435295974,4153154.6569574797,HMC,299.3399963378906
762.662,000-0000-0072,OTHERS,328749.58078994794,4153239.3737310013,HMC,296.51275849342346
762.662,000-0000-0115,OTHERS,328739.6901555617,4153181.7199502625,HMC,299.3399963378906
762.662,000-0000-0140,OTHERS,328796.40031310444,4153208.7355243117,HMC,299.3399963378906
762.662,000-0000-0029,OTHERS,328740.8355513548,4153178.244836555,HMC,299.3399963378906
762.662,000-0000-0102,OTHERS,328760.32390595943,4153178.9692170788,HMC,299.3399963378906
762.662,000-0000-0114,OTHERS,328739.4437098845,4153180.2336884127,HMC,299.3399963378906
762.662,000-0000-0040,OTHERS,328797.21939160215,4153207.8186546885,HMC,295.1788635253906
762.662,000-0000-0068,OTHERS,328773.097216516,4153205.6992446445,HMC,291.9117388725281
762.662,000-0000-0119,OTHERS,328736.22865504556,4153189.2904135766,HMC,299.3399963378906
762.662,000-0000-0144,OTHERS,328766.3893320823,4153186.2555593736,HMC,299.3399963378906
762.662,000-0000-0017,OTHERS,328753.41754371865,4153235.960538674,HMC,262.2038917541504
762.662,000-0000-0148,OTHERS,328732.55763054895,4153193.6310076443,HMC,293.3969340324402
762.662,000-0000-0106,OTHERS,328734.8774538659,4153223.454378636,HMC,292.68945598602295
762.662,000-0000-0057,OTHERS,328742.09942431975,4153243.927568437,HMC,297.60999631881714
762.662,000-0000-0208,OTHERS,328805.14688536944,4153188.4326185216,HMC,299.3399963378906
762.662,000-0000-0268,OTHERS,328755.93435295974,4153154.6569574797,HMC,299.3399963378906
762.662,000-0000-0271,OTHERS,328778.3216418747,4153277.000016543,HMC,293.36319160461426
762.662,000-0000-0302,OTHERS,328752.0193826469,4153241.174977267,HMC,257.80544662475586
762.662,000-0000-0331,OTHERS,328745.64420646726,4153250.2515702005,HMC,299.3399963378906
762.662,000-0000-0377,OTHERS,328786.29188880813,4153257.6408560057,HMC,293.2993745803833
762.662,000-0000-0398,OTHERS,328734.8774538659,4153223.454378636,HMC,292.68945598602295
762.7620000000001,000-0000-0000,AV,328755.109766198,4153205.592287598,HMC,300.67999267578125
762.7620000000001,000-0000-0159,AGENT,328740.7958375499,4153219.7677996885,HMC,297.89706349372864
762.7620000000001,000-0000-0039,OTHERS,328745.03633528476,4153218.6929955906,HMC,297.71233320236206
762.7620000000001,000-0000-0092,OTHERS,328757.4643020087,4153207.9647763353,HMC,296.15277194976807
762.7620000000001,000-0000-0033,OTHERS,328733.0437027718,4153232.7901082765,HMC,304.669992685318
762.7620000000001,000-0000-0013,OTHERS,328754.83967578405,4153199.692324544,HMC,296.3335790634155
762.7620000000001,000-0000-0075,OTHERS,328738.72331868,4153224.508537339,HMC,296.2831416130066
762.7620000000001,000-0000-0149,OTHERS,328739.3490345764,4153214.7111427267,HMC,293.8172755241394
762.7620000000001,000-0000-0117,OTHERS,328732.30797286314,4153239.517678019,HMC,300.67999267578125
762.7620000000001,000-0000-0138,OTHERS,328736.84965840896,4153235.978320864,HMC,294.01999282836914
762.7620000000001,000-0000-0011,OTHERS,328762.01491953805,4153198.649254292,HMC,296.3907127380371
762.7620000000001,000-0000-0055,OTHERS,328759.71521504584,4153197.0681996224,HMC,286.5522060394287
762.7620000000001,000-0000-0086,OTHERS,328753.2643615073,4153237.93487479,HMC,167.60427856445312
762.7620000000001,000-0000-0130,OTHERS,328757.06210660544,4153226.5739677344,HMC,281.2954616546631
762.7620000000001,000-0000-0006,OTHERS,328745.3923339377,4153210.5673213224,HMC,295.2088770866394
762.7620000000001,000-0000-0109,OTHERS,328756.00883802417,4153215.05739549,HMC,302.8307774066925
762.7620000000001,000-0000-0003,OTHERS,328749.866888997,4153201.5600964874,HMC,298.38963198661804
762.7620000000001,000-0000-0009,OTHERS,328754.3091191934,4153193.0850965157,HMC,294.5038924217224
762.7620000000001,000-0000-0007,OTHERS,328763.4353620068,4153187.2555554276,HMC,306.27651739120483
762.7620000000001,000-0000-0037,OTHERS,328734.32725375314,4153193.9880169984,HMC,294.1802177429199
762.7620000000001,000-0000-0083,OTHERS,328744.0097050463,4153183.5967219877,HMC,293.8077645301819
762.7620000000001,000-0000-0076,OTHERS,328742.2930511521,4153189.0390055915,HMC,267.5894775390625
762.7620000000001,000-0000-0079,OTHERS,328757.28844755667,4153178.729547592,HMC,293.42922019958496
762.7620000000001,000-0000-0097,OTHERS,328768.7871380484,4153172.250797281,HMC,289.16015243530273
762.7620000000001,000-0000-0108,OTHERS,328794.7363229314,4153211.0083917193,HMC,278.50354766845703
762.7620000000001,000-0000-0064,OTHERS,328734.71329435793,4153194.6001039185,HMC,290.4959125518799
762.7620000000001,000-0000-0065,OTHERS,328752.7125073452,4153233.9870941797,HMC,291.84709548950195
762.7620000000001,000-0000-0041,OTHERS,328751.98379853414,4153190.3045723764,HMC,299.4149898290634
762.7620000000001,000-0000-0024,OTHERS,328765.5436914829,4153204.3879428124,HMC,307.8527626991272
762.7620000000001,000-0000-0100,OTHERS,328757.8217398703,4153185.8455757475,HMC,296.9208333492279
762.7620000000001,000-0000-0124,OTHERS,328735.1443965841,4153202.0948883323,HMC,295.8856792449951
762.7620000000001,000-0000-0134,OTHERS,328730.4573394828,4153212.402155725,HMC,297.5959851741791
762.7620000000001,000-0000-0094,OTHERS,328723.83649888984,4153226.359429277,HMC,288.31716442108154
762.7620000000001,000-0000-0051,OTHERS,328728.3984278457,4153218.5193206887,HMC,300.67999267578125
762.7620000000001,000-0000-0136,OTHERS,328735.11452791735,4153247.180044179,HMC,271.55738639831543
762.7620000000001,000-0000-0142,OTHERS,328803.0294310444,4153192.030972999,HMC,300.67999267578125
762.7620000000001,000-0000-0044,OTHERS,328808.80285856547,4153183.81766482,HMC,300.67999267578125
762.7620000000001,000-0000-0084,OTHERS,328770.58052794496,4153178.8959507076,HMC,300.67999267578125
762.7620000000001,000-0000-0126,OTHERS,328746.81385208765,4153176.817250305,HMC,302.0288519859314
762.7620000000001,000-0000-0059,OTHERS,328758.198986098,4153192.587569407,HMC,299.94917011260986
762.7620000000001,000-0000-0022,OTHERS,328776.3644575088,4153152.753678755,HMC,300.67999267578125
762.7620000000001,000-0000-0038,OTHERS,328765.15465837053,4153178.546843866,HMC,300.67999267578125
762.7620000000001,000-0000-0005,OTHERS,328806.4214895467,4153190.010602304,HMC,300.67999267578125
762.7620000000001,000-0000-0043,OTHERS,328738.2472462815,4153175.4752125517,HMC,300.67999267578125
762.7620000000001,000-0000-0045,OTHERS,328775.4898579374,4153305.8818011554,HMC,22.66539764404297
762.7620000000001,000-0000-0054,OTHERS,328757.21003223874,4153154.4994471483,HMC,300.67999267578125
762.7620000000001,000-0000-0072,OTHERS,328750.12376534997,4153236.791336259,HMC,264.4065246582031
762.7620000000001,000-0000-0115,OTHERS,328740.39723341604,4153181.1388055147,HMC,300.67999267578125
762.7620000000001,000-0000-0140,OTHERS,328796.10322392156,4153210.4609339284,HMC,300.67999267578125
762.7620000000001,000-0000-0110,OTHERS,328730.88314900105,4153240.510323617,HMC,300.67999267578125
762.7620000000001,000-0000-0029,OTHERS,328741.5437157794,4153177.756968288,HMC,300.67999267578125
762.7620000000001,000-0000-0102,OTHERS,328761.1888624839,4153179.0819686446,HMC,296.06052255630493
762.7620000000001,000-0000-0114,OTHERS,328740.10507366364,4153179.6563262288,HMC,300.67999267578125
762.7620000000001,000-0000-0040,OTHERS,328797.4404443811,4153208.817732204,HMC,296.42283058166504
762.7620000000001,000-0000-0068,OTHERS,328772.67777315096,4153206.5701658116,HMC,297.3511211872101
762.7620000000001,000-0000-0119,OTHERS,328736.85865390574,4153188.5524131265,HMC,300.67999267578125
762.7620000000001,000-0000-0144,OTHERS,328767.5256418096,4153185.1819250975,HMC,300.67999267578125
762.7620000000001,000-0000-0017,OTHERS,328752.3573977532,4153235.8017526893,HMC,300.67999267578125
762.7620000000001,000-0000-0106,OTHERS,328734.5659147872,4153223.188428067,HMC,292.1433572769165
762.7620000000001,000-0000-0057,OTHERS,328741.85660637805,4153242.7278004764,HMC,297.99999260902405
762.7620000000001,000-0000-0208,OTHERS,328806.4214895467,4153190.010602304,HMC,300.67999267578125
762.7620000000001,000-0000-0268,OTHERS,328757.21003223874,4153154.4994471483,HMC,300.67999267578125
762.7620000000001,000-0000-0291,OTHERS,328783.31828035944,4153262.0270178705,HMC,295.02854776382446
762.7620000000001,000-0000-0331,OTHERS,328744.7620232822,4153249.963798267,HMC,300.67999267578125
762.8720000000001,000-0000-0000,AV,328755.109766198,4153205.592287598,HMC,300.67999267578125
762.8720000000001,000-0000-0159,AGENT,328740.8619485215,4153219.809393088,HMC,296.28614377975464
762.8720000000001,000-0000-0039,OTHERS,328745.06823720655,4153218.391643449,HMC,298.93310701847076
762.8720000000001,000-0000-0092,OTHERS,328757.3254747971,4153208.1906380807,HMC,296.2086148262024
762.8720000000001,000-0000-0033,OTHERS,328732.8476286826,4153233.022604541,HMC,304.669992685318
762.8720000000001,000-0000-0013,OTHERS,328754.63822881895,4153200.0432389616,HMC,298.5710573196411
762.8720000000001,000-0000-0075,OTHERS,328738.4197236039,4153224.904209523,HMC,296.03758811950684
762.8720000000001,000-0000-0149,OTHERS,328739.8918311424,4153214.6237287764,HMC,295.28448581695557
762.8720000000001,000-0000-0117,OTHERS,328732.3138566821,4153239.736944375,HMC,289.10476875305176
762.8720000000001,000-0000-0138,OTHERS,328736.9342175446,4153235.7378011094,HMC,297.01999258995056
762.8720000000001,000-0000-0011,OTHERS,328761.8429808236,4153198.9926069453,HMC,296.34615993499756
762.8720000000001,000-0000-0055,OTHERS,328759.6378649138,4153197.492315155,HMC,280.7542266845703
762.8720000000001,000-0000-0086,OTHERS,328750.2097438482,4153238.896210368,HMC,345.10868072509766
762.8720000000001,000-0000-0130,OTHERS,328756.82499243837,4153226.86792103,HMC,288.48528957366943
762.8720000000001,000-0000-0006,OTHERS,328745.2119133888,4153210.8295768085,HMC,296.5870451927185
762.8720000000001,000-0000-0109,OTHERS,328756.21889064444,4153214.8231797987,HMC,305.38168239593506
762.8720000000001,000-0000-0003,OTHERS,328749.69009306404,4153201.905121063,HMC,297.3963871002197
762.8720000000001,000-0000-0009,OTHERS,328754.08347464656,4153193.397597642,HMC,299.08059203624725
762.8720000000001,000-0000-0007,OTHERS,328763.3064401087,4153187.5003163004,HMC,300.67999267578125
762.8720000000001,000-0000-0037,OTHERS,328734.5335256672,4153193.3386352644,HMC,290.4637870788574
762.8720000000001,000-0000-0083,OTHERS,328744.54360557324,4153181.322749394,HMC,314.1775379180908
762.8720000000001,000-0000-0076,OTHERS,328741.7298500488,4153189.143102704,HMC,315.0793209075928
762.8720000000001,000-0000-0079,OTHERS,328757.05357018,4153179.0457592406,HMC,295.9471755027771
762.8720000000001,000-0000-0097,OTHERS,328768.580932845,4153172.691794364,HMC,288.2640085220337
762.8720000000001,000-0000-0108,OTHERS,328794.2621662383,4153211.2770242733,HMC,297.8002190589905
762.8720000000001,000-0000-0065,OTHERS,328751.6147704481,4153234.085820176,HMC,300.67999267578125
762.8720000000001,000-0000-0041,OTHERS,328751.8604013452,4153190.608775963,HMC,295.23363637924194
762.8720000000001,000-0000-0024,OTHERS,328766.1673235593,4153204.5467419564,HMC,300.67999267578125
762.8720000000001,000-0000-0100,OTHERS,328757.7900250618,4153186.201088139,HMC,293.7739477157593
762.8720000000001,000-0000-0124,OTHERS,328735.1657332781,4153202.233543483,HMC,295.651789188385
762.8720000000001,000-0000-0134,OTHERS,328730.5323530988,4153213.0969231892,HMC,294.1395311355591
762.8720000000001,000-0000-0094,OTHERS,328723.5572657445,4153226.7950371746,HMC,290.58076190948486
762.8720000000001,000-0000-0051,OTHERS,328728.2135719928,4153218.9473399487,HMC,300.67999267578125
762.8720000000001,000-0000-0136,OTHERS,328734.3268115592,4153245.3318861793,HMC,339.5441207885742
762.8720000000001,000-0000-0142,OTHERS,328802.93331746187,4153192.306322859,HMC,300.67999267578125
762.8720000000001,000-0000-0084,OTHERS,328771.38858394977,4153177.406314052,HMC,300.67999267578125
762.8720000000001,000-0000-0126,OTHERS,328746.70784016245,4153177.295707969,HMC,295.63212966918945
762.8720000000001,000-0000-0059,OTHERS,328758.0389971986,4153192.9414193006,HMC,300.67999267578125
762.8720000000001,000-0000-0022,OTHERS,328776.2171475433,4153152.8290396603,HMC,300.67999267578125
762.8720000000001,000-0000-0038,OTHERS,328764.5120067856,4153178.6427881876,HMC,308.63861322402954
762.8720000000001,000-0000-0005,OTHERS,328805.1072642094,4153189.6261703162,HMC,300.67999267578125
762.8720000000001,000-0000-0043,OTHERS,328738.69035779487,4153175.660856578,HMC,283.29214668273926
762.8720000000001,000-0000-0045,OTHERS,328775.3092950991,4153306.195954502,HMC,22.813148498535156
762.8720000000001,000-0000-0054,OTHERS,328756.9431534843,4153154.8875747793,HMC,300.67999267578125
762.8720000000001,000-0000-0072,OTHERS,328748.98851861764,4153237.01447373,HMC,318.3038272857666
762.8720000000001,000-0000-0115,OTHERS,328740.0949918129,4153181.5857571065,HMC,300.67999267578125
762.8720000000001,000-0000-0140,OTHERS,328796.2341179232,4153209.992186334,HMC,300.67999267578125
762.8720000000001,000-0000-0110,OTHERS,328730.688831154,4153240.5161812725,HMC,300.67999267578125
762.8720000000001,000-0000-0029,OTHERS,328741.5568442335,4153177.730514847,HMC,300.67999267578125
762.8720000000001,000-0000-0102,OTHERS,328760.8465796372,4153179.411916095,HMC,293.1002902984619
762.8720000000001,000-0000-0040,OTHERS,328797.15052305255,4153208.9230073728,HMC,296.1107578277588
762.8720000000001,000-0000-0068,OTHERS,328771.60567787336,4153208.5370180877,HMC,297.7238471508026
762.8720000000001,000-0000-0119,OTHERS,328736.4076779509,4153188.772677087,HMC,324.4279251098633
762.8720000000001,000-0000-0144,OTHERS,328766.9431624909,4153186.7164004687,HMC,296.06378650665283
762.8720000000001,000-0000-0106,OTHERS,328734.55756361753,4153222.684118453,HMC,295.65272998809814
762.8720000000001,000-0000-0014,OTHERS,328744.9763886666,4153195.8714579516,HMC,297.39753127098083
762.8720000000001,000-0000-0057,OTHERS,328742.21377660957,4153242.125778472,HMC,298.5099925994873
762.8720000000001,000-0000-0208,OTHERS,328805.1072642094,4153189.6261703162,HMC,300.67999267578125
762.8720000000001,000-0000-0233,OTHERS,328726.8621301111,4153200.444247585,HMC,293.9508948326111
762.8720000000001,000-0000-0268,OTHERS,328756.9431534843,4153154.8875747793,HMC,300.67999267578125
762.8720000000001,000-0000-0291,OTHERS,328784.96569268923,4153258.3437566687,HMC,294.4743356704712
762.8720000000001,000-0000-0331,OTHERS,328743.6165762823,4153251.619257825,HMC,314.6881351470947
762.9730000000001,000-0000-0000,AV,328755.26711063687,4153205.260282373,HMC,297.82000732421875
762.9730000000001,000-0000-0159,AGENT,328741.7738088939,4153219.9413769203,HMC,294.18495988845825
762.9730000000001,000-0000-0039,OTHERS,328746.0527175971,4153218.249479758,HMC,294.87944412231445
762.9730000000001,000-0000-0092,OTHERS,328757.4724324261,4153208.0053923302,HMC,293.38902711868286
762.9730000000001,000-0000-0033,OTHERS,328734.3497828099,4153234.079206685,HMC,301.8100073337555
762.9730000000001,000-0000-0013,OTHERS,328754.41074848134,4153199.9521636553,HMC,296.02612137794495
762.9730000000001,000-0000-0075,OTHERS,328739.48444758536,4153225.9604713377,HMC,289.3636884689331
762.9730000000001,000-0000-0149,OTHERS,328740.5572267789,4153214.861215791,HMC,297.82000732421875
762.9730000000001,000-0000-0117,OTHERS,328734.85065025993,4153238.619922872,HMC,161.04161071777344
762.9730000000001,000-0000-0138,OTHERS,328738.6023352563,4153235.9840161116,HMC,295.4000072479248
762.9730000000001,000-0000-0011,OTHERS,328761.56061191636,4153198.5209734263,HMC,293.24889183044434
762.9730000000001,000-0000-0055,OTHERS,328759.127300269,4153197.0427736337,HMC,288.7483730316162
762.9730000000001,000-0000-0086,OTHERS,328750.1329150222,4153239.462930712,HMC,299.86916756629944
762.9730000000001,000-0000-0130,OTHERS,328757.5569141773,4153227.4512000335,HMC,282.6567659378052
762.9730000000001,000-0000-0006,OTHERS,328745.5357634236,4153211.2219260284,HMC,292.5515613555908
762.9730000000001,000-0000-0109,OTHERS,328756.9161777283,4153214.259079944,HMC,303.28369331359863
762.9730000000001,000-0000-0003,OTHERS,328749.60770859686,4153202.0724174436,HMC,294.5597038269043
762.9730000000001,000-0000-0009,OTHERS,328753.52354225074,4153193.3455398893,HMC,297.82000732421875
762.9730000000001,000-0000-0007,OTHERS,328762.7005416179,4153186.9352958505,HMC,253.00679397583008
762.9730000000001,000-0000-0037,OTHERS,328732.6977097627,4153194.0207225564,HMC,299.5339068174362
762.9730000000001,000-0000-0083,OTHERS,328743.27415006346,4153182.1243382064,HMC,308.50427055358887
762.9730000000001,000-0000-0076,OTHERS,328741.06002067775,4153189.7192274705,HMC,297.82000732421875
762.9730000000001,000-0000-0079,OTHERS,328755.8141847938,4153178.868671117,HMC,291.4062304496765
762.9730000000001,000-0000-0097,OTHERS,328766.9338378172,4153171.877208821,HMC,282.117769241333
762.9730000000001,000-0000-0108,OTHERS,328794.9015741864,4153209.055270187,HMC,270.76081466674805
762.9730000000001,000-0000-0065,OTHERS,328752.89864881,4153234.451053188,HMC,306.746506690979
762.9730000000001,000-0000-0041,OTHERS,328751.1623530776,4153190.615864657,HMC,294.85455322265625
762.9730000000001,000-0000-0024,OTHERS,328766.0638894847,4153202.933566496,HMC,310.29912853240967
762.9730000000001,000-0000-0100,OTHERS,328756.8410369896,4153185.967622371,HMC,292.82343912124634
762.9730000000001,000-0000-0124,OTHERS,328735.3330230746,4153202.801232292,HMC,291.01959896087646
762.9730000000001,000-0000-0134,OTHERS,328731.05817622435,4153214.0717229173,HMC,291.3175415992737
762.9730000000001,000-0000-0094,OTHERS,328724.11195017764,4153227.898854599,HMC,301.8008654117584
762.9730000000001,000-0000-0051,OTHERS,328728.83603935025,4153220.0270325895,HMC,297.82000732421875
762.9730000000001,000-0000-0136,OTHERS,328736.7666864089,4153245.993018762,HMC,319.84257316589355
762.9730000000001,000-0000-0142,OTHERS,328802.2487207243,4153189.770172302,HMC,297.82000732421875
762.9730000000001,000-0000-0084,OTHERS,328769.9265204435,4153176.7000369905,HMC,297.82000732421875
762.9730000000001,000-0000-0126,OTHERS,328746.19528822973,4153175.617572833,HMC,293.4003677368164
762.9730000000001,000-0000-0059,OTHERS,328757.4304945016,4153192.7024821853,HMC,297.82000732421875
762.9730000000001,000-0000-0022,OTHERS,328773.685979989,4153151.658931283,HMC,297.82000732421875
762.9730000000001,000-0000-0038,OTHERS,328763.2780291668,4153178.150863019,HMC,297.82000732421875
762.9730000000001,000-0000-0005,OTHERS,328804.9461747859,4153186.934968003,HMC,257.41435623168945
762.9730000000001,000-0000-0043,OTHERS,328736.8091557658,4153176.639502513,HMC,288.0588569641113
762.9730000000001,000-0000-0045,OTHERS,328779.7140293784,4153304.7884412487,HMC,19.476829528808594
762.9730000000001,000-0000-0054,OTHERS,328754.5737374661,4153154.717864377,HMC,297.82000732421875
762.9730000000001,000-0000-0115,OTHERS,328739.1502111787,4153181.9140917654,HMC,297.82000732421875
762.9730000000001,000-0000-0140,OTHERS,328796.44274039625,4153207.9273079517,HMC,297.82000732421875
762.9730000000001,000-0000-0110,OTHERS,328732.56987302954,4153241.47656753,HMC,297.82000732421875
762.9730000000001,000-0000-0029,OTHERS,328740.2076742035,4153178.216322228,HMC,297.82000732421875
762.9730000000001,000-0000-0102,OTHERS,328759.4675350407,4153179.0122890244,HMC,297.82000732421875
762.9730000000001,000-0000-0070,OTHERS,328700.88494101126,4153251.7060673493,HMC,296.78535068035126
762.9730000000001,000-0000-0040,OTHERS,328797.28284086625,4153206.6991466894,HMC,294.05144715309143
762.9730000000001,000-0000-0068,OTHERS,328771.14463242865,4153208.700688834,HMC,297.82000732421875
762.9730000000001,000-0000-0119,OTHERS,328735.9191673356,4153189.5098263603,HMC,286.3851366043091
762.9730000000001,000-0000-0144,OTHERS,328766.4878585029,4153184.7569547356,HMC,297.82000732421875
762.9730000000001,000-0000-0116,OTHERS,328741.581325125,4153259.4143056637,HMC,306.3675136566162
762.9730000000001,000-0000-0106,OTHERS,328735.5834588178,4153223.353935427,HMC,293.58746004104614
762.9730000000001,000-0000-0014,OTHERS,328744.7854867624,4153195.776214931,HMC,290.6280732154846
762.9730000000001,000-0000-0057,OTHERS,328744.46916981495,4153241.793511905,HMC,296.52000737190247
762.9730000000001,000-0000-0208,OTHERS,328804.9461747859,4153186.934968003,HMC,257.41435623168945
762.9730000000001,000-0000-0233,OTHERS,328726.7863956197,4153201.8043736196,HMC,292.4269914627075
762.9730000000001,000-0000-0251,OTHERS,328738.1395763265,4153167.177100877,HMC,291.35387086868286
762.9730000000001,000-0000-0268,OTHERS,328754.5737374661,4153154.717864377,HMC,297.82000732421875
762.9730000000001,000-0000-0299,OTHERS,328790.7824455654,4153250.7232243377,HMC,289.06088161468506
762.9730000000001,000-0000-0377,OTHERS,328734.67185512924,4153207.7226553108,HMC,297.82000732421875
763.073,000-0000-0000,AV,328755.45789144014,4153204.941649225,HMC,300.3399963378906
763.073,000-0000-0159,AGENT,328741.0340551473,4153219.158620069,HMC,300.3399963378906
763.073,000-0000-0039,OTHERS,328745.70475151466,4153217.384854263,HMC,298.0617425441742
763.073,000-0000-0092,OTHERS,328757.35837147606,4153208.031989998,HMC,296.36732006073
763.073,000-0000-0033,OTHERS,328733.21791320376,4153232.942470249,HMC,304.32999634742737
763.073,000-0000-0013,OTHERS,328754.6945798595,4153199.8680466264,HMC,296.62447118759155
763.073,000-0000-0075,OTHERS,328738.63630001957,4153225.1219615373,HMC,293.73036098480225
763.073,000-0000-0149,OTHERS,328740.48234191653,4153213.7492348137,HMC,300.3399963378906
763.073,000-0000-0117,OTHERS,328733.10146353586,4153238.638558862,HMC,300.3399963378906
763.073,000-0000-0138,OTHERS,328737.5846555231,4153234.687194956,HMC,297.48999643325806
763.073,000-0000-0011,OTHERS,328761.8643017835,4153198.7997088954,HMC,296.2862915992737
763.073,000-0000-0055,OTHERS,328759.5497832561,4153196.9745613844,HMC,295.2660479545593
763.073,000-0000-0086,OTHERS,328750.06326427264,4153236.72115177,HMC,259.01317977905273
763.073,000-0000-0130,OTHERS,328758.26488525525,4153226.6676300853,HMC,184.84844207763672
763.073,000-0000-0006,OTHERS,328745.3296079685,4153210.704708147,HMC,295.91282987594604
763.073,000-0000-0109,OTHERS,328756.8952182254,4153213.691573286,HMC,304.84112071990967
763.073,000-0000-0003,OTHERS,328749.76969232975,4153201.764149,HMC,297.15469002723694
763.073,000-0000-0009,OTHERS,328754.1171760098,4153193.188713312,HMC,298.73243391513824
763.073,000-0000-0007,OTHERS,328763.57584315067,4153187.5428344947,HMC,300.3399963378906
763.073,000-0000-0037,OTHERS,328733.6056352612,4153192.9725649324,HMC,294.3052649497986
763.073,000-0000-0083,OTHERS,328745.013942477,4153180.8096647197,HMC,307.33895349502563
763.073,000-0000-0076,OTHERS,328740.2434068247,4153191.162671134,HMC,305.360999584198
763.073,000-0000-0079,OTHERS,328757.0305934224,4153178.876799921,HMC,293.5444664955139
763.073,000-0000-0097,OTHERS,328768.26136464207,4153172.2694663117,HMC,290.613730430603
763.073,000-0000-0108,OTHERS,328794.55138519447,4153210.6264173677,HMC,292.5195746421814
763.073,000-0000-0065,OTHERS,328752.04152261035,4153234.162434451,HMC,304.6973466873169
763.073,000-0000-0041,OTHERS,328751.91766241816,4153190.3119745958,HMC,296.16237211227417
763.073,000-0000-0100,OTHERS,328757.70085698436,4153186.0414761696,HMC,295.67811155319214
763.073,000-0000-0124,OTHERS,328735.8345329721,4153200.9615944694,HMC,295.836528301239
763.073,000-0000-0134,OTHERS,328730.5735641628,4153212.879589537,HMC,295.6283073425293
763.073,000-0000-0094,OTHERS,328723.7610681489,4153226.6948315417,HMC,291.29498291015625
763.073,000-0000-0051,OTHERS,328728.2567589421,4153218.7825403917,HMC,300.3399963378906
763.073,000-0000-0136,OTHERS,328735.3970568635,4153244.221282569,HMC,322.9633846282959
763.073,000-0000-0142,OTHERS,328802.80775289075,4153191.8931623134,HMC,300.3399963378906
763.073,000-0000-0084,OTHERS,328771.1338714545,4153177.453742348,HMC,300.3399963378906
763.073,000-0000-0126,OTHERS,328747.8239449366,4153175.2280987576,HMC,296.57897090911865
763.073,000-0000-0059,OTHERS,328758.0622925804,4153192.7023412874,HMC,301.83804404735565
763.073,000-0000-0022,OTHERS,328775.9622057437,4153152.4944771016,HMC,300.3399963378906
763.073,000-0000-0038,OTHERS,328764.4948566178,4153178.3208333664,HMC,325.15981674194336
763.073,000-0000-0043,OTHERS,328737.6208421721,4153175.32275525,HMC,302.24522173404694
763.073,000-0000-0045,OTHERS,328772.60334528534,4153304.6337430123,HMC,22.135101318359375
763.073,000-0000-0054,OTHERS,328756.832246184,4153154.730003125,HMC,300.3399963378906
763.073,000-0000-0115,OTHERS,328740.39175373345,4153180.9812614233,HMC,300.3399963378906
763.073,000-0000-0140,OTHERS,328796.3316852397,4153209.6114038276,HMC,300.3399963378906
763.073,000-0000-0110,OTHERS,328730.98417231295,4153240.334343315,HMC,300.3399963378906
763.073,000-0000-0029,OTHERS,328741.6297567046,4153177.3316447926,HMC,300.3399963378906
763.073,000-0000-0102,OTHERS,328760.66523156676,4153179.125078096,HMC,297.23948764801025
763.073,000-0000-0070,OTHERS,328702.1663653242,4153245.796865531,HMC,298.8680282831192
763.073,000-0000-0040,OTHERS,328797.2178983977,4153208.4520327733,HMC,296.5714361667633
763.073,000-0000-0068,OTHERS,328770.4633729568,4153210.6487484057,HMC,297.2540202140808
763.073,000-0000-0119,OTHERS,328736.60861506854,4153188.4835336097,HMC,300.3399963378906
763.073,000-0000-0144,OTHERS,328768.0640561762,4153183.9028871255,HMC,300.3399963378906
763.073,000-0000-0116,OTHERS,328739.40199159976,4153258.5947227743,HMC,300.3399963378906
763.073,000-0000-0106,OTHERS,328735.34827555536,4153221.6994127473,HMC,293.89937019348145
763.073,000-0000-0014,OTHERS,328745.5958054483,4153194.580520549,HMC,292.852331161499
763.073,000-0000-0057,OTHERS,328743.34928363917,4153240.3785532983,HMC,299.2599962949753
763.073,000-0000-0215,OTHERS,328796.9879704073,4153208.543473342,HMC,296.2852096557617
763.073,000-0000-0233,OTHERS,328726.6529077492,4153200.5848404607,HMC,295.4068007469177
763.073,000-0000-0251,OTHERS,328739.83143238234,4153166.329735143,HMC,294.0473647117615
763.073,000-0000-0268,OTHERS,328756.832246184,4153154.730003125,HMC,300.3399963378906
763.073,000-0000-0291,OTHERS,328710.38844991016,4153270.8442573976,HMC,300.3399963378906
763.073,000-0000-0382,OTHERS,328785.9136737515,4153257.700738608,HMC,293.30573749542236
763.162,000-0000-0000,AV,328755.621598474,4153204.6394846905,HMC,299.94000244140625
763.162,000-0000-0159,AGENT,328741.3617947657,4153219.1207176386,HMC,294.81857919692993
763.162,000-0000-0039,OTHERS,328746.0210554895,4153216.9459607117,HMC,297.69867753982544
763.162,000-0000-0092,OTHERS,328757.4886812424,4153207.9679979873,HMC,295.18442010879517
763.162,000-0000-0033,OTHERS,328733.5644783626,4153233.018100616,HMC,303.930002450943
763.162,000-0000-0013,OTHERS,328754.60842862807,4153199.837345098,HMC,299.94000244140625
763.162,000-0000-0075,OTHERS,328738.81467204046,4153225.214938632,HMC,292.41079807281494
763.162,000-0000-0117,OTHERS,328733.5587501813,4153238.30478383,HMC,255.3554573059082
763.162,000-0000-0138,OTHERS,328737.95124726533,4153234.2175803147,HMC,296.2300024032593
763.162,000-0000-0011,OTHERS,328761.84365197807,4153198.753008347,HMC,295.5648670196533
763.162,000-0000-0055,OTHERS,328759.8516364647,4153197.072272615,HMC,274.89686012268066
763.162,000-0000-0086,OTHERS,328749.61002480035,4153236.872473435,HMC,299.1728016138077
763.162,000-0000-0130,OTHERS,328757.17313228815,4153226.6434108503,HMC,280.3306884765625
763.162,000-0000-0006,OTHERS,328745.32508753065,4153210.8519084374,HMC,295.60813570022583
763.162,000-0000-0109,OTHERS,328757.41289099545,4153213.249117065,HMC,302.896222114563
763.162,000-0000-0003,OTHERS,328749.7246521985,4153201.798729665,HMC,297.96845853328705
763.162,000-0000-0009,OTHERS,328754.03497342527,4153193.1955676633,HMC,298.9369885921478
763.162,000-0000-0007,OTHERS,328763.6694221835,4153187.4058874287,HMC,286.6421203613281
763.162,000-0000-0037,OTHERS,328733.3697362564,4153193.0377128,HMC,295.9786627292633
763.162,000-0000-0083,OTHERS,328744.6973007952,4153181.743019708,HMC,299.94000244140625
763.162,000-0000-0076,OTHERS,328739.9678594077,4153191.10126652,HMC,312.9074640274048
763.162,000-0000-0079,OTHERS,328756.8930380481,4153178.8964442587,HMC,294.52188539505005
763.162,000-0000-0097,OTHERS,328768.1199311309,4153172.368746949,HMC,293.5990285873413
763.162,000-0000-0108,OTHERS,328794.73119469616,4153210.5708229546,HMC,275.14543533325195
763.162,000-0000-0065,OTHERS,328752.68525536446,4153229.5325585636,HMC,47.524749755859375
763.162,000-0000-0041,OTHERS,328751.8098911149,4153190.3035622877,HMC,294.88686084747314
763.162,000-0000-0100,OTHERS,328757.5699897222,4153186.0481013036,HMC,297.1282649040222
763.162,000-0000-0124,OTHERS,328737.7679417668,4153197.4263663474,HMC,296.3378279209137
763.162,000-0000-0134,OTHERS,328730.38879168255,4153212.9523669505,HMC,296.11962056159973
763.162,000-0000-0094,OTHERS,328723.922554912,4153227.0843296205,HMC,285.62305545806885
763.162,000-0000-0051,OTHERS,328728.25730500655,4153218.8748059147,HMC,318.2489700317383
763.162,000-0000-0136,OTHERS,328736.70429681224,4153243.8289622045,HMC,297.7035086154938
763.162,000-0000-0142,OTHERS,328802.77185091,4153191.5770703475,HMC,299.94000244140625
763.162,000-0000-0084,OTHERS,328771.03442765714,4153177.21701441,HMC,299.94000244140625
763.162,000-0000-0126,OTHERS,328746.91611501656,4153176.4129039445,HMC,290.27786350250244
763.162,000-0000-0059,OTHERS,328757.92869528173,4153192.7654553805,HMC,300.76195335388184
763.162,000-0000-0022,OTHERS,328775.77102495683,4153152.100111192,HMC,299.94000244140625
763.162,000-0000-0038,OTHERS,328764.3403395352,4153178.4688665117,HMC,302.42968940734863
763.162,000-0000-0043,OTHERS,328737.81931658165,4153176.2819267595,HMC,286.52829933166504
763.162,000-0000-0045,OTHERS,328772.36026272463,4153304.253460583,HMC,21.17780303955078
763.162,000-0000-0054,OTHERS,328756.45866437873,4153154.682139247,HMC,299.94000244140625
763.162,000-0000-0072,OTHERS,328725.0200953781,4153278.0012683207,HMC,322.03429794311523
763.162,000-0000-0115,OTHERS,328740.4817097919,4153180.9216115787,HMC,299.94000244140625
763.162,000-0000-0140,OTHERS,328796.29253024823,4153209.4807658284,HMC,299.94000244140625
763.162,000-0000-0029,OTHERS,328741.47839199385,4153177.2888280964,HMC,299.94000244140625
763.162,000-0000-0102,OTHERS,328760.4111267379,4153179.2263445733,HMC,296.8102972507477
763.162,000-0000-0070,OTHERS,328701.973677474,4153249.176002134,HMC,289.3994083404541
763.162,000-0000-0040,OTHERS,328797.25484495034,4153208.084870248,HMC,296.17144227027893
763.162,000-0000-0068,OTHERS,328769.421071992,4153212.3898746087,HMC,299.2594493031502
763.162,000-0000-0119,OTHERS,328736.60943183256,4153188.412688594,HMC,299.94000244140625
763.162,000-0000-0144,OTHERS,328767.05477893323,4153185.511264132,HMC,299.94000244140625
763.162,000-0000-0116,OTHERS,328740.4063914447,4153258.126261723,HMC,299.94000244140625
763.162,000-0000-0106,OTHERS,328735.37209718535,4153221.683741285,HMC,296.86592388153076
763.162,000-0000-0014,OTHERS,328745.8174191405,4153193.7605607747,HMC,297.05073595046997
763.162,000-0000-0010,OTHERS,328774.6409097248,4153223.858411502,HMC,299.94000244140625
763.162,000-0000-0057,OTHERS,328744.0667144265,4153239.5285181548,HMC,299.6700024306774
763.162,000-0000-0215,OTHERS,328797.05109777057,4153208.1599753015,HMC,297.34311389923096
763.162,000-0000-0233,OTHERS,328726.30627539556,4153200.608009751,HMC,299.94000244140625
763.162,000-0000-0251,OTHERS,328738.15156363486,4153168.796277691,HMC,294.05900287628174
763.162,000-0000-0268,OTHERS,328756.45866437873,4153154.682139247,HMC,299.94000244140625
763.272,000-0000-0000,AV,328755.77048597863,4153204.3333701757,HMC,298.7200012207031
763.272,000-0000-0159,AGENT,328741.56753589155,4153219.160860959,HMC,298.7200012207031
763.272,000-0000-0039,OTHERS,328746.5153527868,4153216.741622118,HMC,294.3912091255188
763.272,000-0000-0092,OTHERS,328757.86268466257,4153207.360370152,HMC,293.09337425231934
763.272,000-0000-0033,OTHERS,328734.13457778934,4153233.4142502584,HMC,302.71000123023987
763.272,000-0000-0013,OTHERS,328754.6415930348,4153199.71476605,HMC,295.10302209854126
763.272,000-0000-0075,OTHERS,328739.2388864097,4153225.513247978,HMC,291.8897352218628
763.272,000-0000-0149,OTHERS,328741.16046622285,4153213.1843864103,HMC,298.7200012207031
763.272,000-0000-0117,OTHERS,328733.17041002616,4153240.075752749,HMC,298.7200012207031
763.272,000-0000-0138,OTHERS,328738.7026632087,4153233.921789027,HMC,295.5400011539459
763.272,000-0000-0011,OTHERS,328761.79046431516,4153198.5152624603,HMC,294.7728707790375
763.272,000-0000-0055,OTHERS,328759.35755607276,4153196.5718678553,HMC,301.02733397483826
763.272,000-0000-0130,OTHERS,328757.65342806425,4153226.4599291044,HMC,293.9415955543518
763.272,000-0000-0006,OTHERS,328745.46247447695,4153210.8825907004,HMC,296.04866886138916
763.272,000-0000-0109,OTHERS,328757.7645823554,4153212.743734752,HMC,302.6959502696991
763.272,000-0000-0003,OTHERS,328749.61406554014,4153201.748257345,HMC,298.1304055452347
763.272,000-0000-0009,OTHERS,328753.8719703688,4153193.1059352527,HMC,294.06086015701294
763.272,000-0000-0007,OTHERS,328763.231651987,4153187.0773958885,HMC,298.7200012207031
763.272,000-0000-0037,OTHERS,328732.62316650536,4153193.0890813866,HMC,293.0089554786682
763.272,000-0000-0083,OTHERS,328743.87680495204,4153183.108141696,HMC,290.3188285827637
763.272,000-0000-0076,OTHERS,328739.5705129436,4153192.6799755045,HMC,297.28763604164124
763.272,000-0000-0079,OTHERS,328756.3890949287,4153178.780847591,HMC,298.7200012207031
763.272,000-0000-0097,OTHERS,328767.3723228642,4153171.9106306494,HMC,301.59294605255127
763.272,000-0000-0108,OTHERS,328794.23683641123,4153210.254463124,HMC,303.03749322891235
763.272,000-0000-0065,OTHERS,328752.9824701834,4153234.335010001,HMC,291.1615033149719
763.272,000-0000-0041,OTHERS,328751.519128273,4153190.295090121,HMC,294.5435013771057
763.272,000-0000-0024,OTHERS,328710.9862869956,4153244.2698437916,HMC,298.7200012207031
763.272,000-0000-0100,OTHERS,328757.31307547167,4153185.903997236,HMC,290.607852935791
763.272,000-0000-0124,OTHERS,328736.27747371804,4153200.277082016,HMC,294.02937507629395
763.272,000-0000-0134,OTHERS,328730.61883891805,4153213.2913652565,HMC,294.43292760849
763.272,000-0000-0094,OTHERS,328724.35247462767,4153227.2846613,HMC,288.4352960586548
763.272,000-0000-0051,OTHERS,328728.72363044886,4153219.410974709,HMC,298.7200012207031
763.272,000-0000-0136,OTHERS,328737.3264204687,4153242.997987841,HMC,318.4802665710449
763.272,000-0000-0142,OTHERS,328802.50152312696,4153190.500463578,HMC,298.7200012207031
763.272,000-0000-0084,OTHERS,328770.51990238123,4153176.8052692553,HMC,298.7200012207031
763.272,000-0000-0126,OTHERS,328746.3608687344,4153176.514001433,HMC,285.95018672943115
763.272,000-0000-0059,OTHERS,328757.7137299978,4153192.599223403,HMC,298.7200012207031
763.272,000-0000-0022,OTHERS,328774.96854947717,4153151.644631086,HMC,298.7200012207031
763.272,000-0000-0038,OTHERS,328763.86364965263,4153178.187521377,HMC,303.35196018218994
763.272,000-0000-0005,OTHERS,328711.1355345431,4153246.5391372433,HMC,298.7200012207031
763.272,000-0000-0043,OTHERS,328737.1307162851,4153175.8994294303,HMC,294.2959551811218
763.272,000-0000-0045,OTHERS,328777.8789338981,4153305.019840616,HMC,19.894851684570312
763.272,000-0000-0054,OTHERS,328755.45474010444,4153154.5211620266,HMC,298.7200012207031
763.272,000-0000-0072,OTHERS,328728.211251045,4153277.9274079944,HMC,266.6644477844238
763.272,000-0000-0115,OTHERS,328740.00279884296,4153181.0555941695,HMC,298.7200012207031
763.272,000-0000-0140,OTHERS,328796.42923143937,4153208.543592688,HMC,298.7200012207031
763.272,000-0000-0029,OTHERS,328741.103618557,4153177.213390802,HMC,298.7200012207031
763.272,000-0000-0102,OTHERS,328759.7985947853,4153178.8708247794,HMC,289.67419815063477
763.272,000-0000-0070,OTHERS,328701.88381374377,4153250.6379257143,HMC,307.59250354766846
763.272,000-0000-0068,OTHERS,328769.1688872705,4153213.0056664553,HMC,297.3581360578537
763.272,000-0000-0119,OTHERS,328736.41635063407,4153188.5955921453,HMC,314.2185945510864
763.272,000-0000-0144,OTHERS,328766.6701151721,4153185.1627872377,HMC,298.7200012207031
763.272,000-0000-0106,OTHERS,328736.1710731451,4153221.6882406105,HMC,288.97114849090576
763.272,000-0000-0014,OTHERS,328745.8709131474,4153193.3715599417,HMC,306.0029807090759
763.272,000-0000-0010,OTHERS,328775.1280066711,4153223.367801541,HMC,296.08383417129517
763.272,000-0000-0057,OTHERS,328745.18570592685,4153238.8424244393,HMC,298.6500012204051
763.272,000-0000-0215,OTHERS,328797.2860928012,4153207.2741680993,HMC,293.380419254303
763.272,000-0000-0233,OTHERS,328727.0520280135,4153200.106154099,HMC,294.0336036682129
763.272,000-0000-0251,OTHERS,328737.68447631085,4153168.954977853,HMC,296.91997385025024
763.272,000-0000-0268,OTHERS,328755.45474010444,4153154.5211620266,HMC,298.7200012207031
763.272,000-0000-0272,OTHERS,328775.52176839253,4153275.631494587,HMC,302.513964176178
763.272,000-0000-0299,OTHERS,328744.19055257115,4153151.599128616,HMC,298.7200012207031
763.272,000-0000-0336,OTHERS,328792.69165083877,4153244.470700045,HMC,288.9651565551758
763.3720000000001,000-0000-0000,AV,328755.77048597863,4153204.3333701757,HMC,298.7200012207031
763.3720000000001,000-0000-0159,AGENT,328741.35592758656,4153219.570505698,HMC,294.53529357910156
763.3720000000001,000-0000-0039,OTHERS,328746.5081027491,4153216.627518666,HMC,295.7599642276764
763.3720000000001,000-0000-0092,OTHERS,328757.75660734234,4153207.3349320013,HMC,294.2688555717468
763.3720000000001,000-0000-0033,OTHERS,328733.97059628135,4153233.609468301,HMC,302.71000123023987
763.3720000000001,000-0000-0013,OTHERS,328754.4493164211,4153200.04526714,HMC,297.17811930179596
763.3720000000001,000-0000-0075,OTHERS,328739.26477870194,4153225.8241712693,HMC,283.8977508544922
763.3720000000001,000-0000-0117,OTHERS,328733.5839998055,4153240.1635497697,HMC,278.8932361602783
763.3720000000001,000-0000-0138,OTHERS,328738.7350977579,4153233.6544914306,HMC,294.9300012588501
763.3720000000001,000-0000-0011,OTHERS,328761.6399615158,4153198.7630975856,HMC,294.7587230205536
763.3720000000001,000-0000-0055,OTHERS,328759.06225437525,4153196.7735795784,HMC,311.36934089660645
763.3720000000001,000-0000-0130,OTHERS,328757.16793462116,4153227.873948026,HMC,277.82423973083496
763.3720000000001,000-0000-0006,OTHERS,328745.362623169,4153211.1554480074,HMC,293.4388074874878
763.3720000000001,000-0000-0109,OTHERS,328757.9838122011,4153212.485136138,HMC,302.51629543304443
763.3720000000001,000-0000-0003,OTHERS,328749.54325844324,4153201.9599206545,HMC,298.7200012207031
763.3720000000001,000-0000-0009,OTHERS,328753.6985338405,4153193.3242507027,HMC,296.7146625518799
763.3720000000001,000-0000-0007,OTHERS,328762.9786034801,4153187.4248941685,HMC,304.94514179229736
763.3720000000001,000-0000-0037,OTHERS,328732.9260560885,4153191.3935655034,HMC,343.0181579589844
763.3720000000001,000-0000-0083,OTHERS,328744.0172007189,4153182.559190759,HMC,294.66631984710693
763.3720000000001,000-0000-0076,OTHERS,328739.3136679253,4153192.90348307,HMC,298.7200012207031
763.3720000000001,000-0000-0079,OTHERS,328756.35596389265,4153179.018685018,HMC,293.83434772491455
763.3720000000001,000-0000-0097,OTHERS,328767.17073623417,4153172.2033236,HMC,307.53410816192627
763.3720000000001,000-0000-0108,OTHERS,328794.3988591579,4153209.906548,HMC,298.7200012207031
763.3720000000001,000-0000-0065,OTHERS,328753.5522628069,4153234.4090226856,HMC,283.60118770599365
763.3720000000001,000-0000-0041,OTHERS,328751.5007143035,4153190.4161409168,HMC,294.69611835479736
763.3720000000001,000-0000-0100,OTHERS,328757.09885835234,4153186.1472217124,HMC,294.29586029052734
763.3720000000001,000-0000-0124,OTHERS,328736.60613951564,4153199.607753083,HMC,291.8205041885376
763.3720000000001,000-0000-0134,OTHERS,328730.26217401354,4153213.958343153,HMC,294.27917861938477
763.3720000000001,000-0000-0094,OTHERS,328724.19034015853,4153227.6374283275,HMC,291.3355941772461
763.3720000000001,000-0000-0051,OTHERS,328728.528971578,4153219.6074852343,HMC,298.7200012207031
763.3720000000001,000-0000-0136,OTHERS,328737.2322805875,4153243.4549423326,HMC,304.0632629394531
763.3720000000001,000-0000-0084,OTHERS,328770.36419545795,4153177.2534219967,HMC,298.7200012207031
763.3720000000001,000-0000-0126,OTHERS,328746.78165072657,4153175.6514565586,HMC,285.2062358856201
763.3720000000001,000-0000-0059,OTHERS,328757.6246553957,4153192.7898018016,HMC,299.5411069393158
763.3720000000001,000-0000-0022,OTHERS,328774.9048776034,4153151.783926994,HMC,298.7200012207031
763.3720000000001,000-0000-0038,OTHERS,328763.6732854162,4153178.4089345546,HMC,308.8719902038574
763.3720000000001,000-0000-0043,OTHERS,328736.5329090224,4153176.5414036424,HMC,293.13452100753784
763.3720000000001,000-0000-0045,OTHERS,328773.5247722421,4153303.7895948933,HMC,20.281349182128906
763.3720000000001,000-0000-0072,OTHERS,328728.91010451847,4153276.835208357,HMC,259.54838943481445
763.3720000000001,000-0000-0115,OTHERS,328739.77133749996,4153181.2902746457,HMC,298.7200012207031
763.3720000000001,000-0000-0140,OTHERS,328796.24308401323,4153208.905218715,HMC,298.7200012207031
763.3720000000001,000-0000-0110,OTHERS,328723.77200197114,4153239.9244165625,HMC,315.8618965148926
763.3720000000001,000-0000-0029,OTHERS,328741.0159566702,4153177.362841479,HMC,298.7200012207031
763.3720000000001,000-0000-0102,OTHERS,328759.7677865588,4153179.0247241906,HMC,292.2404727935791
763.3720000000001,000-0000-0070,OTHERS,328701.95827551,4153251.059474454,HMC,291.76874685287476
763.3720000000001,000-0000-0068,OTHERS,328768.37394506374,4153213.715429867,HMC,298.7200012207031
763.3720000000001,000-0000-0119,OTHERS,328736.4067460103,4153188.738640824,HMC,298.7200012207031
763.3720000000001,000-0000-0144,OTHERS,328766.5402710906,4153185.4381320807,HMC,298.7200012207031
763.3720000000001,000-0000-0106,OTHERS,328736.3109295013,4153221.568765975,HMC,285.35210609436035
763.3720000000001,000-0000-0014,OTHERS,328746.1488843537,4153192.79227108,HMC,298.7200012207031
763.3720000000001,000-0000-0010,OTHERS,328774.75586543616,4153224.3296633326,HMC,290.36678314208984
763.3720000000001,000-0000-0012,OTHERS,328746.6176417867,4153185.957165879,HMC,293.36230087280273
763.3720000000001,000-0000-0057,OTHERS,328745.30283061083,4153238.1084097694,HMC,297.96000123023987
763.3720000000001,000-0000-0215,OTHERS,328796.98712192645,4153207.534105629,HMC,296.11425614356995
763.3720000000001,000-0000-0233,OTHERS,328726.59707906423,4153201.931461975,HMC,293.85676193237305
763.3720000000001,000-0000-0251,OTHERS,328737.6016405466,4153169.370182598,HMC,298.7200012207031
763.3720000000001,000-0000-0272,OTHERS,328775.05598830053,4153276.3304131203,HMC,297.05664801597595
763.3720000000001,000-0000-0318,OTHERS,328789.4338498111,4153251.6984104854,HMC,291.14762449264526
763.3720000000001,000-0000-0382,OTHERS,328763.33521612716,4153194.1160473125,HMC,298.7200012207031
763.462,000-0000-0000,AV,328755.93202126585,4153204.0545617403,HMC,298.5899963378906
763.462,000-0000-0159,AGENT,328741.52682672534,4153219.5646483474,HMC,288.7834310531616
763.462,000-0000-0039,OTHERS,328746.8724728719,4153216.043462966,HMC,293.654137134552
763.462,000-0000-0092,OTHERS,328757.4965340754,4153208.066639867,HMC,293.6646475791931
763.462,000-0000-0033,OTHERS,328734.0789808442,4153233.5995653337,HMC,302.57999634742737
763.462,000-0000-0013,OTHERS,328754.4927679603,4153199.980708796,HMC,298.5899963378906
763.462,000-0000-0075,OTHERS,328739.06694974704,4153225.82606344,HMC,291.80414056777954
763.462,000-0000-0117,OTHERS,328733.9465193643,4153239.153996342,HMC,298.5899963378906
763.462,000-0000-0138,OTHERS,328738.8872532459,4153233.031203724,HMC,293.89999628067017
763.462,000-0000-0011,OTHERS,328761.6534429999,4153198.7610105034,HMC,294.1972737312317
763.462,000-0000-0055,OTHERS,328759.435947263,4153196.950061584,HMC,285.89684104919434
763.462,000-0000-0130,OTHERS,328757.7031549239,4153226.7173581785,HMC,281.4673271179199
763.462,000-0000-0006,OTHERS,328745.3391266082,4153211.0684877527,HMC,296.33010959625244
763.462,000-0000-0109,OTHERS,328758.3649797069,4153211.9577159896,HMC,301.2802469730377
763.462,000-0000-0003,OTHERS,328749.5974882985,4153202.004513561,HMC,296.9304770231247
763.462,000-0000-0009,OTHERS,328753.67463593563,4153193.3278898913,HMC,297.8312506079674
763.462,000-0000-0007,OTHERS,328763.1083482019,4153187.3121992466,HMC,298.5899963378906
763.462,000-0000-0037,OTHERS,328734.0918269728,4153193.7020141496,HMC,291.9640083312988
763.462,000-0000-0083,OTHERS,328744.3277338482,4153181.9740385306,HMC,298.5899963378906
763.462,000-0000-0076,OTHERS,328739.9812002147,4153191.7073696493,HMC,298.5899963378906
763.462,000-0000-0079,OTHERS,328756.3610525865,4153179.019446357,HMC,290.90757179260254
763.462,000-0000-0097,OTHERS,328767.35679567093,4153172.3012921987,HMC,298.5899963378906
763.462,000-0000-0108,OTHERS,328794.59151828947,4153209.800713367,HMC,298.5899963378906
763.462,000-0000-0065,OTHERS,328753.6393698199,4153234.3893402135,HMC,283.82937717437744
763.462,000-0000-0041,OTHERS,328751.50027036446,4153190.396645409,HMC,293.8444871902466
763.462,000-0000-0100,OTHERS,328757.06110375246,4153186.0884858463,HMC,301.0178174972534
763.462,000-0000-0124,OTHERS,328737.301229075,4153198.322800554,HMC,285.76782608032227
763.462,000-0000-0134,OTHERS,328730.20970111055,4153213.8112684265,HMC,295.94260263442993
763.462,000-0000-0094,OTHERS,328724.12256280874,4153227.7250685636,HMC,291.1113977432251
763.462,000-0000-0051,OTHERS,328728.60802756477,4153219.661438608,HMC,298.5899963378906
763.462,000-0000-0136,OTHERS,328738.6003488045,4153241.832190262,HMC,290.4786911010742
763.462,000-0000-0084,OTHERS,328770.4444927389,4153177.058016834,HMC,298.5899963378906
763.462,000-0000-0126,OTHERS,328746.0186634554,4153177.563906566,HMC,285.6474657058716
763.462,000-0000-0059,OTHERS,328757.6257693972,4153192.858057045,HMC,298.5899963378906
763.462,000-0000-0038,OTHERS,328763.76352825935,4153178.4404189745,HMC,296.872327208519
763.462,000-0000-0043,OTHERS,328736.80552832637,4153175.9463724243,HMC,293.16961002349854
763.462,000-0000-0045,OTHERS,328772.8223885506,4153303.4919308913,HMC,20.154144287109375
763.462,000-0000-0115,OTHERS,328739.8847421692,4153181.168937364,HMC,298.5899963378906
763.462,000-0000-0140,OTHERS,328796.2759463478,4153208.7872061343,HMC,298.5899963378906
763.462,000-0000-0110,OTHERS,328724.33324884035,4153239.556623,HMC,298.5899963378906
763.462,000-0000-0029,OTHERS,328741.13856193516,4153177.086654712,HMC,298.5899963378906
763.462,000-0000-0102,OTHERS,328760.0370332691,4153179.139392184,HMC,290.46917057037354
763.462,000-0000-0070,OTHERS,328702.05465502164,4153251.0670961,HMC,291.50100803375244
763.462,000-0000-0068,OTHERS,328768.1755829464,4153215.2766363462,HMC,298.5899963378906
763.462,000-0000-0119,OTHERS,328736.46444427996,4153188.621463983,HMC,298.5899963378906
763.462,000-0000-0144,OTHERS,328766.8846173631,4153184.8730216483,HMC,298.5899963378906
763.462,000-0000-0116,OTHERS,328772.62750948704,4153265.4452389395,HMC,293.432843208313
763.462,000-0000-0106,OTHERS,328736.1403114016,4153221.58278584,HMC,291.39766454696655
763.462,000-0000-0014,OTHERS,328746.4385712689,4153192.073619933,HMC,298.5899963378906
763.462,000-0000-0012,OTHERS,328746.40633478406,4153186.6460355795,HMC,294.9568819999695
763.462,000-0000-0057,OTHERS,328745.7403460314,4153237.2785696457,HMC,296.89999628067017
763.462,000-0000-0053,OTHERS,328748.3623734971,4153172.7325223177,HMC,253.86190032958984
763.462,000-0000-0061,OTHERS,328749.2217673096,4153170.040920919,HMC,298.5899963378906
763.462,000-0000-0118,OTHERS,328752.18496615224,4153163.0118115195,HMC,298.5899963378906
763.462,000-0000-0215,OTHERS,328800.8256927412,4153198.3729965515,HMC,298.5899963378906
763.462,000-0000-0233,OTHERS,328726.5221589353,4153201.3490388007,HMC,295.93257904052734
763.462,000-0000-0251,OTHERS,328737.3409014133,4153169.122894347,HMC,298.5899963378906
763.462,000-0000-0366,OTHERS,328776.96398472297,4153276.5887870966,HMC,298.5899963378906
763.572,000-0000-0000,AV,328756.05984454567,4153203.7847732133,HMC,298.3800048828125
763.572,000-0000-0159,AGENT,328741.7106051016,4153219.532000598,HMC,285.9257116317749
763.572,000-0000-0039,OTHERS,328746.9790480688,4153215.674646343,HMC,295.7426106929779
763.572,000-0000-0092,OTHERS,328757.5397547622,4153207.9441156043,HMC,293.921067237854
763.572,000-0000-0033,OTHERS,328734.2201723506,4153233.585630729,HMC,302.37000489234924
763.572,000-0000-0013,OTHERS,328754.535491234,4153199.8711838466,HMC,297.51094299554825
763.572,000-0000-0075,OTHERS,328739.2491193413,4153225.7681649495,HMC,290.0631580352783
763.572,000-0000-0117,OTHERS,328732.8402408839,4153241.112376959,HMC,298.3800048828125
763.572,000-0000-0138,OTHERS,328739.21999549755,4153232.5359807215,HMC,292.71000480651855
763.572,000-0000-0011,OTHERS,328761.6703821808,4153198.6386087732,HMC,295.12258100509644
763.572,000-0000-0055,OTHERS,328759.527275005,4153196.7609799546,HMC,282.27223205566406
763.572,000-0000-0130,OTHERS,328757.80251832894,4153226.87704209,HMC,307.2890911102295
763.572,000-0000-0006,OTHERS,328745.3667013728,4153211.0841648374,HMC,294.98482179641724
763.572,000-0000-0109,OTHERS,328758.4795123955,4153211.4375143372,HMC,298.93445068597794
763.572,000-0000-0003,OTHERS,328749.5894821576,4153201.9065104336,HMC,298.8917165994644
763.572,000-0000-0009,OTHERS,328753.52685772936,4153193.157636316,HMC,304.3476552963257
763.572,000-0000-0007,OTHERS,328763.2849051219,4153187.2707937215,HMC,294.6611006259918
763.572,000-0000-0037,OTHERS,328734.1863971798,4153192.0052585355,HMC,286.46607398986816
763.572,000-0000-0083,OTHERS,328744.12857092754,4153182.004452175,HMC,309.2031297683716
763.572,000-0000-0076,OTHERS,328739.80637655675,4153191.366146701,HMC,302.1512064933777
763.572,000-0000-0079,OTHERS,328756.325643864,4153178.9559215847,HMC,294.2453088760376
763.572,000-0000-0097,OTHERS,328767.37851954665,4153172.1696985685,HMC,297.7146316766739
763.572,000-0000-0108,OTHERS,328794.4835958362,4153209.623916165,HMC,296.11706829071045
763.572,000-0000-0065,OTHERS,328753.1346365455,4153234.1206424986,HMC,298.3800048828125
763.572,000-0000-0041,OTHERS,328751.5385022028,4153190.3048229506,HMC,291.01426935195923
763.572,000-0000-0024,OTHERS,328770.4998815792,4153269.648659028,HMC,297.6779198050499
763.572,000-0000-0100,OTHERS,328757.05794594757,4153185.9617893263,HMC,298.3800048828125
763.572,000-0000-0124,OTHERS,328737.5169971611,4153197.6515346863,HMC,291.6635808944702
763.572,000-0000-0134,OTHERS,328730.4682158142,4153213.6860900815,HMC,294.6954982280731
763.572,000-0000-0094,OTHERS,328724.3907439723,4153227.511126674,HMC,290.22640895843506
763.572,000-0000-0051,OTHERS,328728.54352439503,4153219.599544984,HMC,329.44163513183594
763.572,000-0000-0136,OTHERS,328738.5145135286,4153240.679370336,HMC,300.3800048828125
763.572,000-0000-0142,OTHERS,328789.8673180057,4153265.721279338,HMC,298.3800048828125
763.572,000-0000-0084,OTHERS,328770.44881615724,4153176.8914889214,HMC,298.3800048828125
763.572,000-0000-0126,OTHERS,328745.99415698356,4153177.0604831767,HMC,291.52747917175293
763.572,000-0000-0059,OTHERS,328757.6445592467,4153192.7508279746,HMC,298.3800048828125
763.572,000-0000-0038,OTHERS,328763.8082270395,4153178.3477934077,HMC,293.03361082077026
763.572,000-0000-0005,OTHERS,328777.58170810906,4153270.0891915327,HMC,254.1904640197754
763.572,000-0000-0043,OTHERS,328737.8383956795,4153175.250491553,HMC,277.26972579956055
763.572,000-0000-0045,OTHERS,328772.3005831943,4153303.143872735,HMC,19.533653259277344
763.572,000-0000-0115,OTHERS,328739.9689587424,4153181.0012304997,HMC,298.3800048828125
763.572,000-0000-0140,OTHERS,328796.3502500457,4153208.668899431,HMC,298.3800048828125
763.572,000-0000-0110,OTHERS,328724.8107744486,4153238.6838103146,HMC,295.7639949321747
763.572,000-0000-0029,OTHERS,328741.12722659274,4153177.0202553016,HMC,298.3800048828125
763.572,000-0000-0102,OTHERS,328759.923606435,4153179.087800149,HMC,295.40142464637756
763.572,000-0000-0068,OTHERS,328767.90609652636,4153215.2192498324,HMC,292.30215549468994
763.572,000-0000-0119,OTHERS,328736.52568193764,4153188.3972523077,HMC,298.3800048828125
763.572,000-0000-0144,OTHERS,328766.6047468749,4153185.238327797,HMC,298.3800048828125
763.572,000-0000-0116,OTHERS,328772.34807110264,4153265.4350284697,HMC,303.25986194610596
763.572,000-0000-0106,OTHERS,328736.363340772,4153221.1537949876,HMC,291.6896800994873
763.572,000-0000-0014,OTHERS,328746.6720366398,4153191.534950785,HMC,298.3800048828125
763.572,000-0000-0012,OTHERS,328746.7896582262,4153184.1965027195,HMC,298.3800048828125
763.572,000-0000-0057,OTHERS,328746.16344761354,4153236.514481835,HMC,295.71000480651855
763.572,000-0000-0053,OTHERS,328748.12006633816,4153172.7298655333,HMC,298.3800048828125
763.572,000-0000-0061,OTHERS,328749.18724194466,4153169.934853423,HMC,298.3800048828125
763.572,000-0000-0118,OTHERS,328752.2037106958,4153162.805695832,HMC,298.3800048828125
763.572,000-0000-0215,OTHERS,328800.84991981916,4153198.018684932,HMC,298.3800048828125
763.572,000-0000-0233,OTHERS,328726.7292151916,4153201.431382964,HMC,293.97250986099243
763.572,000-0000-0251,OTHERS,328737.3548933208,4153169.101331085,HMC,298.3800048828125
763.572,000-0000-0336,OTHERS,328738.98538329266,4153192.754655255,HMC,298.3800048828125
763.572,000-0000-0366,OTHERS,328777.4138515486,4153276.498582941,HMC,297.13126361370087
763.672,000-0000-0000,AV,328756.21270185953,4153203.5425906605,HMC,298.97998046875
763.672,000-0000-0159,AGENT,328741.4489350133,4153219.574338775,HMC,285.549599647522
763.672,000-0000-0039,OTHERS,328747.08276367007,4153215.1548109525,HMC,295.50410890579224
763.672,000-0000-0092,OTHERS,328757.54526468745,4153207.9530687816,HMC,294.0763735771179
763.672,000-0000-0033,OTHERS,328733.9652704331,4153233.2880817596,HMC,302.96998047828674
763.672,000-0000-0013,OTHERS,328754.61676480377,4153199.8447851203,HMC,297.11446261405945
763.672,000-0000-0075,OTHERS,328738.99237753305,4153225.4636984635,HMC,291.10870838165283
763.672,000-0000-0117,OTHERS,328733.75199430215,4153238.018364875,HMC,331.4898376464844
763.672,000-0000-0138,OTHERS,328738.9993654539,4153231.732323716,HMC,292.3199806213379
763.672,000-0000-0011,OTHERS,328761.78974114667,4153198.6823762488,HMC,295.24419713020325
763.672,000-0000-0055,OTHERS,328759.6192420906,4153196.664287905,HMC,290.8540925979614
763.672,000-0000-0130,OTHERS,328757.0025335394,4153227.4609607034,HMC,285.921630859375
763.672,000-0000-0006,OTHERS,328745.3249143449,4153210.845103567,HMC,296.5318410396576
763.672,000-0000-0109,OTHERS,328758.7092898868,4153211.1066256696,HMC,300.269499540329
763.672,000-0000-0003,OTHERS,328749.745300604,4153201.8392792773,HMC,298.97998046875
763.672,000-0000-0009,OTHERS,328753.73703842214,4153193.1267715776,HMC,301.9584255218506
763.672,000-0000-0007,OTHERS,328762.98416721035,4153187.152784022,HMC,318.51856994628906
763.672,000-0000-0037,OTHERS,328733.50066410773,4153192.8123286357,HMC,293.2176957130432
763.672,000-0000-0083,OTHERS,328744.5382607343,4153181.768635712,HMC,298.97998046875
763.672,000-0000-0076,OTHERS,328740.39664234046,4153191.354984098,HMC,290.40600776672363
763.672,000-0000-0079,OTHERS,328756.6863430918,4153178.910952957,HMC,295.37897634506226
763.672,000-0000-0097,OTHERS,328768.4956077137,4153171.397117595,HMC,160.93003845214844
763.672,000-0000-0108,OTHERS,328794.4858229426,4153210.1890774835,HMC,298.97998046875
763.672,000-0000-0065,OTHERS,328752.75652394636,4153234.154942558,HMC,298.97998046875
763.672,000-0000-0041,OTHERS,328751.8020659674,4153190.160098198,HMC,293.4338517189026
763.672,000-0000-0024,OTHERS,328769.5888143719,4153269.9653276033,HMC,298.2778953909874
763.672,000-0000-0100,OTHERS,328757.37200119847,4153186.055746492,HMC,295.18717098236084
763.672,000-0000-0124,OTHERS,328737.67866335984,4153196.400203208,HMC,305.4668560028076
763.672,000-0000-0134,OTHERS,328730.2042247046,4153213.4176046974,HMC,295.7671527862549
763.672,000-0000-0094,OTHERS,328724.12787451205,4153227.166293238,HMC,290.3012590408325
763.672,000-0000-0051,OTHERS,328728.48259156564,4153219.220995716,HMC,298.97998046875
763.672,000-0000-0136,OTHERS,328738.70862844447,4153239.6875390173,HMC,303.22998046875
763.672,000-0000-0142,OTHERS,328789.213081556,4153266.408738686,HMC,298.97998046875
763.672,000-0000-0084,OTHERS,328770.93938687624,4153177.0581195685,HMC,298.97998046875
763.672,000-0000-0126,OTHERS,328746.511956719,4153176.7984422846,HMC,288.0072498321533
763.672,000-0000-0059,OTHERS,328757.79111266887,4153192.6615130724,HMC,300.8152413368225
763.672,000-0000-0022,OTHERS,328754.2268086958,4153160.9404492164,HMC,298.97998046875
763.672,000-0000-0038,OTHERS,328764.1736287642,4153178.4211662333,HMC,295.82617688179016
763.672,000-0000-0005,OTHERS,328775.5684935167,4153268.8056675317,HMC,342.5672073364258
763.672,000-0000-0043,OTHERS,328736.35840563633,4153177.037624176,HMC,295.87164282798767
763.672,000-0000-0045,OTHERS,328772.21079110715,4153303.6836781893,HMC,20.77264404296875
763.672,000-0000-0072,OTHERS,328757.05939311854,4153227.798591473,HMC,298.97998046875
763.672,000-0000-0115,OTHERS,328740.3123486842,4153180.6287798,HMC,298.97998046875
763.672,000-0000-0140,OTHERS,328796.23724807345,4153209.358747652,HMC,298.97998046875
763.672,000-0000-0110,OTHERS,328725.1587248064,4153236.9792804606,HMC,288.0817985534668
763.672,000-0000-0029,OTHERS,328741.5655386632,4153176.696686794,HMC,298.97998046875
763.672,000-0000-0102,OTHERS,328760.2578228211,4153178.9496410405,HMC,298.0907271504402
763.672,000-0000-0119,OTHERS,328736.7812669537,4153188.1091319206,HMC,298.97998046875
763.672,000-0000-0144,OTHERS,328767.50317267637,4153184.132596784,HMC,298.97998046875
763.672,000-0000-0106,OTHERS,328736.46801584127,4153220.136908482,HMC,293.0250835418701
763.672,000-0000-0014,OTHERS,328747.2053420638,4153190.8429898806,HMC,295.5673952102661
763.672,000-0000-0012,OTHERS,328747.12630272633,4153183.784211421,HMC,298.97998046875
763.672,000-0000-0057,OTHERS,328746.26482466795,4153235.642004027,HMC,296.80998039245605
763.672,000-0000-0053,OTHERS,328748.73388939287,4153172.5227478514,HMC,298.97998046875
763.672,000-0000-0061,OTHERS,328749.6509404117,4153169.8147541187,HMC,298.97998046875
763.672,000-0000-0118,OTHERS,328752.69869605795,4153162.7505287076,HMC,298.97998046875
763.672,000-0000-0215,OTHERS,328800.9445416183,4153198.4908800195,HMC,298.97998046875
763.672,000-0000-0233,OTHERS,328726.8630870281,4153200.564267561,HMC,294.1635174751282
763.672,000-0000-0251,OTHERS,328737.73133387545,4153169.03306273,HMC,298.97998046875
763.672,000-0000-0272,OTHERS,328734.8193726218,4153194.152963925,HMC,298.97998046875
763.672,000-0000-0318,OTHERS,328805.74245763564,4153236.9319764897,HMC,298.97998046875
763.672,000-0000-0336,OTHERS,328739.4653177827,4153192.8398732822,HMC,298.97998046875
763.672,000-0000-0366,OTHERS,328775.1540500089,4153275.9776524534,HMC,304.8724241256714
763.672,000-0000-0369,OTHERS,328779.2390171555,4153248.872955564,HMC,295.31325221061707
763.672,000-0000-0386,OTHERS,328827.7277913818,4153238.2439842513,HMC,291.46030855178833
763.772,000-0000-0000,AV,328756.3366109764,4153203.2902737777,HMC,299.3900146484375
763.772,000-0000-0159,AGENT,328741.4799292462,4153219.1347618713,HMC,287.67625427246094
763.772,000-0000-0039,OTHERS,328747.1871924452,4153214.713276251,HMC,294.6014266014099
763.772,000-0000-0092,OTHERS,328757.5410263314,4153207.864942675,HMC,294.94072008132935
763.772,000-0000-0033,OTHERS,328733.7106263509,4153233.069079365,HMC,303.38001465797424
763.772,000-0000-0013,OTHERS,328754.71614808845,4153199.721234911,HMC,295.68326783180237
763.772,000-0000-0075,OTHERS,328738.793211187,4153225.0833888547,HMC,296.6498351097107
763.772,000-0000-0117,OTHERS,328733.4392208525,4153237.961253031,HMC,299.3900146484375
763.772,000-0000-0138,OTHERS,328739.0256389328,4153231.07017293,HMC,293.97001457214355
763.772,000-0000-0011,OTHERS,328761.8812624961,4153198.645321451,HMC,295.1973147392273
763.772,000-0000-0055,OTHERS,328759.72416426626,4153196.555973425,HMC,290.1415500640869
763.772,000-0000-0130,OTHERS,328756.61109064415,4153227.379118412,HMC,299.3900146484375
763.772,000-0000-0006,OTHERS,328745.3295663211,4153210.6698888717,HMC,297.45288383960724
763.772,000-0000-0109,OTHERS,328758.85543497716,4153210.5797110633,HMC,302.1953730583191
763.772,000-0000-0003,OTHERS,328749.7447941921,4153201.6464775912,HMC,299.3900146484375
763.772,000-0000-0009,OTHERS,328754.0230747958,4153193.0611917246,HMC,299.3900146484375
763.772,000-0000-0007,OTHERS,328763.938161816,4153187.3657059586,HMC,255.82557678222656
763.772,000-0000-0037,OTHERS,328733.846812473,4153192.577663119,HMC,293.6453561782837
763.772,000-0000-0083,OTHERS,328744.9891797591,4153181.422899097,HMC,256.2410125732422
763.772,000-0000-0076,OTHERS,328740.36905041814,4153191.13252144,HMC,299.3900146484375
763.772,000-0000-0079,OTHERS,328756.9477811894,4153178.8328825873,HMC,290.5678234100342
763.772,000-0000-0097,OTHERS,328768.29134538944,4153172.443021734,HMC,282.55810165405273
763.772,000-0000-0108,OTHERS,328794.66321576876,4153210.517403902,HMC,281.7613182067871
763.772,000-0000-0065,OTHERS,328752.4656194333,4153234.3800619487,HMC,298.7743045091629
763.772,000-0000-0041,OTHERS,328751.9254370661,4153189.993980723,HMC,294.1414246559143
763.772,000-0000-0024,OTHERS,328769.3935703615,4153269.4706990053,HMC,290.6691598892212
763.772,000-0000-0100,OTHERS,328757.59091699927,4153185.8731207917,HMC,295.16855335235596
763.772,000-0000-0124,OTHERS,328738.28350700135,4153196.5506212576,HMC,299.3900146484375
763.772,000-0000-0134,OTHERS,328730.79688447516,4153213.403971509,HMC,295.244704246521
763.772,000-0000-0094,OTHERS,328723.8820559204,4153226.812998856,HMC,294.62324380874634
763.772,000-0000-0051,OTHERS,328728.38621245645,4153218.9099881155,HMC,299.3900146484375
763.772,000-0000-0136,OTHERS,328738.9614083798,4153238.7236613515,HMC,304.95001459121704
763.772,000-0000-0142,OTHERS,328788.0616842597,4153266.292792215,HMC,339.96871185302734
763.772,000-0000-0126,OTHERS,328746.3680621481,4153177.081468966,HMC,299.3900146484375
763.772,000-0000-0059,OTHERS,328757.857436739,4153192.5433169757,HMC,302.548944234848
763.772,000-0000-0022,OTHERS,328754.60473571945,4153160.901527089,HMC,299.3900146484375
763.772,000-0000-0038,OTHERS,328764.45700525306,4153178.419347626,HMC,295.664288520813
763.772,000-0000-0005,OTHERS,328776.5530593843,4153269.2088869307,HMC,159.57809448242188
763.772,000-0000-0043,OTHERS,328737.0378801671,4153176.3957284894,HMC,293.38705015182495
763.772,000-0000-0045,OTHERS,328770.5705959939,4153303.445713232,HMC,21.031761169433594
763.772,000-0000-0115,OTHERS,328740.59238920466,4153180.3468274563,HMC,299.3900146484375
763.772,000-0000-0140,OTHERS,328796.2601100492,4153209.4589854227,HMC,299.3900146484375
763.772,000-0000-0110,OTHERS,328725.1935688175,4153237.795206887,HMC,288.49134635925293
763.772,000-0000-0029,OTHERS,328741.86265501607,4153176.242087713,HMC,299.3900146484375
763.772,000-0000-0102,OTHERS,328760.41069993615,4153178.9192964104,HMC,295.4935395717621
763.772,000-0000-0070,OTHERS,328760.20882448956,4153210.366170306,HMC,299.3900146484375
763.772,000-0000-0119,OTHERS,328737.04650418955,4153187.71168724,HMC,299.3900146484375
763.772,000-0000-0144,OTHERS,328766.76048205385,4153186.3760288907,HMC,294.35265731811523
763.772,000-0000-0106,OTHERS,328736.5597115776,4153219.552353817,HMC,291.3744373321533
763.772,000-0000-0014,OTHERS,328747.5747481584,4153190.1428757883,HMC,296.34036326408386
763.772,000-0000-0012,OTHERS,328747.4491687474,4153183.372596352,HMC,299.3900146484375
763.772,000-0000-0057,OTHERS,328746.32303003507,4153234.7212798847,HMC,298.0900146961212
763.772,000-0000-0053,OTHERS,328749.04987882555,4153172.276549093,HMC,277.78672790527344
763.772,000-0000-0061,OTHERS,328750.0101140398,4153169.684000105,HMC,299.3900146484375
763.772,000-0000-0118,OTHERS,328753.133402185,4153162.6998360413,HMC,299.3900146484375
763.772,000-0000-0213,OTHERS,328780.12781790295,4153270.446321499,HMC,292.74292039871216
763.772,000-0000-0215,OTHERS,328801.0763899553,4153198.798009307,HMC,299.3900146484375
763.772,000-0000-0233,OTHERS,328726.5644911432,4153201.490258584,HMC,295.2266969680786
763.772,000-0000-0251,OTHERS,328737.735935573,4153168.4513679384,HMC,299.3900146484375
763.772,000-0000-0272,OTHERS,328734.8475378013,4153193.7113053687,HMC,299.3900146484375
763.772,000-0000-0336,OTHERS,328738.8011697733,4153192.9111015424,HMC,316.5856990814209
763.772,000-0000-0369,OTHERS,328779.0476375004,4153248.6280683186,HMC,296.87675380706787
763.772,000-0000-0386,OTHERS,328827.35598271823,4153238.541333497,HMC,293.0647282600403
763.862,000-0000-0000,AV,328756.3366109764,4153203.2902737777,HMC,299.3900146484375
763.862,000-0000-0159,AGENT,328741.2116900179,4153219.428310108,HMC,286.01657485961914
763.862,000-0000-0039,OTHERS,328747.2712959748,4153214.486352264,HMC,295.6950013637543
763.862,000-0000-0092,OTHERS,328757.4397261483,4153208.149132601,HMC,294.21359300613403
763.862,000-0000-0033,OTHERS,328733.5253457418,4153233.1942647556,HMC,303.38001465797424
763.862,000-0000-0013,OTHERS,328754.5434228623,4153200.0082729347,HMC,298.13695204257965
763.862,000-0000-0075,OTHERS,328738.698797965,4153225.5627720943,HMC,290.71160316467285
763.862,000-0000-0117,OTHERS,328731.98542638845,4153238.8381556533,HMC,338.5874214172363
763.862,000-0000-0138,OTHERS,328739.1728641324,4153230.8087837896,HMC,295.7800147533417
763.862,000-0000-0011,OTHERS,328761.76506867516,4153198.8923069118,HMC,295.70414423942566
763.862,000-0000-0055,OTHERS,328759.52931159217,4153196.814108868,HMC,294.96722888946533
763.862,000-0000-0130,OTHERS,328756.2861552705,4153227.742486094,HMC,299.3900146484375
763.862,000-0000-0006,OTHERS,328745.20239080954,4153210.9859595937,HMC,296.716756105423
763.862,000-0000-0109,OTHERS,328759.0685919779,4153210.3794377814,HMC,299.96345180273056
763.862,000-0000-0003,OTHERS,328749.6913605519,4153201.801302071,HMC,297.3045823574066
763.862,000-0000-0009,OTHERS,328753.9789126464,4153193.2252057362,HMC,299.3900146484375
763.862,000-0000-0007,OTHERS,328763.75141628407,4153187.6557406,HMC,270.7982654571533
763.862,000-0000-0037,OTHERS,328734.42537128186,4153191.1948262253,HMC,293.5568928718567
763.862,000-0000-0083,OTHERS,328744.7508692015,4153181.7649071324,HMC,299.3900146484375
763.862,000-0000-0076,OTHERS,328739.0515062833,4153193.2773900647,HMC,299.3900146484375
763.862,000-0000-0079,OTHERS,328756.8421636145,4153179.073846353,HMC,295.019540309906
763.862,000-0000-0097,OTHERS,328768.13954791793,4153172.564632469,HMC,284.7440605163574
763.862,000-0000-0108,OTHERS,328794.3919462267,4153210.5321695255,HMC,299.3900146484375
763.862,000-0000-0065,OTHERS,328752.51035592903,4153234.160850209,HMC,291.7149295806885
763.862,000-0000-0041,OTHERS,328751.8594705474,4153190.2653159285,HMC,292.7673316001892
763.862,000-0000-0024,OTHERS,328768.45379712776,4153271.044600415,HMC,294.13990354537964
763.862,000-0000-0100,OTHERS,328757.4537437679,4153186.1535819545,HMC,295.61548614501953
763.862,000-0000-0124,OTHERS,328738.21308793436,4153196.6731274035,HMC,299.3900146484375
763.862,000-0000-0134,OTHERS,328729.9350459685,4153213.1432710798,HMC,297.30859756469727
763.862,000-0000-0094,OTHERS,328723.81755713973,4153227.147357045,HMC,291.4630765914917
763.862,000-0000-0051,OTHERS,328728.2427149696,4153218.9737644144,HMC,299.3900146484375
763.862,000-0000-0136,OTHERS,328739.3485000196,4153238.138288713,HMC,303.0300147533417
763.862,000-0000-0142,OTHERS,328788.15022132365,4153266.569957068,HMC,299.3900146484375
763.862,000-0000-0126,OTHERS,328746.5198349127,4153177.379248985,HMC,290.4731607437134
763.862,000-0000-0059,OTHERS,328757.8621411954,4153192.864073656,HMC,299.3900146484375
763.862,000-0000-0038,OTHERS,328764.54776079307,4153178.8515058584,HMC,297.2241847515106
763.862,000-0000-0005,OTHERS,328775.0199334584,4153271.336379822,HMC,304.316499710083
763.862,000-0000-0043,OTHERS,328736.61790324317,4153177.236899623,HMC,294.49026823043823
763.862,000-0000-0045,OTHERS,328769.2705236357,4153303.405340898,HMC,20.82654571533203
763.862,000-0000-0115,OTHERS,328740.52699732775,4153180.535730142,HMC,299.3900146484375
763.862,000-0000-0140,OTHERS,328796.12542855303,4153209.7344513377,HMC,299.3900146484375
763.862,000-0000-0110,OTHERS,328724.88930538663,4153236.947869827,HMC,299.3900146484375
763.862,000-0000-0029,OTHERS,328741.81283137324,4153176.4347263663,HMC,299.3900146484375
763.862,000-0000-0102,OTHERS,328760.4404128776,4153179.196535315,HMC,297.5994031429291
763.862,000-0000-0068,OTHERS,328764.4535693709,4153221.9484184887,HMC,297.9960860013962
763.862,000-0000-0119,OTHERS,328737.0120322611,4153187.5969365546,HMC,299.3900146484375
763.862,000-0000-0144,OTHERS,328766.7501587106,4153186.619148384,HMC,293.19858980178833
763.862,000-0000-0116,OTHERS,328755.7848506808,4153229.4867398012,HMC,299.3900146484375
763.862,000-0000-0106,OTHERS,328736.5155862926,4153219.6347045144,HMC,291.4713077545166
763.862,000-0000-0014,OTHERS,328747.9005450856,4153189.398018227,HMC,295.50888228416443
763.862,000-0000-0012,OTHERS,328748.20508905814,4153181.985240037,HMC,299.3900146484375
763.862,000-0000-0057,OTHERS,328746.6174804343,4153234.198501603,HMC,298.31001460552216
763.862,000-0000-0053,OTHERS,328749.0706863774,4153172.61435492,HMC,262.9961967468262
763.862,000-0000-0061,OTHERS,328749.950499117,4153169.9535145084,HMC,299.3900146484375
763.862,000-0000-0118,OTHERS,328753.17280174146,4153162.911891254,HMC,299.3900146484375
763.862,000-0000-0233,OTHERS,328726.40351004363,4153201.796059168,HMC,293.9817337989807
763.862,000-0000-0251,OTHERS,328738.23125532153,4153168.117261991,HMC,297.4366207122803
763.862,000-0000-0272,OTHERS,328734.7433819486,4153193.729788494,HMC,299.3900146484375
763.862,000-0000-0366,OTHERS,328809.7622157681,4153239.7328368076,HMC,299.3900146484375
763.862,000-0000-0369,OTHERS,328778.8306047285,4153249.1035496485,HMC,297.3148398399353
763.972,000-0000-0000,AV,328756.46490026335,4153203.0502623934,HMC,298.6199951171875
763.972,000-0000-0159,AGENT,328741.53192592395,4153219.7039853088,HMC,283.58420181274414
763.972,000-0000-0039,OTHERS,328747.5330788175,4153214.2523275265,HMC,295.3914546966553
763.972,000-0000-0092,OTHERS,328757.5745685943,4153208.0226488905,HMC,293.22019720077515
763.972,000-0000-0033,OTHERS,328733.96177392046,4153233.433676618,HMC,302.60999512672424
763.972,000-0000-0013,OTHERS,328754.5883391726,4153199.9209798635,HMC,297.08682334423065
763.972,000-0000-0075,OTHERS,328738.9587069739,4153225.6621165085,HMC,293.02922916412354
763.972,000-0000-0117,OTHERS,328732.8873811289,4153239.508197317,HMC,298.6199951171875
763.972,000-0000-0138,OTHERS,328739.84017437656,4153230.4897128325,HMC,296.9599951505661
763.972,000-0000-0011,OTHERS,328761.7641002547,4153198.7305230894,HMC,295.46215772628784
763.972,000-0000-0055,OTHERS,328759.4416808989,4153196.5291126445,HMC,303.7074327468872
763.972,000-0000-0130,OTHERS,328757.01386971603,4153227.3667347473,HMC,276.6485137939453
763.972,000-0000-0006,OTHERS,328745.30836511456,4153211.0318888994,HMC,295.6606545448303
763.972,000-0000-0109,OTHERS,328759.61367394635,4153210.2161426083,HMC,297.42318546772003
763.972,000-0000-0003,OTHERS,328749.68252860673,4153201.7658885,HMC,298.6199951171875
763.972,000-0000-0009,OTHERS,328753.4199646677,4153192.827523227,HMC,343.2773551940918
763.972,000-0000-0007,OTHERS,328763.28379062423,4153187.230368126,HMC,298.6199951171875
763.972,000-0000-0037,OTHERS,328733.6329096297,4153192.6435498525,HMC,294.65385127067566
763.972,000-0000-0079,OTHERS,328756.5393969579,4153178.9549366585,HMC,294.65451669692993
763.972,000-0000-0097,OTHERS,328767.90057691076,4153172.9413464894,HMC,265.98187255859375
763.972,000-0000-0108,OTHERS,328794.44309733436,4153210.1287020547,HMC,298.6199951171875
763.972,000-0000-0065,OTHERS,328752.860414198,4153234.070038278,HMC,292.1438546180725
763.972,000-0000-0041,OTHERS,328751.759489613,4153190.2156232134,HMC,292.5316243171692
763.972,000-0000-0024,OTHERS,328772.2204831949,4153265.569298191,HMC,282.2857856750488
763.972,000-0000-0100,OTHERS,328757.2730174502,4153186.0436014575,HMC,294.52445125579834
763.972,000-0000-0124,OTHERS,328738.20100707625,4153196.7665526695,HMC,298.6199951171875
763.972,000-0000-0134,OTHERS,328730.96134440735,4153213.8226043964,HMC,293.7160310745239
763.972,000-0000-0094,OTHERS,328724.2109217419,4153227.2519124276,HMC,290.980619430542
763.972,000-0000-0051,OTHERS,328728.50047055585,4153219.415329066,HMC,298.6199951171875
763.972,000-0000-0136,OTHERS,328740.3896669776,4153237.624701174,HMC,300.2799950838089
763.972,000-0000-0142,OTHERS,328788.7265297656,4153266.0136675606,HMC,298.6199951171875
763.972,000-0000-0126,OTHERS,328746.75399885443,4153176.6686180052,HMC,298.6199951171875
763.972,000-0000-0059,OTHERS,328757.6970148805,4153192.7274496364,HMC,301.7526707649231
763.972,000-0000-0038,OTHERS,328764.55734162184,4153178.647779729,HMC,283.28011894226074
763.972,000-0000-0043,OTHERS,328737.31748110795,4153175.373227883,HMC,293.0196146965027
763.972,000-0000-0045,OTHERS,328776.12347498245,4153305.1432598736,HMC,20.864173889160156
763.972,000-0000-0072,OTHERS,328805.8105462597,4153237.1001211703,HMC,298.6199951171875
763.972,000-0000-0115,OTHERS,328740.4093482913,4153180.3845447083,HMC,298.6199951171875
763.972,000-0000-0140,OTHERS,328796.2718725474,4153209.170332854,HMC,298.6199951171875
763.972,000-0000-0029,OTHERS,328741.5158534131,4153176.4049764774,HMC,298.6199951171875
763.972,000-0000-0102,OTHERS,328760.2758419055,4153179.0705395266,HMC,294.47885370254517
763.972,000-0000-0068,OTHERS,328764.1455469193,4153222.8932316387,HMC,297.68003112077713
763.972,000-0000-0119,OTHERS,328736.80231690325,4153187.7049281267,HMC,298.6199951171875
763.972,000-0000-0144,OTHERS,328766.64310396917,4153186.3955118963,HMC,291.4400463104248
763.972,000-0000-0106,OTHERS,328737.19579784543,4153219.5501682833,HMC,290.3183584213257
763.972,000-0000-0014,OTHERS,328748.0484344839,4153188.8614910194,HMC,295.3269302845001
763.972,000-0000-0012,OTHERS,328747.8306624008,4153182.2432211484,HMC,298.6199951171875
763.972,000-0000-0057,OTHERS,328747.3376902926,4153233.555614598,HMC,298.34999510645866
763.972,000-0000-0053,OTHERS,328748.58834012825,4153172.6276687044,HMC,298.6199951171875
763.972,000-0000-0061,OTHERS,328749.59528345667,4153169.862095168,HMC,298.6199951171875
763.972,000-0000-0118,OTHERS,328752.707293522,4153162.772560859,HMC,298.6199951171875
763.972,000-0000-0001,OTHERS,328743.14253572136,4153202.4144580266,HMC,293.36090087890625
763.972,000-0000-0018,OTHERS,328744.3907434206,4153162.9073974816,HMC,298.6199951171875
763.972,000-0000-0213,OTHERS,328749.79654366645,4153236.5688673756,HMC,341.06774139404297
763.972,000-0000-0233,OTHERS,328726.3648353742,4153202.170212727,HMC,293.51790714263916
763.972,000-0000-0251,OTHERS,328738.64233630954,4153167.772228742,HMC,293.2921895980835
763.972,000-0000-0272,OTHERS,328734.9039199779,4153193.884740804,HMC,298.6199951171875
763.972,000-0000-0335,OTHERS,328739.66048729216,4153193.034203473,HMC,292.95947313308716
763.972,000-0000-0366,OTHERS,328810.2469340979,4153238.970383582,HMC,298.6199951171875
763.972,000-0000-0369,OTHERS,328779.39458608226,4153248.7250006483,HMC,295.1976971626282
763.972,000-0000-0386,OTHERS,328754.08509070426,4153229.035932036,HMC,298.6199951171875
764.062,000-0000-0000,AV,328756.56900501635,4153202.82388494,HMC,296.21002197265625
764.062,000-0000-0159,AGENT,328742.650868224,4153216.9993168744,HMC,296.21002197265625
764.062,000-0000-0039,OTHERS,328748.20450980595,4153214.2296360275,HMC,290.5704507827759
764.062,000-0000-0092,OTHERS,328757.71833616483,4153207.927394367,HMC,292.3226134777069
764.062,000-0000-0033,OTHERS,328735.18534009496,4153234.26194295,HMC,300.200021982193
764.062,000-0000-0013,OTHERS,328754.51962855726,4153199.9567519785,HMC,294.21222388744354
764.062,000-0000-0075,OTHERS,328739.8953423527,4153226.189728056,HMC,289.85210847854614
764.062,000-0000-0117,OTHERS,328734.36024329835,4153240.466963903,HMC,296.21002197265625
764.062,000-0000-0138,OTHERS,328741.22252250253,4153230.602033237,HMC,295.0400220155716
764.062,000-0000-0011,OTHERS,328761.6160158329,4153198.474121804,HMC,292.518253326416
764.062,000-0000-0055,OTHERS,328759.4760090236,4153196.488621381,HMC,281.23526668548584
764.062,000-0000-0130,OTHERS,328758.2650050855,4153227.689425377,HMC,259.8311958312988
764.062,000-0000-0006,OTHERS,328745.6679558166,4153211.351894839,HMC,293.2363860607147
764.062,000-0000-0109,OTHERS,328759.90778983047,4153209.5240365164,HMC,292.1134624481201
764.062,000-0000-0003,OTHERS,328749.57631591125,4153202.0672400417,HMC,296.964269220829
764.062,000-0000-0009,OTHERS,328753.9463866345,4153192.6882006912,HMC,296.21002197265625
764.062,000-0000-0007,OTHERS,328762.7209645341,4153187.192325025,HMC,298.7139492034912
764.062,000-0000-0037,OTHERS,328733.6812823915,4153192.3812008514,HMC,293.15512442588806
764.062,000-0000-0079,OTHERS,328755.6056638273,4153178.8865093603,HMC,292.69605445861816
764.062,000-0000-0097,OTHERS,328766.5953075061,4153172.0983343665,HMC,270.0687599182129
764.062,000-0000-0108,OTHERS,328794.97978584527,4153207.830960796,HMC,296.21002197265625
764.062,000-0000-0065,OTHERS,328753.75583512586,4153234.2264525965,HMC,302.52655696868896
764.062,000-0000-0041,OTHERS,328751.29074297554,4153190.3291493934,HMC,293.5876772403717
764.062,000-0000-0024,OTHERS,328774.41329022683,4153265.2365445164,HMC,279.8758125305176
764.062,000-0000-0100,OTHERS,328756.61520065094,4153185.943533809,HMC,295.1480885744095
764.062,000-0000-0124,OTHERS,328737.983368938,4153197.5323567367,HMC,296.21002197265625
764.062,000-0000-0134,OTHERS,328731.351515659,4153214.9015992396,HMC,292.5893588066101
764.062,000-0000-0094,OTHERS,328725.08091501525,4153228.425763811,HMC,289.6774888038635
764.062,000-0000-0051,OTHERS,328729.20137744345,4153220.4303654074,HMC,296.21002197265625
764.062,000-0000-0136,OTHERS,328742.248909759,4153237.4605344054,HMC,297.3800219297409
764.062,000-0000-0142,OTHERS,328791.1650174395,4153264.7634492866,HMC,296.21002197265625
764.062,000-0000-0059,OTHERS,328757.291293186,4153192.750805856,HMC,298.66878604888916
764.062,000-0000-0038,OTHERS,328763.35298311216,4153178.2710164487,HMC,291.4112071990967
764.062,000-0000-0043,OTHERS,328736.1270346589,4153176.1229935023,HMC,291.7187809944153
764.062,000-0000-0045,OTHERS,328780.18614770455,4153304.271655456,HMC,18.74443817138672
764.062,000-0000-0072,OTHERS,328806.961588098,4153235.4030872327,HMC,296.21002197265625
764.062,000-0000-0115,OTHERS,328739.65897300775,4153180.921786209,HMC,296.21002197265625
764.062,000-0000-0140,OTHERS,328796.4461973459,4153207.67212168,HMC,296.21002197265625
764.062,000-0000-0029,OTHERS,328740.6574626766,4153176.847408191,HMC,296.21002197265625
764.062,000-0000-0102,OTHERS,328759.3633039838,4153178.8278453015,HMC,290.7000494003296
764.062,000-0000-0068,OTHERS,328764.0797549781,4153224.044888002,HMC,295.47646337747574
764.062,000-0000-0119,OTHERS,328736.3242115455,4153188.241251573,HMC,296.21002197265625
764.062,000-0000-0144,OTHERS,328765.8226025392,4153185.9832774894,HMC,292.48339438438416
764.062,000-0000-0106,OTHERS,328738.25343823194,4153220.020535407,HMC,289.64714002609253
764.062,000-0000-0014,OTHERS,328747.7528790274,4153188.506046573,HMC,295.01299381256104
764.062,000-0000-0012,OTHERS,328747.5429321925,4153181.4199369107,HMC,296.21002197265625
764.062,000-0000-0057,OTHERS,328748.95274364855,4153233.125659123,HMC,296.1400219723582
764.062,000-0000-0053,OTHERS,328747.4568527632,4153172.854244728,HMC,282.3789978027344
764.062,000-0000-0061,OTHERS,328748.29888516164,4153170.1117010945,HMC,296.21002197265625
764.062,000-0000-0118,OTHERS,328751.1489098982,4153162.9890762297,HMC,296.21002197265625
764.062,000-0000-0001,OTHERS,328743.41345962527,4153202.410842633,HMC,289.7436475753784
764.062,000-0000-0018,OTHERS,328742.747790958,4153163.434541403,HMC,296.21002197265625
764.062,000-0000-0062,OTHERS,328724.3745417032,4153209.2248224746,HMC,289.02827882766724
764.062,000-0000-0211,OTHERS,328788.7308479151,4153256.001101277,HMC,291.23369455337524
764.062,000-0000-0233,OTHERS,328726.34103796625,4153203.448566972,HMC,291.75056314468384
764.062,000-0000-0251,OTHERS,328737.00465025916,4153169.041962332,HMC,291.14856815338135
764.062,000-0000-0256,OTHERS,328783.31398355373,4153269.308873092,HMC,289.8815612792969
764.062,000-0000-0272,OTHERS,328734.75773295556,4153194.612528058,HMC,296.21002197265625
764.062,000-0000-0335,OTHERS,328739.4486867787,4153193.4466068954,HMC,289.60883235931396
764.062,000-0000-0366,OTHERS,328811.7989135452,4153236.8287855587,HMC,296.21002197265625
764.062,000-0000-0369,OTHERS,328780.958940747,4153247.6602017167,HMC,300.05733847618103
764.172,000-0000-0000,AV,328756.6905086912,4153202.5978891402,HMC,299.6300048828125
764.172,000-0000-0159,AGENT,328741.3123541309,4153216.881483509,HMC,299.6300048828125
764.172,000-0000-0039,OTHERS,328747.66754680336,4153213.165712019,HMC,296.77648401260376
764.172,000-0000-0092,OTHERS,328757.4243235858,4153207.9861193686,HMC,295.6035361289978
764.172,000-0000-0033,OTHERS,328733.33314143494,4153232.741808857,HMC,303.62000489234924
764.172,000-0000-0013,OTHERS,328754.6640543851,4153199.844592614,HMC,299.6300048828125
764.172,000-0000-0075,OTHERS,328738.5300784574,4153225.192870622,HMC,292.53334856033325
764.172,000-0000-0117,OTHERS,328732.0150675951,4153238.8510802113,HMC,304.0050492286682
764.172,000-0000-0138,OTHERS,328739.86258449097,4153229.1503079217,HMC,299.33000487089157
764.172,000-0000-0011,OTHERS,328761.8661236631,4153198.781847348,HMC,296.8545730113983
764.172,000-0000-0055,OTHERS,328759.81258198665,4153196.5586216403,HMC,291.3279094696045
764.172,000-0000-0130,OTHERS,328756.58222263627,4153227.29307627,HMC,274.8996047973633
764.172,000-0000-0006,OTHERS,328745.1385171978,4153210.779293098,HMC,295.9666922092438
764.172,000-0000-0109,OTHERS,328759.7215092018,4153209.300408119,HMC,295.4629716873169
764.172,000-0000-0003,OTHERS,328749.78188538516,4153201.6191190267,HMC,298.93383687734604
764.172,000-0000-0009,OTHERS,328754.81020535115,4153192.650241849,HMC,264.94868087768555
764.172,000-0000-0007,OTHERS,328763.95704092766,4153187.63060031,HMC,270.89244270324707
764.172,000-0000-0037,OTHERS,328734.3641743386,4153190.0371544897,HMC,299.6300048828125
764.172,000-0000-0079,OTHERS,328757.11241962604,4153178.8918524426,HMC,295.8292031288147
764.172,000-0000-0097,OTHERS,328768.44525891787,4153172.5213917783,HMC,299.6300048828125
764.172,000-0000-0108,OTHERS,328794.7357682489,4153210.0778674413,HMC,299.6300048828125
764.172,000-0000-0065,OTHERS,328751.1715349402,4153233.6013775817,HMC,301.44584012031555
764.172,000-0000-0041,OTHERS,328751.6790275485,4153189.846465201,HMC,299.6300048828125
764.172,000-0000-0024,OTHERS,328770.2180190074,4153266.5428421986,HMC,283.2957954406738
764.172,000-0000-0100,OTHERS,328757.66742418805,4153186.0579008167,HMC,296.38177371025085
764.172,000-0000-0124,OTHERS,328738.3453303519,4153196.396892923,HMC,299.6300048828125
764.172,000-0000-0134,OTHERS,328730.5025598504,4153212.831560331,HMC,293.3575201034546
764.172,000-0000-0094,OTHERS,328723.62374101946,4153226.5007075663,HMC,291.4133024215698
764.172,000-0000-0051,OTHERS,328728.06592797727,4153218.6851770678,HMC,299.6300048828125
764.172,000-0000-0136,OTHERS,328740.4524756549,4153235.6981720235,HMC,299.93000489473343
764.172,000-0000-0142,OTHERS,328787.31915814284,4153266.649168747,HMC,299.6300048828125
764.172,000-0000-0059,OTHERS,328757.9473752017,4153192.8488112036,HMC,303.3403317928314
764.172,000-0000-0038,OTHERS,328764.7253391061,4153178.6516052266,HMC,296.4750862121582
764.172,000-0000-0005,OTHERS,328811.09514357627,4153225.5259090737,HMC,266.1534538269043
764.172,000-0000-0043,OTHERS,328737.9126825992,4153174.414852803,HMC,298.8976829648018
764.172,000-0000-0045,OTHERS,328773.62265206396,4153305.3553056214,HMC,22.477432250976562
764.172,000-0000-0072,OTHERS,328804.4604970978,4153238.150091394,HMC,299.6300048828125
764.172,000-0000-0115,OTHERS,328741.0638813382,4153179.8007517722,HMC,299.6300048828125
764.172,000-0000-0140,OTHERS,328796.10292484995,4153210.0011857795,HMC,299.6300048828125
764.172,000-0000-0029,OTHERS,328742.3230604506,4153175.7392454217,HMC,299.6300048828125
764.172,000-0000-0102,OTHERS,328760.82745749276,4153179.08066139,HMC,299.6300048828125
764.172,000-0000-0068,OTHERS,328762.2761045509,4153225.7448289557,HMC,297.7857450246811
764.172,000-0000-0119,OTHERS,328737.28012276365,4153186.8608705513,HMC,299.6300048828125
764.172,000-0000-0144,OTHERS,328766.9731471218,4153186.5622799788,HMC,294.50414180755615
764.172,000-0000-0116,OTHERS,328832.6044954049,4153238.4858525186,HMC,285.4356908798218
764.172,000-0000-0106,OTHERS,328737.3815147881,4153218.254122648,HMC,299.6300048828125
764.172,000-0000-0014,OTHERS,328749.19171997986,4153187.0274187513,HMC,295.7148835659027
764.172,000-0000-0023,OTHERS,328783.642155956,4153262.2089114115,HMC,284.59298038482666
764.172,000-0000-0057,OTHERS,328747.53334890405,4153231.8450936275,HMC,299.61000488325953
764.172,000-0000-0053,OTHERS,328749.2416233158,4153172.382847202,HMC,299.6300048828125
764.172,000-0000-0061,OTHERS,328750.36306809733,4153169.648640491,HMC,299.6300048828125
764.172,000-0000-0118,OTHERS,328753.6394624395,4153162.7346721473,HMC,299.6300048828125
764.172,000-0000-0001,OTHERS,328744.29729484435,4153201.0305086575,HMC,292.96950101852417
764.172,000-0000-0018,OTHERS,328745.1729877094,4153162.318028206,HMC,299.6300048828125
764.172,000-0000-0062,OTHERS,328723.8410724946,4153207.1575092543,HMC,294.7095251083374
764.172,000-0000-0004,OTHERS,328732.9867442941,4153192.70717756,HMC,299.6300048828125
764.172,000-0000-0080,OTHERS,328769.9986378465,4153180.0149456644,HMC,299.6300048828125
764.172,000-0000-0211,OTHERS,328787.64956111845,4153252.8682845985,HMC,294.9844665527344
764.172,000-0000-0218,OTHERS,328827.50794115354,4153239.369383898,HMC,294.8381857872009
764.172,000-0000-0233,OTHERS,328726.27292979974,4153201.456484818,HMC,296.02992963790894
764.172,000-0000-0251,OTHERS,328738.6251078662,4153168.769046493,HMC,295.4854955673218
764.172,000-0000-0256,OTHERS,328783.91624844127,4153265.762880371,HMC,216.2530975341797
764.172,000-0000-0335,OTHERS,328740.2855008742,4153192.1044036644,HMC,291.97106885910034
764.172,000-0000-0366,OTHERS,328808.8346151068,4153239.823154687,HMC,299.6300048828125
764.172,000-0000-0369,OTHERS,328778.55569049326,4153249.2394956676,HMC,295.61013889312744
764.2620000000001,000-0000-0000,AV,328756.7844903255,4153202.373755331,HMC,297.05999755859375
764.2620000000001,000-0000-0159,AGENT,328745.6137903709,4153211.0115761743,HMC,293.733877658844
764.2620000000001,000-0000-0039,OTHERS,328748.2733229637,4153213.300834709,HMC,293.9558153152466
764.2620000000001,000-0000-0092,OTHERS,328758.63412848144,4153205.563643495,HMC,293.62182211875916
764.2620000000001,000-0000-0033,OTHERS,328734.7558129603,4153233.735554234,HMC,301.0499975681305
764.2620000000001,000-0000-0013,OTHERS,328754.6050607318,4153199.85834054,HMC,296.26054817438126
764.2620000000001,000-0000-0075,OTHERS,328739.518393747,4153225.740932812,HMC,293.77526903152466
764.2620000000001,000-0000-0117,OTHERS,328733.7812171676,4153239.899315427,HMC,300.097718000412
764.2620000000001,000-0000-0138,OTHERS,328741.412380189,4153229.3878383716,HMC,296.2399975657463
764.2620000000001,000-0000-0011,OTHERS,328761.6803266687,4153198.458192522,HMC,293.7796359062195
764.2620000000001,000-0000-0055,OTHERS,328759.8218851603,4153196.4638386774,HMC,274.1914291381836
764.2620000000001,000-0000-0130,OTHERS,328758.11034589424,4153226.5657478278,HMC,275.5802364349365
764.2620000000001,000-0000-0006,OTHERS,328745.6137903709,4153211.0115761743,HMC,293.733877658844
764.2620000000001,000-0000-0109,OTHERS,328760.0204452555,4153208.718239621,HMC,299.44461584091187
764.2620000000001,000-0000-0003,OTHERS,328749.7600278705,4153201.835807284,HMC,297.05999755859375
764.2620000000001,000-0000-0009,OTHERS,328753.7309015435,4153193.1326308493,HMC,301.02431654930115
764.2620000000001,000-0000-0007,OTHERS,328763.11119019723,4153187.1020156504,HMC,297.05999755859375
764.2620000000001,000-0000-0037,OTHERS,328735.0916938839,4153189.916898401,HMC,310.7598237991333
764.2620000000001,000-0000-0079,OTHERS,328756.09058327094,4153178.790411121,HMC,293.4262487888336
764.2620000000001,000-0000-0097,OTHERS,328767.18117281643,4153171.987905862,HMC,297.05999755859375
764.2620000000001,000-0000-0108,OTHERS,328795.0088307635,4153208.353830794,HMC,297.05999755859375
764.2620000000001,000-0000-0065,OTHERS,328753.94949133723,4153234.2042871406,HMC,281.43537998199463
764.2620000000001,000-0000-0041,OTHERS,328751.1749747377,4153189.9644631054,HMC,295.52308464050293
764.2620000000001,000-0000-0024,OTHERS,328769.3323396466,4153272.456011303,HMC,295.3822326660156
764.2620000000001,000-0000-0100,OTHERS,328756.9142958181,4153185.9096161197,HMC,295.89885699748993
764.2620000000001,000-0000-0124,OTHERS,328738.1192307331,4153197.186739108,HMC,297.05999755859375
764.2620000000001,000-0000-0134,OTHERS,328731.37182622735,4153214.318017927,HMC,292.1727180480957
764.2620000000001,000-0000-0094,OTHERS,328724.78472748573,4153227.901076544,HMC,289.5662212371826
764.2620000000001,000-0000-0051,OTHERS,328728.8710904649,4153219.8412385536,HMC,297.05999755859375
764.2620000000001,000-0000-0136,OTHERS,328742.1873486449,4153235.4545026687,HMC,296.38999754190445
764.2620000000001,000-0000-0142,OTHERS,328790.1650399704,4153265.1003206326,HMC,297.05999755859375
764.2620000000001,000-0000-0126,OTHERS,328745.65437025693,4153198.3033786207,HMC,297.05999755859375
764.2620000000001,000-0000-0059,OTHERS,328757.58500537666,4153192.727785533,HMC,299.271183013916
764.2620000000001,000-0000-0038,OTHERS,328763.70266746526,4153178.274588813,HMC,296.0001369714737
764.2620000000001,000-0000-0005,OTHERS,328813.1854450126,4153223.1153682317,HMC,207.05999755859375
764.2620000000001,000-0000-0043,OTHERS,328739.6602671226,4153171.8623087937,HMC,291.7902612686157
764.2620000000001,000-0000-0045,OTHERS,328778.3891903635,4153304.621898806,HMC,19.20366668701172
764.2620000000001,000-0000-0072,OTHERS,328806.45513291744,4153236.149552492,HMC,297.05999755859375
764.2620000000001,000-0000-0115,OTHERS,328740.15383126837,4153180.3721812754,HMC,297.05999755859375
764.2620000000001,000-0000-0140,OTHERS,328796.45438866684,4153208.153147761,HMC,297.05999755859375
764.2620000000001,000-0000-0029,OTHERS,328741.2740546493,4153176.194655091,HMC,297.05999755859375
764.2620000000001,000-0000-0102,OTHERS,328759.7626078761,4153178.7602984803,HMC,292.94173526763916
764.2620000000001,000-0000-0068,OTHERS,328762.33185524505,4153226.900310812,HMC,298.7049751281738
764.2620000000001,000-0000-0119,OTHERS,328736.82039454055,4153187.587419629,HMC,297.05999755859375
764.2620000000001,000-0000-0144,OTHERS,328766.2659020318,4153186.022028442,HMC,293.9769902229309
764.2620000000001,000-0000-0116,OTHERS,328836.3670379494,4153234.743743078,HMC,207.05999755859375
764.2620000000001,000-0000-0106,OTHERS,328738.26667720603,4153218.765601677,HMC,297.05999755859375
764.2620000000001,000-0000-0014,OTHERS,328748.8776906418,4153186.8011028343,HMC,281.0487766265869
764.2620000000001,000-0000-0023,OTHERS,328786.3065302618,4153260.6829069173,HMC,281.44433784484863
764.2620000000001,000-0000-0057,OTHERS,328749.04283528804,4153231.376846581,HMC,297.04999755881727
764.2620000000001,000-0000-0053,OTHERS,328748.0076783893,4153172.6733888634,HMC,297.05999755859375
764.2620000000001,000-0000-0061,OTHERS,328748.9862869617,4153169.8965127175,HMC,297.05999755859375
764.2620000000001,000-0000-0118,OTHERS,328751.8602609934,4153162.8354209107,HMC,297.05999755859375
764.2620000000001,000-0000-0001,OTHERS,328744.47203590214,4153201.046887108,HMC,286.25804233551025
764.2620000000001,000-0000-0018,OTHERS,328743.4694592381,4153162.446442382,HMC,297.05999755859375
764.2620000000001,000-0000-0062,OTHERS,328723.93309679284,4153208.6305569466,HMC,293.95977902412415
764.2620000000001,000-0000-0004,OTHERS,328732.3932680831,4153193.939362735,HMC,297.05999755859375
764.2620000000001,000-0000-0080,OTHERS,328769.15369072376,4153179.3223136403,HMC,297.05999755859375
764.2620000000001,000-0000-0211,OTHERS,328789.6822837138,4153251.538202802,HMC,298.38722109794617
764.2620000000001,000-0000-0218,OTHERS,328829.29585280066,4153236.169228322,HMC,289.0988726615906
764.2620000000001,000-0000-0221,OTHERS,328729.950926294,4153193.2888262486,HMC,291.314332485199
764.2620000000001,000-0000-0233,OTHERS,328726.12249604374,4153202.6796966437,HMC,294.27924942970276
764.2620000000001,000-0000-0251,OTHERS,328737.45190723997,4153169.24635671,HMC,291.9935350418091
764.2620000000001,000-0000-0295,OTHERS,328782.0995557339,4153269.3050878495,HMC,292.72053241729736
764.2620000000001,000-0000-0335,OTHERS,328739.9464431457,4153192.608022268,HMC,288.8389005661011
764.2620000000001,000-0000-0366,OTHERS,328811.97006237565,4153237.6837958074,HMC,194.49461364746094
764.3720000000001,000-0000-0000,AV,328756.7844903255,4153202.373755331,HMC,297.05999755859375
764.3720000000001,000-0000-0159,AGENT,328745.4718600394,4153211.249443776,HMC,293.87854623794556
764.3720000000001,000-0000-0039,OTHERS,328748.354390423,4153213.134388049,HMC,295.3884563446045
764.3720000000001,000-0000-0092,OTHERS,328758.60645233426,4153205.741112248,HMC,291.44048500061035
764.3720000000001,000-0000-0033,OTHERS,328734.6430488089,4153233.846385541,HMC,301.0499975681305
764.3720000000001,000-0000-0013,OTHERS,328754.4315574752,4153200.082932961,HMC,297.05999755859375
764.3720000000001,000-0000-0075,OTHERS,328739.49064603396,4153225.952211516,HMC,292.5067811012268
764.3720000000001,000-0000-0117,OTHERS,328734.4198642095,4153238.150681146,HMC,297.05999755859375
764.3720000000001,000-0000-0138,OTHERS,328741.39349647023,4153228.9851693306,HMC,296.1099975705147
764.3720000000001,000-0000-0011,OTHERS,328761.6504108526,4153198.6832626364,HMC,293.721631526947
764.3720000000001,000-0000-0055,OTHERS,328759.4974249724,4153196.4502745583,HMC,288.67533683776855
764.3720000000001,000-0000-0130,OTHERS,328757.7601433681,4153227.1990362774,HMC,267.99518394470215
764.3720000000001,000-0000-0006,OTHERS,328745.4718600394,4153211.249443776,HMC,293.87854623794556
764.3720000000001,000-0000-0109,OTHERS,328760.07709311607,4153208.5505183944,HMC,300.4209804534912
764.3720000000001,000-0000-0003,OTHERS,328749.7752824295,4153202.1671171263,HMC,300.76399779319763
764.3720000000001,000-0000-0009,OTHERS,328753.14146408596,4153193.009984933,HMC,313.4308090209961
764.3720000000001,000-0000-0007,OTHERS,328763.08490443276,4153187.3752477267,HMC,297.05999755859375
764.3720000000001,000-0000-0037,OTHERS,328735.8022213111,4153189.5241012536,HMC,297.05999755859375
764.3720000000001,000-0000-0079,OTHERS,328756.0690538363,4153178.902185824,HMC,293.57957434654236
764.3720000000001,000-0000-0097,OTHERS,328767.0755385764,4153172.210082575,HMC,287.40545177459717
764.3720000000001,000-0000-0108,OTHERS,328794.84320499597,4153208.6701173536,HMC,297.05999755859375
764.3720000000001,000-0000-0065,OTHERS,328753.9784898566,4153234.525508427,HMC,281.76613998413086
764.3720000000001,000-0000-0041,OTHERS,328751.48803349485,4153190.282595767,HMC,295.23505687713623
764.3720000000001,000-0000-0024,OTHERS,328773.6075588699,4153265.5117791425,HMC,297.64370518922806
764.3720000000001,000-0000-0100,OTHERS,328756.8986627906,4153186.0918100607,HMC,293.1764295101166
764.3720000000001,000-0000-0124,OTHERS,328738.0395206256,4153197.3033468737,HMC,297.05999755859375
764.3720000000001,000-0000-0134,OTHERS,328731.3002072803,4153214.1152828597,HMC,293.0760598182678
764.3720000000001,000-0000-0094,OTHERS,328724.67572474136,4153227.945107188,HMC,289.50815200805664
764.3720000000001,000-0000-0051,OTHERS,328728.7843840083,4153219.951039739,HMC,297.05999755859375
764.3720000000001,000-0000-0136,OTHERS,328742.283160888,4153234.7174031218,HMC,295.39999759197235
764.3720000000001,000-0000-0142,OTHERS,328789.8322999834,4153265.4877013043,HMC,297.05999755859375
764.3720000000001,000-0000-0059,OTHERS,328757.53059558343,4153192.854583284,HMC,297.9880847930908
764.3720000000001,000-0000-0038,OTHERS,328763.66412074264,4153178.533726976,HMC,299.6651465892792
764.3720000000001,000-0000-0043,OTHERS,328740.5192538042,4153170.63836772,HMC,260.70055389404297
764.3720000000001,000-0000-0045,OTHERS,328772.2451217068,4153302.703369551,HMC,19.78118133544922
764.3720000000001,000-0000-0072,OTHERS,328806.3650839753,4153236.5974707934,HMC,300.1472864151001
764.3720000000001,000-0000-0115,OTHERS,328740.09842138155,4153180.396522197,HMC,297.05999755859375
764.3720000000001,000-0000-0140,OTHERS,328796.36458384653,4153208.404915714,HMC,297.05999755859375
764.3720000000001,000-0000-0029,OTHERS,328741.3075909029,4153176.1496722535,HMC,253.63822555541992
764.3720000000001,000-0000-0102,OTHERS,328759.6740047263,4153178.8242319576,HMC,292.0745630264282
764.3720000000001,000-0000-0068,OTHERS,328761.3974636294,4153229.0414142925,HMC,297.05999755859375
764.3720000000001,000-0000-0119,OTHERS,328736.75419685367,4153187.55385024,HMC,297.05999755859375
764.3720000000001,000-0000-0144,OTHERS,328766.44480130036,4153185.459988035,HMC,293.64267921447754
764.3720000000001,000-0000-0106,OTHERS,328738.3255438015,4153218.4747679387,HMC,297.05999755859375
764.3720000000001,000-0000-0014,OTHERS,328748.95202071976,4153186.140781381,HMC,291.49273920059204
764.3720000000001,000-0000-0023,OTHERS,328786.18032166973,4153260.941847383,HMC,272.1886386871338
764.3720000000001,000-0000-0057,OTHERS,328749.159463928,4153230.818815178,HMC,296.30999755859375
764.3720000000001,000-0000-0053,OTHERS,328748.0068982797,4153172.833604782,HMC,297.05999755859375
764.3720000000001,000-0000-0061,OTHERS,328748.9518092789,4153170.054226496,HMC,297.05999755859375
764.3720000000001,000-0000-0118,OTHERS,328751.8837478654,4153162.9958166075,HMC,297.05999755859375
764.3720000000001,000-0000-0001,OTHERS,328744.69744029746,4153200.6605185512,HMC,287.5730400085449
764.3720000000001,000-0000-0018,OTHERS,328743.5620081216,4153162.529383833,HMC,297.05999755859375
764.3720000000001,000-0000-0063,OTHERS,328742.270595216,4153192.8042989834,HMC,297.70671314001083
764.3720000000001,000-0000-0062,OTHERS,328723.82782961364,4153208.876204803,HMC,293.420401096344
764.3720000000001,000-0000-0004,OTHERS,328733.0181409345,4153192.55576209,HMC,297.05999755859375
764.3720000000001,000-0000-0080,OTHERS,328770.17079585657,4153177.0575399767,HMC,297.05999755859375
764.3720000000001,000-0000-0131,OTHERS,328730.8939279661,4153185.006890109,HMC,266.91780853271484
764.3720000000001,000-0000-0211,OTHERS,328789.8551585259,4153251.8416343136,HMC,291.028612613678
764.3720000000001,000-0000-0221,OTHERS,328730.25669847254,4153193.827412495,HMC,290.90122079849243
764.3720000000001,000-0000-0233,OTHERS,328726.1363895666,4153203.1854313267,HMC,294.11944103240967
764.3720000000001,000-0000-0251,OTHERS,328737.86894190137,4153168.5015552524,HMC,291.9660782814026
764.3720000000001,000-0000-0281,OTHERS,328776.8344277111,4153275.262853204,HMC,302.5840892791748
764.3720000000001,000-0000-0335,OTHERS,328740.98736038693,4153190.2454855074,HMC,290.0312809944153
764.3720000000001,000-0000-0353,OTHERS,328740.6244682391,4153188.7036239957,HMC,297.05999755859375
764.3720000000001,000-0000-0366,OTHERS,328810.9505685392,4153238.1286900714,HMC,297.05999755859375
764.3720000000001,000-0000-0399,OTHERS,328736.222791936,4153168.1902503264,HMC,297.05999755859375
764.472,000-0000-0000,AV,328756.8952395501,4153202.1909035584,HMC,298.6199951171875
764.472,000-0000-0159,AGENT,328745.15368982207,4153210.711689665,HMC,299.3094024658203
764.472,000-0000-0039,OTHERS,328748.1472700978,4153212.560452152,HMC,296.421169757843
764.472,000-0000-0092,OTHERS,328758.49622459477,4153205.8551710965,HMC,293.6130847930908
764.472,000-0000-0033,OTHERS,328733.74557006254,4153233.132870248,HMC,302.60999512672424
764.472,000-0000-0013,OTHERS,328754.5709744966,4153200.0596286473,HMC,296.6388558149338
764.472,000-0000-0075,OTHERS,328738.7485694561,4153225.4549103277,HMC,295.0497658252716
764.472,000-0000-0138,OTHERS,328740.75362508645,4153228.0143088168,HMC,297.639995098114
764.472,000-0000-0011,OTHERS,328761.78973177436,4153198.8359451904,HMC,296.03713035583496
764.472,000-0000-0055,OTHERS,328759.7332377406,4153196.565722988,HMC,290.4455327987671
764.472,000-0000-0130,OTHERS,328756.7161973941,4153227.4981737807,HMC,282.21875953674316
764.472,000-0000-0109,OTHERS,328760.0360609581,4153208.276755011,HMC,306.4948482513428
764.472,000-0000-0003,OTHERS,328749.7425693137,4153201.887104193,HMC,305.0317802429199
764.472,000-0000-0009,OTHERS,328753.8051483086,4153193.213180494,HMC,281.44264221191406
764.472,000-0000-0007,OTHERS,328763.5585114911,4153187.4538328554,HMC,298.6199951171875
764.472,000-0000-0037,OTHERS,328736.2837653974,4153188.7835200047,HMC,298.6199951171875
764.472,000-0000-0079,OTHERS,328756.73548072675,4153179.010288371,HMC,295.2186803817749
764.472,000-0000-0097,OTHERS,328768.1001259237,4153172.464810551,HMC,288.50550270080566
764.472,000-0000-0108,OTHERS,328794.8611883265,4153209.71921242,HMC,298.6199951171875
764.472,000-0000-0065,OTHERS,328753.02945492277,4153234.4021973736,HMC,283.7931184768677
764.472,000-0000-0041,OTHERS,328751.86984870577,4153190.1899797004,HMC,294.047812461853
764.472,000-0000-0024,OTHERS,328771.6865776859,4153265.799038531,HMC,298.6199951171875
764.472,000-0000-0100,OTHERS,328757.32682063396,4153186.074010434,HMC,298.6199951171875
764.472,000-0000-0124,OTHERS,328734.4037488748,4153202.4134473526,HMC,296.31718349456787
764.472,000-0000-0134,OTHERS,328730.79296072107,4153213.668128055,HMC,295.19808077812195
764.472,000-0000-0094,OTHERS,328724.03668004036,4153226.761861041,HMC,291.4736547470093
764.472,000-0000-0051,OTHERS,328728.2708303414,4153219.1237500445,HMC,298.6199951171875
764.472,000-0000-0136,OTHERS,328741.6785060881,4153233.417512016,HMC,295.9599950313568
764.472,000-0000-0059,OTHERS,328757.79386662756,4153192.947450194,HMC,298.6199951171875
764.472,000-0000-0038,OTHERS,328764.3421754483,4153178.6928355927,HMC,297.76538956165314
764.472,000-0000-0043,OTHERS,328741.12871695036,4153170.156770373,HMC,298.10138845443726
764.472,000-0000-0045,OTHERS,328769.0958507255,4153303.0531273168,HMC,21.333335876464844
764.472,000-0000-0072,OTHERS,328805.4460015812,4153237.8738574646,HMC,298.6199951171875
764.472,000-0000-0115,OTHERS,328740.04610418633,4153179.4383735377,HMC,291.77091550827026
764.472,000-0000-0029,OTHERS,328742.0830898406,4153175.557766814,HMC,298.6199951171875
764.472,000-0000-0102,OTHERS,328760.436572511,4153178.9268414592,HMC,295.49568152427673
764.472,000-0000-0068,OTHERS,328760.07415317907,4153230.413595349,HMC,297.6865371465683
764.472,000-0000-0119,OTHERS,328737.3463710441,4153186.8720062887,HMC,298.6199951171875
764.472,000-0000-0144,OTHERS,328766.749608297,4153186.5622510253,HMC,293.44161319732666
764.472,000-0000-0106,OTHERS,328737.95784569567,4153217.619930065,HMC,298.6199951171875
764.472,000-0000-0014,OTHERS,328749.72600752127,4153184.781781903,HMC,298.6199951171875
764.472,000-0000-0023,OTHERS,328784.1766737691,4153261.9633024056,HMC,297.47923469543457
764.472,000-0000-0057,OTHERS,328748.7860568302,4153229.8911508466,HMC,297.68999511003494
764.472,000-0000-0053,OTHERS,328748.78861154034,4153172.656563235,HMC,298.6199951171875
764.472,000-0000-0061,OTHERS,328749.8250238666,4153169.9385761623,HMC,298.6199951171875
764.472,000-0000-0118,OTHERS,328753.04356031824,4153162.9772549383,HMC,298.6199951171875
764.472,000-0000-0001,OTHERS,328744.86697099503,4153199.355473579,HMC,296.06802916526794
764.472,000-0000-0063,OTHERS,328742.9009352729,4153191.7288474604,HMC,300.4491547346115
764.472,000-0000-0016,OTHERS,328752.5562038726,4153238.879225227,HMC,170.21080017089844
764.472,000-0000-0062,OTHERS,328723.53771948034,4153207.687873232,HMC,300.0794438123703
764.472,000-0000-0132,OTHERS,328785.2696360577,4153250.0070086066,HMC,298.6199951171875
764.472,000-0000-0004,OTHERS,328733.69004063384,4153191.1047543786,HMC,298.6199951171875
764.472,000-0000-0080,OTHERS,328771.0354228209,4153177.2759724446,HMC,298.6199951171875
764.472,000-0000-0131,OTHERS,328730.7230490501,4153184.043913034,HMC,298.6199951171875
764.472,000-0000-0211,OTHERS,328788.19127945765,4153252.7250380474,HMC,294.4338216781616
764.472,000-0000-0218,OTHERS,328733.48825542035,4153202.92387413,HMC,298.6199951171875
764.472,000-0000-0233,OTHERS,328726.34743749344,4153202.3637473905,HMC,294.1444778442383
764.472,000-0000-0251,OTHERS,328738.28519800375,4153169.2582543856,HMC,295.11372995376587
764.472,000-0000-0292,OTHERS,328776.4188354894,4153269.74015668,HMC,290.2328214645386
764.472,000-0000-0295,OTHERS,328804.145075003,4153221.4548270567,HMC,283.4663152694702
764.472,000-0000-0335,OTHERS,328740.8397906802,4153190.7144453237,HMC,292.2249584197998
764.472,000-0000-0366,OTHERS,328810.1395915251,4153239.8284588666,HMC,302.6682405471802
764.572,000-0000-0000,AV,328757.00738959387,4153202.004507729,HMC,301.1600036621094
764.572,000-0000-0159,AGENT,328744.78672190796,4153210.1084803645,HMC,302.9493876695633
764.572,000-0000-0039,OTHERS,328747.91672269587,4153211.7152972165,HMC,299.46745204925537
764.572,000-0000-0092,OTHERS,328758.2610787202,4153205.751258961,HMC,299.4582824707031
764.572,000-0000-0033,OTHERS,328732.43159403175,4153232.0185109554,HMC,305.1500036716461
764.572,000-0000-0013,OTHERS,328754.7599146525,4153199.9272718932,HMC,297.734580039978
764.572,000-0000-0075,OTHERS,328737.69339362945,4153224.4601553534,HMC,305.1946396827698
764.572,000-0000-0138,OTHERS,328739.84966048,4153226.8046056055,HMC,300.17000365257263
764.572,000-0000-0011,OTHERS,328762.01711735304,4153199.0168430316,HMC,297.69670510292053
764.572,000-0000-0055,OTHERS,328759.99158115924,4153196.543662095,HMC,295.39629554748535
764.572,000-0000-0130,OTHERS,328757.32057370374,4153226.466302019,HMC,180.43641662597656
764.572,000-0000-0109,OTHERS,328759.9948081669,4153208.11517077,HMC,309.6796169281006
764.572,000-0000-0003,OTHERS,328749.7370905625,4153201.43542849,HMC,303.3682134151459
764.572,000-0000-0009,OTHERS,328755.19253938284,4153191.7842907873,HMC,301.1600036621094
764.572,000-0000-0007,OTHERS,328764.2478774177,4153187.7431984306,HMC,301.1600036621094
764.572,000-0000-0079,OTHERS,328757.9449734609,4153178.8526152386,HMC,297.52746534347534
764.572,000-0000-0097,OTHERS,328769.365186918,4153172.982020216,HMC,301.1600036621094
764.572,000-0000-0065,OTHERS,328751.23611480993,4153233.9724587654,HMC,293.1219263076782
764.572,000-0000-0041,OTHERS,328752.4309228811,4153189.8993566744,HMC,298.582994222641
764.572,000-0000-0024,OTHERS,328768.91923990485,4153266.422895877,HMC,299.71903252601624
764.572,000-0000-0100,OTHERS,328758.12674972403,4153186.081170959,HMC,297.9182357788086
764.572,000-0000-0124,OTHERS,328734.40570761595,4153201.2807855303,HMC,297.68708658218384
764.572,000-0000-0134,OTHERS,328730.548378708,4153212.532093592,HMC,296.1559066772461
764.572,000-0000-0094,OTHERS,328722.8922157329,4153225.251387134,HMC,290.7783660888672
764.572,000-0000-0051,OTHERS,328727.6480751982,4153217.796082408,HMC,301.1600036621094
764.572,000-0000-0136,OTHERS,328740.5869218637,4153231.86636781,HMC,298.99000358581543
764.572,000-0000-0126,OTHERS,328809.32456120744,4153224.769219301,HMC,291.6142349243164
764.572,000-0000-0059,OTHERS,328758.2456752427,4153192.9260622286,HMC,304.0008068084717
764.572,000-0000-0038,OTHERS,328765.4144958456,4153178.939326346,HMC,298.7780542373657
764.572,000-0000-0005,OTHERS,328737.8275133751,4153201.258624619,HMC,301.1600036621094
764.572,000-0000-0043,OTHERS,328742.63526450086,4153169.3961143624,HMC,301.1600036621094
764.572,000-0000-0045,OTHERS,328770.18959012494,4153306.282748714,HMC,24.624649047851562
764.572,000-0000-0072,OTHERS,328803.86736684566,4153239.998644086,HMC,301.1600036621094
764.572,000-0000-0115,OTHERS,328741.228338198,4153178.30742008,HMC,307.60519456863403
764.572,000-0000-0029,OTHERS,328743.3931359808,4153174.7627448575,HMC,301.1600036621094
764.572,000-0000-0102,OTHERS,328761.522888424,4153179.0100592407,HMC,301.1600036621094
764.572,000-0000-0068,OTHERS,328758.2836210772,4153231.432097231,HMC,300.5193230509758
764.572,000-0000-0119,OTHERS,328738.1159513949,4153185.8929228457,HMC,301.1600036621094
764.572,000-0000-0144,OTHERS,328767.46224207734,4153186.933788703,HMC,296.3905997276306
764.572,000-0000-0116,OTHERS,328736.79369513853,4153201.5489242873,HMC,301.1600036621094
764.572,000-0000-0106,OTHERS,328737.7663480912,4153215.9916304494,HMC,301.1600036621094
764.572,000-0000-0023,OTHERS,328781.28371792927,4153262.801795152,HMC,303.2061893939972
764.572,000-0000-0057,OTHERS,328747.9462539452,4153228.778858153,HMC,300.1800036430359
764.572,000-0000-0053,OTHERS,328750.24279013596,4153172.176568295,HMC,284.3225975036621
764.572,000-0000-0061,OTHERS,328751.35888292105,4153169.612432938,HMC,301.1600036621094
764.572,000-0000-0118,OTHERS,328754.83945154364,4153162.7741978625,HMC,301.1600036621094
764.572,000-0000-0001,OTHERS,328745.42637988745,4153198.1571815223,HMC,297.53709602355957
764.572,000-0000-0063,OTHERS,328743.8138170236,4153190.1947173667,HMC,304.2912788391113
764.572,000-0000-0016,OTHERS,328750.12864033127,4153239.317376849,HMC,273.28510093688965
764.572,000-0000-0062,OTHERS,328723.60253553424,4153206.1930259215,HMC,295.8645143508911
764.572,000-0000-0132,OTHERS,328783.0495247158,4153251.281536545,HMC,301.1600036621094
764.572,000-0000-0080,OTHERS,328772.1332882737,4153177.896706305,HMC,301.1600036621094
764.572,000-0000-0131,OTHERS,328731.7151649431,4153182.825039273,HMC,301.1600036621094
764.572,000-0000-0105,OTHERS,328750.94641217415,4153235.744652397,HMC,301.1600036621094
764.572,000-0000-0211,OTHERS,328786.3735100522,4153251.5278665368,HMC,301.1600036621094
764.572,000-0000-0233,OTHERS,328726.22914525645,4153200.9096838827,HMC,296.5362639427185
764.572,000-0000-0251,OTHERS,328740.2834261147,4153167.609135988,HMC,295.6960663795471
764.572,000-0000-0292,OTHERS,328773.0565162685,4153269.777338332,HMC,309.5935173034668
764.572,000-0000-0295,OTHERS,328803.2828015716,4153223.414156404,HMC,297.30277848243713
764.572,000-0000-0335,OTHERS,328741.8348051217,4153189.1989505365,HMC,294.00525522232056
764.572,000-0000-0366,OTHERS,328807.8895317805,4153241.9420850007,HMC,307.86085844039917
764.662,000-0000-0000,AV,328757.0804872707,4153201.8326071147,HMC,292.05999755859375
764.662,000-0000-0159,AGENT,328746.24492437043,4153211.968098871,HMC,292.05999755859375
764.662,000-0000-0039,OTHERS,328749.70527072705,4153212.679976294,HMC,289.9496431350708
764.662,000-0000-0092,OTHERS,328758.91206283966,4153205.51454371,HMC,289.30088114738464
764.662,000-0000-0033,OTHERS,328737.55097172904,4153235.513506179,HMC,296.0499975681305
764.662,000-0000-0013,OTHERS,328754.4191965946,4153200.2367711007,HMC,291.47947788238525
764.662,000-0000-0075,OTHERS,328741.76992969384,4153227.3254270824,HMC,288.25214195251465
764.662,000-0000-0138,OTHERS,328744.5304811043,4153229.03852176,HMC,285.5362663269043
764.662,000-0000-0011,OTHERS,328761.45468360424,4153198.250259731,HMC,289.16290640830994
764.662,000-0000-0055,OTHERS,328759.2718626117,4153196.1544841803,HMC,276.31599140167236
764.662,000-0000-0130,OTHERS,328759.9144034166,4153226.7182254777,HMC,253.60830307006836
764.662,000-0000-0109,OTHERS,328761.0724533726,4153207.309227402,HMC,299.35557317733765
764.662,000-0000-0003,OTHERS,328749.81246376195,4153202.661293326,HMC,293.0257784128189
764.662,000-0000-0009,OTHERS,328754.20121766144,4153192.0968205403,HMC,268.5227966308594
764.662,000-0000-0007,OTHERS,328762.1475431791,4153186.9065174847,HMC,275.9822883605957
764.662,000-0000-0079,OTHERS,328754.2921238193,4153178.928659945,HMC,288.7711834907532
764.662,000-0000-0097,OTHERS,328764.63741646416,4153171.325728965,HMC,295.46831464767456
764.662,000-0000-0065,OTHERS,328756.4216394464,4153234.5355952946,HMC,283.5070734024048
764.662,000-0000-0041,OTHERS,328750.6357248164,4153190.7184359347,HMC,288.92399525642395
764.662,000-0000-0024,OTHERS,328778.7726298499,4153263.648384131,HMC,286.2624740600586
764.662,000-0000-0100,OTHERS,328755.6850017355,4153186.08298307,HMC,285.55502557754517
764.662,000-0000-0124,OTHERS,328735.22064932564,4153203.6945994683,HMC,289.30084013938904
764.662,000-0000-0134,OTHERS,328732.2311156659,4153216.4702692376,HMC,288.2399821281433
764.662,000-0000-0094,OTHERS,328726.9687265333,4153230.44211004,HMC,285.4337306022644
764.662,000-0000-0051,OTHERS,328730.3195002274,4153222.1000015,HMC,292.05999755859375
764.662,000-0000-0136,OTHERS,328745.8337125943,4153233.31323864,HMC,290.75999760627747
764.662,000-0000-0126,OTHERS,328812.00285665295,4153216.312899193,HMC,285.92613220214844
764.662,000-0000-0059,OTHERS,328756.8281341093,4153192.7978275563,HMC,294.9347712993622
764.662,000-0000-0038,OTHERS,328761.7844584388,4153177.901782395,HMC,289.6035497188568
764.662,000-0000-0005,OTHERS,328738.43719239143,4153203.223564698,HMC,292.05999755859375
764.662,000-0000-0043,OTHERS,328737.64145584544,4153171.945430542,HMC,292.05999755859375
764.662,000-0000-0072,OTHERS,328809.48400949937,4153232.059458621,HMC,303.3093843460083
764.662,000-0000-0115,OTHERS,328737.1791023216,4153180.7745057335,HMC,292.05999755859375
764.662,000-0000-0140,OTHERS,328750.04598969285,4153162.6402085964,HMC,292.05999755859375
764.662,000-0000-0029,OTHERS,328739.0663896529,4153176.8747161073,HMC,325.0070571899414
764.662,000-0000-0102,OTHERS,328757.878490777,4153178.566945353,HMC,289.8449196815491
764.662,000-0000-0068,OTHERS,328762.0692949971,4153234.120015723,HMC,108.53999328613281
764.662,000-0000-0119,OTHERS,328735.8193888791,4153188.8461768893,HMC,292.05999755859375
764.662,000-0000-0144,OTHERS,328764.92325165257,4153185.4751363257,HMC,288.72806310653687
764.662,000-0000-0116,OTHERS,328737.0517246527,4153204.5850212057,HMC,292.05999755859375
764.662,000-0000-0106,OTHERS,328740.532793335,4153218.1820691614,HMC,292.05999755859375
764.662,000-0000-0023,OTHERS,328790.26307951106,4153258.510429948,HMC,292.05999755859375
764.662,000-0000-0057,OTHERS,328752.5282079628,4153229.1745476844,HMC,291.069997549057
764.662,000-0000-0053,OTHERS,328745.7099901305,4153173.618464858,HMC,292.05999755859375
764.662,000-0000-0061,OTHERS,328746.3835884761,4153170.867120271,HMC,292.05999755859375
764.662,000-0000-0118,OTHERS,328748.7487218051,4153163.5004338175,HMC,292.05999755859375
764.662,000-0000-0001,OTHERS,328745.1348043337,4153198.9742211667,HMC,286.30429553985596
764.662,000-0000-0063,OTHERS,328742.34405671514,4153192.037290994,HMC,292.05999755859375
764.662,000-0000-0016,OTHERS,328757.56568710326,4153239.414929825,HMC,170.08517456054688
764.662,000-0000-0062,OTHERS,328724.6213297197,4153211.647886438,HMC,286.80464935302734
764.662,000-0000-0132,OTHERS,328790.5076026524,4153246.6442718036,HMC,292.05999755859375
764.662,000-0000-0080,OTHERS,328768.06507043325,4153175.9845852973,HMC,292.05999755859375
764.662,000-0000-0027,OTHERS,328794.8011597533,4153259.7773604277,HMC,301.7851276397705
764.662,000-0000-0131,OTHERS,328728.969693338,4153186.9286389323,HMC,292.05999755859375
764.662,000-0000-0105,OTHERS,328756.35510977055,4153236.318175869,HMC,292.05999755859375
764.662,000-0000-0211,OTHERS,328793.7541736301,4153248.938538073,HMC,288.4425551891327
764.662,000-0000-0226,OTHERS,328790.26307951106,4153258.510429948,HMC,292.05999755859375
764.662,000-0000-0233,OTHERS,328726.24567747826,4153205.86282957,HMC,288.5843665599823
764.662,000-0000-0251,OTHERS,328735.0134249084,4153171.124340069,HMC,288.00893688201904
764.662,000-0000-0281,OTHERS,328736.33076255827,4153181.6170294383,HMC,285.53179264068604
764.662,000-0000-0292,OTHERS,328784.5772596651,4153267.0823311475,HMC,250.30242919921875
764.662,000-0000-0295,OTHERS,328805.8427233707,4153216.0132519845,HMC,292.05999755859375
764.662,000-0000-0335,OTHERS,328740.2108229275,4153191.216451264,HMC,285.0335569381714
764.662,000-0000-0366,OTHERS,328813.8934373403,4153233.180621993,HMC,292.05999755859375
764.772,000-0000-0000,AV,328757.16461609874,4153201.6667696447,HMC,298.760009765625
764.772,000-0000-0159,AGENT,328745.1749985511,4153210.5679376037,HMC,298.760009765625
764.772,000-0000-0039,OTHERS,328748.5677846981,4153211.6703206296,HMC,295.0239622592926
764.772,000-0000-0092,OTHERS,328757.52774581435,4153207.957423721,HMC,294.6056408882141
764.772,000-0000-0033,OTHERS,328733.72288817534,4153232.946562659,HMC,302.75000977516174
764.772,000-0000-0013,OTHERS,328754.6850514709,4153199.9031106024,HMC,298.2131593823433
764.772,000-0000-0075,OTHERS,328738.6297372259,4153225.1270290767,HMC,299.3632906675339
764.772,000-0000-0138,OTHERS,328741.5225180808,4153226.697778046,HMC,295.2682328224182
764.772,000-0000-0011,OTHERS,328761.81865220354,4153198.8081899933,HMC,296.2866859436035
764.772,000-0000-0055,OTHERS,328759.83938885364,4153196.2497206624,HMC,294.09183073043823
764.772,000-0000-0130,OTHERS,328758.24401184235,4153226.083796275,HMC,170.0797576904297
764.772,000-0000-0109,OTHERS,328760.594161344,4153207.532147629,HMC,300.82123613357544
764.772,000-0000-0003,OTHERS,328749.81847797014,4153201.7378259692,HMC,298.760009765625
764.772,000-0000-0009,OTHERS,328755.46709167474,4153191.76965827,HMC,272.0438690185547
764.772,000-0000-0007,OTHERS,328763.5815502886,4153187.5291392324,HMC,303.32581090927124
764.772,000-0000-0079,OTHERS,328757.022743294,4153178.701869691,HMC,295.3831400871277
764.772,000-0000-0097,OTHERS,328768.25076715555,4153172.3850064636,HMC,299.28563606739044
764.772,000-0000-0065,OTHERS,328752.1355280849,4153233.981071972,HMC,304.5555033683777
764.772,000-0000-0041,OTHERS,328751.98380525265,4153189.9720916967,HMC,298.22902715206146
764.772,000-0000-0024,OTHERS,328772.8475752461,4153262.408306194,HMC,305.38833475112915
764.772,000-0000-0100,OTHERS,328757.5306698826,4153185.8955982807,HMC,295.11184000968933
764.772,000-0000-0124,OTHERS,328735.76901165786,4153200.678386061,HMC,296.62874722480774
764.772,000-0000-0134,OTHERS,328730.17407884536,4153213.1836169697,HMC,295.7994773387909
764.772,000-0000-0094,OTHERS,328723.9325421453,4153226.63262654,HMC,289.59729766845703
764.772,000-0000-0051,OTHERS,328728.2516108624,4153218.7719895565,HMC,298.760009765625
764.772,000-0000-0136,OTHERS,328742.590685616,4153231.026360077,HMC,297.68000972270966
764.772,000-0000-0059,OTHERS,328757.88821234886,4153192.744315196,HMC,300.7224975824356
764.772,000-0000-0038,OTHERS,328764.61488519725,4153178.569241838,HMC,296.0035009384155
764.772,000-0000-0005,OTHERS,328739.2691141334,4153199.5247191316,HMC,299.3928295969963
764.772,000-0000-0043,OTHERS,328741.5290787244,4153169.6485789767,HMC,285.17203426361084
764.772,000-0000-0072,OTHERS,328805.5304439014,4153238.1843636134,HMC,298.760009765625
764.772,000-0000-0115,OTHERS,328740.3876017956,4153178.945004797,HMC,281.79397773742676
764.772,000-0000-0029,OTHERS,328742.1797663172,4153174.88501513,HMC,298.760009765625
764.772,000-0000-0102,OTHERS,328760.6478101254,4153178.6321203196,HMC,298.0098525285721
764.772,000-0000-0068,OTHERS,328757.394348926,4153235.9572901134,HMC,115.6300048828125
764.772,000-0000-0119,OTHERS,328737.624168907,4153186.252250283,HMC,298.760009765625
764.772,000-0000-0144,OTHERS,328766.8410924293,4153186.456926082,HMC,294.91806387901306
764.772,000-0000-0116,OTHERS,328736.87201283773,4153202.0797668872,HMC,298.760009765625
764.772,000-0000-0023,OTHERS,328783.3934465704,4153261.887162008,HMC,302.4777867794037
764.772,000-0000-0057,OTHERS,328749.04380852845,4153230.1772114495,HMC,298.760009765625
764.772,000-0000-0053,OTHERS,328749.1276179284,4153172.4391213134,HMC,298.760009765625
764.772,000-0000-0061,OTHERS,328750.13416859956,4153169.7710637734,HMC,298.760009765625
764.772,000-0000-0118,OTHERS,328753.31978263124,4153162.7325401353,HMC,298.760009765625
764.772,000-0000-0001,OTHERS,328745.74424982787,4153197.0177487037,HMC,293.0325503349304
764.772,000-0000-0063,OTHERS,328744.0879527522,4153189.798508612,HMC,298.760009765625
764.772,000-0000-0016,OTHERS,328750.92795599386,4153238.890128749,HMC,333.50566482543945
764.772,000-0000-0062,OTHERS,328723.6937814968,4153207.8532920624,HMC,294.80068373680115
764.772,000-0000-0132,OTHERS,328785.00431640417,4153250.2069159383,HMC,298.760009765625
764.772,000-0000-0080,OTHERS,328769.9642310541,4153180.008681646,HMC,294.1481976509094
764.772,000-0000-0027,OTHERS,328787.3779053704,4153263.7239397224,HMC,329.4274215698242
764.772,000-0000-0131,OTHERS,328730.8944031412,4153183.6064619934,HMC,298.760009765625
764.772,000-0000-0105,OTHERS,328752.40385580505,4153235.8398772217,HMC,298.760009765625
764.772,000-0000-0031,OTHERS,328727.5258364595,4153184.267081657,HMC,298.760009765625
764.772,000-0000-0211,OTHERS,328788.018895688,4153253.001849575,HMC,293.179123878479
764.772,000-0000-0226,OTHERS,328783.3934484058,4153261.887158664,HMC,302.4777867794037
764.772,000-0000-0233,OTHERS,328725.9878877321,4153202.092904915,HMC,295.9856071472168
764.772,000-0000-0251,OTHERS,328738.9965444521,4153168.3206683057,HMC,294.46053552627563
764.772,000-0000-0335,OTHERS,328742.12663624424,4153187.1436641556,HMC,292.5218234062195
764.772,000-0000-0366,OTHERS,328809.72584496345,4153240.098103097,HMC,298.760009765625
764.8720000000001,000-0000-0000,AV,328757.16461609874,4153201.6667696447,HMC,298.760009765625
764.8720000000001,000-0000-0159,AGENT,328745.076291373,4153210.6191468085,HMC,299.83302915096283
764.8720000000001,000-0000-0039,OTHERS,328748.5156303596,4153211.5450037606,HMC,298.12651801109314
764.8720000000001,000-0000-0092,OTHERS,328758.4863320711,4153205.8725154726,HMC,294.77178859710693
764.8720000000001,000-0000-0033,OTHERS,328733.5630537997,4153233.0299429125,HMC,302.75000977516174
764.8720000000001,000-0000-0013,OTHERS,328754.58435067994,4153200.112264088,HMC,297.4952608346939
764.8720000000001,000-0000-0075,OTHERS,328739.4541590762,4153226.453100784,HMC,265.7700080871582
764.8720000000001,000-0000-0138,OTHERS,328741.7519108386,4153226.4249963453,HMC,292.502197265625
764.8720000000001,000-0000-0011,OTHERS,328761.79270406987,4153198.8913248964,HMC,296.2421500682831
764.8720000000001,000-0000-0055,OTHERS,328759.75747974525,4153196.368600739,HMC,294.4688620567322
764.8720000000001,000-0000-0130,OTHERS,328756.6052123886,4153227.511826166,HMC,281.89684104919434
764.8720000000001,000-0000-0109,OTHERS,328760.66983856045,4153207.380930772,HMC,302.65399646759033
764.8720000000001,000-0000-0003,OTHERS,328749.53456924576,4153201.7217013887,HMC,305.60790157318115
764.8720000000001,000-0000-0009,OTHERS,328754.2666199743,4153192.7456798027,HMC,303.9913468360901
764.8720000000001,000-0000-0007,OTHERS,328763.4598761406,4153187.6504126103,HMC,305.79674005508423
764.8720000000001,000-0000-0079,OTHERS,328756.91965055297,4153179.0142804827,HMC,295.50104093551636
764.8720000000001,000-0000-0097,OTHERS,328768.0637696438,4153172.524035483,HMC,298.760009765625
764.8720000000001,000-0000-0065,OTHERS,328752.6550060145,4153234.4290658254,HMC,288.1888771057129
764.8720000000001,000-0000-0041,OTHERS,328751.918237997,4153190.15714936,HMC,297.4393446445465
764.8720000000001,000-0000-0024,OTHERS,328772.9434650936,4153262.6834611823,HMC,295.45839500427246
764.8720000000001,000-0000-0100,OTHERS,328757.51794369664,4153186.1043819273,HMC,293.7302451133728
764.8720000000001,000-0000-0124,OTHERS,328736.3875095437,4153200.147769039,HMC,292.0208444595337
764.8720000000001,000-0000-0134,OTHERS,328730.0204421492,4153213.215728918,HMC,296.33732867240906
764.8720000000001,000-0000-0094,OTHERS,328723.68306127685,4153226.6480541187,HMC,290.14337158203125
764.8720000000001,000-0000-0051,OTHERS,328728.15536430717,4153219.0294302143,HMC,298.760009765625
764.8720000000001,000-0000-0136,OTHERS,328742.7281000197,4153230.3603125676,HMC,297.7400097846985
764.8720000000001,000-0000-0059,OTHERS,328757.86281382496,4153192.982840837,HMC,298.760009765625
764.8720000000001,000-0000-0038,OTHERS,328764.4582219692,4153178.7640025695,HMC,298.02412581443787
764.8720000000001,000-0000-0005,OTHERS,328739.344817898,4153199.364789127,HMC,298.760009765625
764.8720000000001,000-0000-0043,OTHERS,328741.3237514922,4153169.5792136597,HMC,298.760009765625
764.8720000000001,000-0000-0072,OTHERS,328805.4436645927,4153238.2817124533,HMC,298.760009765625
764.8720000000001,000-0000-0115,OTHERS,328740.3434911128,4153178.7210420957,HMC,292.2873954772949
764.8720000000001,000-0000-0029,OTHERS,328742.1752430534,4153174.851517348,HMC,298.760009765625
764.8720000000001,000-0000-0102,OTHERS,328760.56256232795,4153178.871190125,HMC,298.760009765625
764.8720000000001,000-0000-0068,OTHERS,328756.5042370921,4153237.579077793,HMC,115.72001647949219
764.8720000000001,000-0000-0144,OTHERS,328766.8829808253,4153186.625778128,HMC,295.093567609787
764.8720000000001,000-0000-0116,OTHERS,328736.5824441069,4153202.215198748,HMC,298.760009765625
764.8720000000001,000-0000-0023,OTHERS,328784.0412852308,4153261.8329029065,HMC,263.3042411804199
764.8720000000001,000-0000-0057,OTHERS,328749.38677056314,4153229.502847854,HMC,298.760009765625
764.8720000000001,000-0000-0053,OTHERS,328749.10294525017,4153172.538376819,HMC,278.14013481140137
764.8720000000001,000-0000-0061,OTHERS,328750.09256908076,4153169.948659246,HMC,298.760009765625
764.8720000000001,000-0000-0118,OTHERS,328753.2668959724,4153162.910396132,HMC,298.760009765625
764.8720000000001,000-0000-0001,OTHERS,328745.8297507623,4153196.731239786,HMC,293.46431589126587
764.8720000000001,000-0000-0063,OTHERS,328745.029475398,4153188.3451837287,HMC,296.44189381599426
764.8720000000001,000-0000-0016,OTHERS,328750.8076765629,4153241.017501426,HMC,285.9369583129883
764.8720000000001,000-0000-0062,OTHERS,328723.90248460695,4153207.534182048,HMC,293.69324016571045
764.8720000000001,000-0000-0080,OTHERS,328769.74911605107,4153180.0516454796,HMC,298.760009765625
764.8720000000001,000-0000-0027,OTHERS,328787.214667324,4153263.7891207626,HMC,333.6229476928711
764.8720000000001,000-0000-0131,OTHERS,328730.63175756444,4153183.71746147,HMC,311.89078998565674
764.8720000000001,000-0000-0105,OTHERS,328752.3016134749,4153235.944401324,HMC,298.760009765625
764.8720000000001,000-0000-0031,OTHERS,328727.46671448456,4153184.435771737,HMC,298.760009765625
764.8720000000001,000-0000-0017,OTHERS,328733.12845797185,4153254.293907991,HMC,297.77000975608826
764.8720000000001,000-0000-0211,OTHERS,328787.63087558106,4153252.9640356856,HMC,293.2973265647888
764.8720000000001,000-0000-0226,OTHERS,328784.04128857487,4153261.832904742,HMC,263.3042411804199
764.8720000000001,000-0000-0233,OTHERS,328726.0534607684,4153202.4211803772,HMC,294.2956748008728
764.8720000000001,000-0000-0251,OTHERS,328738.41929940664,4153169.0575180994,HMC,294.36891508102417
764.8720000000001,000-0000-0335,OTHERS,328742.2076625747,4153186.667234149,HMC,295.51252698898315
764.8720000000001,000-0000-0366,OTHERS,328810.10921104084,4153240.183602706,HMC,270.5641059875488
764.972,000-0000-0000,AV,328757.24268952163,4153201.521778112,HMC,295.45001220703125
764.972,000-0000-0159,AGENT,328745.6745207688,4153211.2454666616,HMC,297.27118813991547
764.972,000-0000-0039,OTHERS,328749.3602919583,4153211.4529987345,HMC,295.45001220703125
764.972,000-0000-0092,OTHERS,328758.86686718726,4153205.7624173886,HMC,289.02772998809814
764.972,000-0000-0033,OTHERS,328735.4483810512,4153234.2856404707,HMC,299.440012216568
764.972,000-0000-0013,OTHERS,328754.55156355357,4153200.2033915995,HMC,291.7389802932739
764.972,000-0000-0075,OTHERS,328740.9714108138,4153227.334477356,HMC,262.46001052856445
764.972,000-0000-0138,OTHERS,328743.1430915288,4153226.7169809733,HMC,295.45001220703125
764.972,000-0000-0011,OTHERS,328761.6600956032,4153198.580552426,HMC,292.9633004665375
764.972,000-0000-0055,OTHERS,328759.41403523856,4153196.2616007845,HMC,295.45001220703125
764.972,000-0000-0130,OTHERS,328759.634275188,4153226.188548099,HMC,170.13926696777344
764.972,000-0000-0109,OTHERS,328761.1278387325,4153206.986864221,HMC,295.45001220703125
764.972,000-0000-0003,OTHERS,328749.78202316747,4153202.2360807746,HMC,296.48455595970154
764.972,000-0000-0009,OTHERS,328753.87792633154,4153192.6575418035,HMC,301.3594298362732
764.972,000-0000-0007,OTHERS,328762.82596872735,4153187.240079559,HMC,295.45001220703125
764.972,000-0000-0079,OTHERS,328755.58370432147,4153179.1116755884,HMC,292.7699992656708
764.972,000-0000-0097,OTHERS,328766.7563905929,4153172.003632354,HMC,285.60027027130127
764.972,000-0000-0065,OTHERS,328754.5206101809,4153234.298283736,HMC,284.71778774261475
764.972,000-0000-0041,OTHERS,328751.30042103596,4153190.430951874,HMC,295.45001220703125
764.972,000-0000-0100,OTHERS,328756.265138201,4153186.338284303,HMC,302.35192489624023
764.972,000-0000-0124,OTHERS,328736.4610140267,4153199.9885861175,HMC,295.45001220703125
764.972,000-0000-0134,OTHERS,328730.68039832194,4153214.6825541505,HMC,293.79866206645966
764.972,000-0000-0094,OTHERS,328725.1241038408,4153228.5985234855,HMC,287.96765327453613
764.972,000-0000-0051,OTHERS,328729.2155225001,4153220.5090811164,HMC,295.45001220703125
764.972,000-0000-0136,OTHERS,328744.60936072253,4153230.3947586203,HMC,295.190012216568
764.972,000-0000-0059,OTHERS,328757.4080386845,4153192.9131224514,HMC,296.52987027168274
764.972,000-0000-0038,OTHERS,328763.22270936583,4153178.344740326,HMC,293.11102533340454
764.972,000-0000-0005,OTHERS,328739.18826347287,4153200.0666650166,HMC,295.45001220703125
764.972,000-0000-0043,OTHERS,328739.7549294474,4153170.413766898,HMC,295.45001220703125
764.972,000-0000-0115,OTHERS,328739.16655669827,4153179.764770095,HMC,275.0109272003174
764.972,000-0000-0029,OTHERS,328741.0633080398,4153175.581847616,HMC,295.45001220703125
764.972,000-0000-0102,OTHERS,328759.2736945218,4153178.5559233814,HMC,298.41592836380005
764.972,000-0000-0068,OTHERS,328757.9500564534,4153239.01397171,HMC,112.44001770019531
764.972,000-0000-0144,OTHERS,328765.8647839394,4153185.987671127,HMC,295.45001220703125
764.972,000-0000-0116,OTHERS,328736.8188124745,4153203.3279911513,HMC,295.45001220703125
764.972,000-0000-0106,OTHERS,328725.71554858907,4153218.3153925356,HMC,295.45001220703125
764.972,000-0000-0023,OTHERS,328719.7401115035,4153245.3056308096,HMC,303.1107244491577
764.972,000-0000-0057,OTHERS,328751.1588106181,4153229.3795012054,HMC,296.00746661424637
764.972,000-0000-0053,OTHERS,328747.4665295658,4153173.065825494,HMC,295.45001220703125
764.972,000-0000-0061,OTHERS,328748.27135818143,4153170.338337106,HMC,295.45001220703125
764.972,000-0000-0118,OTHERS,328751.1525088534,4153163.177011435,HMC,295.45001220703125
764.972,000-0000-0001,OTHERS,328745.6958940683,4153196.8757018773,HMC,292.4516541957855
764.972,000-0000-0063,OTHERS,328744.5694434177,4153188.9139951314,HMC,295.45001220703125
764.972,000-0000-0016,OTHERS,328753.7115949384,4153241.8559385994,HMC,257.5981788635254
764.972,000-0000-0062,OTHERS,328724.6344795848,4153208.514274844,HMC,290.275918006897
764.972,000-0000-0080,OTHERS,328769.73615337006,4153176.8317697207,HMC,295.45001220703125
764.972,000-0000-0131,OTHERS,328729.90088183124,4153185.069936277,HMC,295.45001220703125
764.972,000-0000-0105,OTHERS,328754.18088933086,4153236.2423757594,HMC,295.45001220703125
764.972,000-0000-0031,OTHERS,328726.7362911573,4153186.3959404416,HMC,295.45001220703125
764.972,000-0000-0128,OTHERS,328765.08707167266,4153199.3070454225,HMC,290.6334743499756
764.972,000-0000-0017,OTHERS,328736.33228053234,4153254.419224129,HMC,294.4600121974945
764.972,000-0000-0040,OTHERS,328766.55782992236,4153241.1723852903,HMC,115.45001220703125
764.972,000-0000-0226,OTHERS,328719.7401098642,4153245.305634254,HMC,303.1107244491577
764.972,000-0000-0233,OTHERS,328726.6679970895,4153203.0695676473,HMC,290.8893446922302
764.972,000-0000-0251,OTHERS,328736.94089484547,4153169.635778019,HMC,291.1227355003357
764.972,000-0000-0335,OTHERS,328741.7321164033,4153187.2140348423,HMC,290.29469108581543
764.972,000-0000-0387,OTHERS,328730.68039832194,4153214.6825541505,HMC,293.79866206645966
765.072,000-0000-0000,AV,328757.3336597247,4153201.3804061543,HMC,300.9100036621094
765.072,000-0000-0159,AGENT,328744.797539645,4153210.155813328,HMC,301.4385828971863
765.072,000-0000-0039,OTHERS,328748.55752347613,4153210.663610843,HMC,299.74035489559174
765.072,000-0000-0092,OTHERS,328758.50168415473,4153205.869180629,HMC,294.16745233535767
765.072,000-0000-0033,OTHERS,328732.4693630312,4153232.007668345,HMC,304.9000036716461
765.072,000-0000-0013,OTHERS,328754.72650808666,4153199.8870347836,HMC,296.46617317199707
765.072,000-0000-0075,OTHERS,328738.60305582033,4153225.6564647956,HMC,267.9200019836426
765.072,000-0000-0138,OTHERS,328740.98996927915,4153224.9426655257,HMC,300.9100036621094
765.072,000-0000-0011,OTHERS,328761.9370766375,4153198.986867873,HMC,298.7883493900299
765.072,000-0000-0055,OTHERS,328760.03377604595,4153196.349868181,HMC,298.37778663635254
765.072,000-0000-0130,OTHERS,328755.752084707,4153227.1433321238,HMC,277.3984661102295
765.072,000-0000-0109,OTHERS,328760.9101351697,4153206.957040672,HMC,300.9100036621094
765.072,000-0000-0003,OTHERS,328749.8831975612,4153201.588995521,HMC,296.33378982543945
765.072,000-0000-0009,OTHERS,328754.8263010506,4153192.367231191,HMC,304.002149105072
765.072,000-0000-0007,OTHERS,328764.1009637606,4153187.8229013486,HMC,303.4244952201843
765.072,000-0000-0079,OTHERS,328757.84565579094,4153178.9629991245,HMC,297.9626302719116
765.072,000-0000-0097,OTHERS,328769.35330012866,4153172.9289529985,HMC,299.51258540153503
765.072,000-0000-0065,OTHERS,328750.5961334371,4153233.5663375477,HMC,303.007346868515
765.072,000-0000-0041,OTHERS,328752.4556419562,4153189.8667643582,HMC,297.2313151359558
765.072,000-0000-0024,OTHERS,328710.072477281,4153247.622174394,HMC,300.9100036621094
765.072,000-0000-0100,OTHERS,328757.8877515988,4153185.9079211936,HMC,315.5339775085449
765.072,000-0000-0124,OTHERS,328737.60912708106,4153197.1729042837,HMC,289.13464641571045
765.072,000-0000-0134,OTHERS,328729.6578176665,4153212.078529421,HMC,298.5687689781189
765.072,000-0000-0094,OTHERS,328722.8933490549,4153225.099492776,HMC,288.62761878967285
765.072,000-0000-0051,OTHERS,328727.65964598634,4153217.7523380145,HMC,300.9100036621094
765.072,000-0000-0136,OTHERS,328742.2841531658,4153228.268364524,HMC,300.1000036597252
765.072,000-0000-0059,OTHERS,328758.2848741458,4153192.913370055,HMC,302.01792228221893
765.072,000-0000-0038,OTHERS,328765.3352423507,4153178.9033135464,HMC,298.3577320575714
765.072,000-0000-0005,OTHERS,328739.93355629523,4153197.5345680555,HMC,300.9100036621094
765.072,000-0000-0043,OTHERS,328742.6295842878,4153168.6794239436,HMC,329.0526828765869
765.072,000-0000-0115,OTHERS,328740.88075437525,4153177.687161316,HMC,300.9100036621094
765.072,000-0000-0029,OTHERS,328743.63457992603,4153174.026560095,HMC,300.9100036621094
765.072,000-0000-0102,OTHERS,328761.5624424742,4153178.730275065,HMC,300.09177136421204
765.072,000-0000-0068,OTHERS,328753.47718242416,4153240.3313716925,HMC,118.65000915527344
765.072,000-0000-0144,OTHERS,328767.4439199289,4153186.9479117715,HMC,297.0805058479309
765.072,000-0000-0116,OTHERS,328736.3827016202,4153201.632083049,HMC,301.8548047542572
765.072,000-0000-0106,OTHERS,328724.27307710313,4153215.4372663414,HMC,300.9100036621094
765.072,000-0000-0023,OTHERS,328715.7068535318,4153241.6482389392,HMC,300.9100036621094
765.072,000-0000-0057,OTHERS,328748.93091906,4153227.959419972,HMC,301.78406155109406
765.072,000-0000-0053,OTHERS,328750.2389329261,4153172.1996006886,HMC,300.9100036621094
765.072,000-0000-0061,OTHERS,328751.402245997,4153169.5478513055,HMC,300.9100036621094
765.072,000-0000-0118,OTHERS,328755.0542237432,4153162.6879342897,HMC,263.1492233276367
765.072,000-0000-0001,OTHERS,328746.5210977451,4153195.2626962406,HMC,297.35703682899475
765.072,000-0000-0063,OTHERS,328746.7818900207,4153186.1513030175,HMC,297.16498589515686
765.072,000-0000-0016,OTHERS,328750.0950078297,4153239.317446076,HMC,282.262788772583
765.072,000-0000-0062,OTHERS,328723.3736414241,4153206.631001619,HMC,298.1335551738739
765.072,000-0000-0080,OTHERS,328772.1510655736,4153177.8495342247,HMC,300.9100036621094
765.072,000-0000-0027,OTHERS,328693.86754529545,4153257.908185331,HMC,300.9100036621094
765.072,000-0000-0131,OTHERS,328731.43513966876,4153182.455843086,HMC,314.947172164917
765.072,000-0000-0105,OTHERS,328750.9341069078,4153235.753739908,HMC,300.9100036621094
765.072,000-0000-0031,OTHERS,328728.494820246,4153183.0564825987,HMC,257.7140998840332
765.072,000-0000-0128,OTHERS,328765.2313819692,4153200.1214887253,HMC,298.37161684036255
765.072,000-0000-0135,OTHERS,328764.8669582947,4153166.7701424942,HMC,300.9100036621094
765.072,000-0000-0141,OTHERS,328761.97548661835,4153184.5842012763,HMC,316.46969509124756
765.072,000-0000-0148,OTHERS,328743.72675111523,4153202.6862548892,HMC,294.98066806793213
765.072,000-0000-0017,OTHERS,328731.7242542164,4153251.259093342,HMC,299.92000365257263
765.072,000-0000-0040,OTHERS,328762.0200451517,4153242.7071861066,HMC,121.66000366210938
765.072,000-0000-0211,OTHERS,328746.1369498295,4153193.4413963524,HMC,300.9100036621094
765.072,000-0000-0226,OTHERS,328715.7068535318,4153241.6482389392,HMC,300.9100036621094
765.072,000-0000-0233,OTHERS,328726.2372514452,4153200.6133193406,HMC,296.82319164276123
765.072,000-0000-0251,OTHERS,328740.15167175845,4153167.8686428694,HMC,296.2729277610779
765.072,000-0000-0280,OTHERS,328754.4110665971,4153237.1402888787,HMC,299.9890776872635
765.072,000-0000-0335,OTHERS,328743.77650163317,4153184.463365485,HMC,297.8691749572754
765.072,000-0000-0339,OTHERS,328788.84655509464,4153247.9245351744,HMC,295.4165711402893
765.072,000-0000-0387,OTHERS,328729.6578176665,4153212.078529421,HMC,298.5687689781189
765.182,000-0000-0000,AV,328757.3840866368,4153201.2383892364,HMC,296.80999755859375
765.182,000-0000-0159,AGENT,328745.5384325683,4153211.0769669777,HMC,294.49676156044006
765.182,000-0000-0039,OTHERS,328749.37694839237,4153210.818308996,HMC,296.2278397679329
765.182,000-0000-0092,OTHERS,328759.08821592486,4153204.859535105,HMC,291.82368659973145
765.182,000-0000-0033,OTHERS,328734.63884250453,4153233.609155163,HMC,300.7999975681305
765.182,000-0000-0013,OTHERS,328754.56352465786,4153200.1209155926,HMC,296.80999755859375
765.182,000-0000-0075,OTHERS,328740.28019162617,4153226.880284626,HMC,263.81999588012695
765.182,000-0000-0138,OTHERS,328742.9476165266,4153225.3593620886,HMC,296.80999755859375
765.182,000-0000-0011,OTHERS,328761.76297712425,4153198.6640417767,HMC,294.48672342300415
765.182,000-0000-0055,OTHERS,328759.7974311845,4153196.283119582,HMC,284.1777334213257
765.182,000-0000-0130,OTHERS,328756.8512474195,4153227.636774123,HMC,307.74049282073975
765.182,000-0000-0003,OTHERS,328749.89992830984,4153202.0424752054,HMC,297.39268350601196
765.182,000-0000-0009,OTHERS,328753.98445305787,4153193.1576686054,HMC,295.813461124897
765.182,000-0000-0007,OTHERS,328763.3070525766,4153187.518419069,HMC,280.9634828567505
765.182,000-0000-0079,OTHERS,328756.20927571686,4153179.1314803115,HMC,293.40351247787476
765.182,000-0000-0097,OTHERS,328767.3791449475,4153172.1850808947,HMC,287.54247283935547
765.182,000-0000-0065,OTHERS,328754.9991268044,4153232.6961219357,HMC,261.13536071777344
765.182,000-0000-0041,OTHERS,328751.6069503783,4153190.2588846413,HMC,296.80999755859375
765.182,000-0000-0100,OTHERS,328756.55802300695,4153186.248065476,HMC,308.198691368103
765.182,000-0000-0124,OTHERS,328737.65656080865,4153197.5613284674,HMC,280.7722625732422
765.182,000-0000-0094,OTHERS,328724.5361625005,4153227.6252097264,HMC,288.53759765625
765.182,000-0000-0051,OTHERS,328728.6870984608,4153219.8000723557,HMC,296.80999755859375
765.182,000-0000-0136,OTHERS,328744.49943909,4153228.508305529,HMC,295.8599975705147
765.182,000-0000-0059,OTHERS,328757.64084516076,4153192.893499573,HMC,298.3555235862732
765.182,000-0000-0038,OTHERS,328763.8916182459,4153178.493627013,HMC,293.2381007671356
765.182,000-0000-0005,OTHERS,328740.07810608327,4153198.034267113,HMC,296.80999755859375
765.182,000-0000-0043,OTHERS,328740.8212412135,4153169.7262620754,HMC,296.80999755859375
765.182,000-0000-0072,OTHERS,328739.8886696397,4153170.795385065,HMC,296.80999755859375
765.182,000-0000-0115,OTHERS,328739.4084290119,4153178.6514719557,HMC,296.80999755859375
765.182,000-0000-0029,OTHERS,328741.6654660696,4153174.9539113166,HMC,296.80999755859375
765.182,000-0000-0102,OTHERS,328759.9877064999,4153178.489867418,HMC,296.80999755859375
765.182,000-0000-0068,OTHERS,328755.51099597727,4153241.860106402,HMC,114.739990234375
765.182,000-0000-0144,OTHERS,328766.29463693703,4153186.184209053,HMC,296.80999755859375
765.182,000-0000-0116,OTHERS,328736.6278422657,4153202.914510315,HMC,296.80999755859375
765.182,000-0000-0106,OTHERS,328725.23237550515,4153217.9948396273,HMC,284.0187072753906
765.182,000-0000-0023,OTHERS,328718.76544903364,4153244.4538177773,HMC,291.8081274032593
765.182,000-0000-0057,OTHERS,328751.2298362632,4153227.742365356,HMC,296.80999755859375
765.182,000-0000-0053,OTHERS,328748.30346095964,4153172.7711515594,HMC,257.33644104003906
765.182,000-0000-0061,OTHERS,328749.3006745528,4153169.4585727793,HMC,151.2969512939453
765.182,000-0000-0118,OTHERS,328752.1462939003,4153162.9965131637,HMC,296.80999755859375
765.182,000-0000-0001,OTHERS,328746.2805575419,4153195.0049995915,HMC,294.1151194572449
765.182,000-0000-0063,OTHERS,328745.7102163664,4153186.6036312287,HMC,296.80999755859375
765.182,000-0000-0062,OTHERS,328723.66714799847,4153209.424368046,HMC,294.0335490703583
765.182,000-0000-0080,OTHERS,328769.81826450076,4153178.331989781,HMC,296.80999755859375
765.182,000-0000-0027,OTHERS,328697.83112240274,4153262.8743410325,HMC,293.4219927787781
765.182,000-0000-0131,OTHERS,328730.3594987185,4153184.099240024,HMC,296.80999755859375
765.182,000-0000-0031,OTHERS,328727.1851719444,4153184.528345728,HMC,160.20082092285156
765.182,000-0000-0128,OTHERS,328765.1670346748,4153199.5525995702,HMC,291.868332862854
765.182,000-0000-0135,OTHERS,328762.8738839976,4153166.1630297527,HMC,296.80999755859375
765.182,000-0000-0141,OTHERS,328761.2671034146,4153184.875358253,HMC,296.80999755859375
765.182,000-0000-0148,OTHERS,328743.9062791168,4153202.8444886203,HMC,287.65061378479004
765.182,000-0000-0017,OTHERS,328735.54460364365,4153251.881867572,HMC,295.819997549057
765.182,000-0000-0040,OTHERS,328764.3376481155,4153243.239494683,HMC,118.489990234375
765.182,000-0000-0226,OTHERS,328718.76544903364,4153244.4538177773,HMC,291.8081274032593
765.182,000-0000-0251,OTHERS,328737.5236021588,4153169.531273585,HMC,294.6020305156708
765.182,000-0000-0327,OTHERS,328778.7258732389,4153276.729099437,HMC,292.31688499450684
765.182,000-0000-0335,OTHERS,328743.2923120382,4153183.720346712,HMC,296.2860373854637
765.182,000-0000-0339,OTHERS,328792.1650995557,4153245.618895011,HMC,290.7082734107971
765.182,000-0000-0387,OTHERS,328730.40702095424,4153213.973790452,HMC,295.1303690671921
765.2620000000001,000-0000-0000,AV,328757.3840866368,4153201.2383892364,HMC,296.80999755859375
765.2620000000001,000-0000-0159,AGENT,328745.54143597407,4153211.121861907,HMC,295.0767035484314
765.2620000000001,000-0000-0039,OTHERS,328749.18315125,4153210.9578799186,HMC,297.5801395177841
765.2620000000001,000-0000-0092,OTHERS,328758.5952973831,4153205.80822728,HMC,291.7467522621155
765.2620000000001,000-0000-0033,OTHERS,328734.5044888111,4153233.6533010136,HMC,300.7999975681305
765.2620000000001,000-0000-0013,OTHERS,328754.5276836783,4153200.194701903,HMC,296.80999755859375
765.2620000000001,000-0000-0075,OTHERS,328740.235088126,4153226.9695356796,HMC,263.81999588012695
765.2620000000001,000-0000-0138,OTHERS,328743.13638570823,4153225.241104214,HMC,290.84697008132935
765.2620000000001,000-0000-0011,OTHERS,328761.73465852404,4153198.741921806,HMC,294.4132421016693
765.2620000000001,000-0000-0055,OTHERS,328759.62015410233,4153196.1900856323,HMC,296.80999755859375
765.2620000000001,000-0000-0130,OTHERS,328759.00411057356,4153226.576039087,HMC,177.34728240966797
765.2620000000001,000-0000-0003,OTHERS,328750.05952320696,4153202.196189969,HMC,289.282986164093
765.2620000000001,000-0000-0009,OTHERS,328754.10064566566,4153192.813703673,HMC,299.15212774276733
765.2620000000001,000-0000-0007,OTHERS,328763.15655163815,4153187.458426952,HMC,296.80999755859375
765.2620000000001,000-0000-0079,OTHERS,328756.15625495306,4153179.1799620744,HMC,294.3041305541992
765.2620000000001,000-0000-0097,OTHERS,328767.59665914136,4153172.3563645035,HMC,257.3846321105957
765.2620000000001,000-0000-0065,OTHERS,328753.85614462773,4153232.7576961634,HMC,309.7956609725952
765.2620000000001,000-0000-0041,OTHERS,328751.5800979322,4153190.343085485,HMC,296.80999755859375
765.2620000000001,000-0000-0100,OTHERS,328756.64903786423,4153186.463211411,HMC,302.8332381248474
765.2620000000001,000-0000-0124,OTHERS,328737.8409355046,4153197.319499602,HMC,270.41758728027344
765.2620000000001,000-0000-0094,OTHERS,328724.39104720566,4153227.71568121,HMC,287.82157039642334
765.2620000000001,000-0000-0051,OTHERS,328728.6325117454,4153219.8495151526,HMC,296.80999755859375
765.2620000000001,000-0000-0136,OTHERS,328745.18398693437,4153228.516881464,HMC,281.7132396697998
765.2620000000001,000-0000-0059,OTHERS,328757.543068095,4153192.939743649,HMC,299.5243535041809
765.2620000000001,000-0000-0038,OTHERS,328763.87661405053,4153178.603049048,HMC,295.58185970783234
765.2620000000001,000-0000-0005,OTHERS,328740.494472261,4153197.6456384067,HMC,297.3358790278435
765.2620000000001,000-0000-0043,OTHERS,328740.880761523,4153169.7115736785,HMC,270.5881099700928
765.2620000000001,000-0000-0072,OTHERS,328739.9818468949,4153170.8439173508,HMC,296.80999755859375
765.2620000000001,000-0000-0115,OTHERS,328739.3955884773,4153178.6060562246,HMC,296.80999755859375
765.2620000000001,000-0000-0029,OTHERS,328741.6256677917,4153174.8912265063,HMC,296.80999755859375
765.2620000000001,000-0000-0102,OTHERS,328759.9934450282,4153178.492767414,HMC,296.80999755859375
765.2620000000001,000-0000-0068,OTHERS,328754.7437610722,4153243.4891741415,HMC,114.78999328613281
765.2620000000001,000-0000-0144,OTHERS,328766.25447993504,4153186.2865404706,HMC,296.80999755859375
765.2620000000001,000-0000-0106,OTHERS,328725.23183829774,4153217.834179039,HMC,280.4811305999756
765.2620000000001,000-0000-0023,OTHERS,328718.6640201416,4153244.5696275868,HMC,287.2694253921509
765.2620000000001,000-0000-0057,OTHERS,328751.34773458366,4153227.4540354735,HMC,296.80999755859375
765.2620000000001,000-0000-0053,OTHERS,328748.18614955153,4153172.8649329827,HMC,296.80999755859375
765.2620000000001,000-0000-0061,OTHERS,328749.14320502355,4153170.204539887,HMC,296.80999755859375
765.2620000000001,000-0000-0118,OTHERS,328752.11838087847,4153163.033495921,HMC,296.80999755859375
765.2620000000001,000-0000-0001,OTHERS,328746.2783041649,4153194.639859881,HMC,293.67549562454224
765.2620000000001,000-0000-0063,OTHERS,328746.0835861939,4153185.9350756393,HMC,296.80999755859375
765.2620000000001,000-0000-0062,OTHERS,328723.57806062605,4153209.175571396,HMC,296.80999755859375
765.2620000000001,000-0000-0080,OTHERS,328768.441242782,4153181.3330465546,HMC,296.80999755859375
765.2620000000001,000-0000-0027,OTHERS,328697.72785894584,4153262.983111719,HMC,293.3001227378845
765.2620000000001,000-0000-0131,OTHERS,328730.36008397926,4153183.9636385515,HMC,296.80999755859375
765.2620000000001,000-0000-0031,OTHERS,328727.3000923411,4153184.9751280337,HMC,159.625244140625
765.2620000000001,000-0000-0128,OTHERS,328765.0344726579,4153199.6127690095,HMC,295.1489906311035
765.2620000000001,000-0000-0135,OTHERS,328763.0044025302,4153166.0482689585,HMC,296.80999755859375
765.2620000000001,000-0000-0141,OTHERS,328761.20378115086,4153184.909880666,HMC,299.25643396377563
765.2620000000001,000-0000-0148,OTHERS,328744.3031531999,4153202.5514273145,HMC,290.0004153251648
765.2620000000001,000-0000-0074,OTHERS,328744.813434298,4153150.4267221144,HMC,296.80999755859375
765.2620000000001,000-0000-0017,OTHERS,328735.8161792967,4153251.1227592635,HMC,294.319997549057
765.2620000000001,000-0000-0040,OTHERS,328763.52817669045,4153244.286998357,HMC,119.47999572753906
765.2620000000001,000-0000-0206,OTHERS,328726.0059140927,4153203.5744005316,HMC,292.5861234664917
765.2620000000001,000-0000-0226,OTHERS,328718.6640201416,4153244.5696275868,HMC,287.2694253921509
765.2620000000001,000-0000-0251,OTHERS,328737.95212177705,4153169.326032987,HMC,292.34126234054565
765.2620000000001,000-0000-0339,OTHERS,328791.4891434225,4153245.4204890616,HMC,293.95272421836853
765.2620000000001,000-0000-0387,OTHERS,328730.0803133018,4153213.8724570978,HMC,295.05089819431305
765.362,000-0000-0000,AV,328757.4518589822,4153201.1370874224,HMC,299.95001220703125
765.362,000-0000-0159,AGENT,328744.95369841583,4153210.4426555214,HMC,298.5929419994354
765.362,000-0000-0039,OTHERS,328748.9226949968,4153210.363958721,HMC,298.06229293346405
765.362,000-0000-0092,OTHERS,328758.61919295887,4153204.8897423735,HMC,291.5713081359863
765.362,000-0000-0033,OTHERS,328732.69447696774,4153232.286797161,HMC,303.940012216568
765.362,000-0000-0013,OTHERS,328754.6465772247,4153200.0114535782,HMC,298.9200757741928
765.362,000-0000-0075,OTHERS,328738.8692297791,4153225.97689107,HMC,266.96001052856445
765.362,000-0000-0138,OTHERS,328741.9354212321,4153224.009961963,HMC,296.40050411224365
765.362,000-0000-0011,OTHERS,328761.8816183526,4153198.966186955,HMC,297.20079159736633
765.362,000-0000-0055,OTHERS,328759.88710130076,4153196.2890713704,HMC,304.44602489471436
765.362,000-0000-0130,OTHERS,328756.17182358686,4153227.2481847815,HMC,269.4383964538574
765.362,000-0000-0003,OTHERS,328749.73517768166,4153201.6533369836,HMC,300.56590205430984
765.362,000-0000-0009,OTHERS,328754.524628765,4153192.6487505175,HMC,300.48722755908966
765.362,000-0000-0007,OTHERS,328764.0733883445,4153187.85053523,HMC,286.74849224090576
765.362,000-0000-0079,OTHERS,328757.4647254694,4153179.066607112,HMC,297.547075510025
765.362,000-0000-0097,OTHERS,328769.2177373611,4153173.0335878907,HMC,287.00693798065186
765.362,000-0000-0065,OTHERS,328754.87802962336,4153232.0223767776,HMC,218.09276580810547
765.362,000-0000-0041,OTHERS,328752.2244069406,4153190.0156731196,HMC,298.9364048242569
765.362,000-0000-0100,OTHERS,328757.4145244506,4153186.470177759,HMC,306.3627710342407
765.362,000-0000-0124,OTHERS,328738.350082083,4153196.2378773494,HMC,299.95001220703125
765.362,000-0000-0094,OTHERS,328723.0442824383,4153225.805121599,HMC,292.948983669281
765.362,000-0000-0051,OTHERS,328727.7202726614,4153218.2227276387,HMC,299.95001220703125
765.362,000-0000-0136,OTHERS,328742.4259417303,4153226.5404753783,HMC,339.8609924316406
765.362,000-0000-0059,OTHERS,328757.9567606993,4153192.8931097807,HMC,301.9032666683197
765.362,000-0000-0038,OTHERS,328765.07727200916,4153178.9254461215,HMC,299.95001220703125
765.362,000-0000-0005,OTHERS,328741.43081276555,4153195.6586145726,HMC,300.6821765899658
765.362,000-0000-0043,OTHERS,328742.68258020026,4153168.782572521,HMC,299.95001220703125
765.362,000-0000-0072,OTHERS,328741.8100616046,4153169.53002728,HMC,299.95001220703125
765.362,000-0000-0115,OTHERS,328740.7431205608,4153177.5944319945,HMC,299.95001220703125
765.362,000-0000-0029,OTHERS,328743.1150337214,4153173.887498845,HMC,299.95001220703125
765.362,000-0000-0102,OTHERS,328761.3601201686,4153178.610819278,HMC,299.95001220703125
765.362,000-0000-0068,OTHERS,328751.8073784797,4153244.6843581847,HMC,117.20001220703125
765.362,000-0000-0144,OTHERS,328767.2228476,4153186.8700073175,HMC,295.8786277770996
765.362,000-0000-0023,OTHERS,328716.2659617289,4153242.1595091587,HMC,299.95001220703125
765.362,000-0000-0057,OTHERS,328750.2532679246,4153226.427255806,HMC,301.08911061286926
765.362,000-0000-0053,OTHERS,328749.8445187197,4153172.391885087,HMC,257.85869216918945
765.362,000-0000-0061,OTHERS,328750.5207276358,4153169.3793551493,HMC,332.3216552734375
765.362,000-0000-0118,OTHERS,328754.3585291489,4153162.7184949205,HMC,299.95001220703125
765.362,000-0000-0001,OTHERS,328746.9522163647,4153193.326726225,HMC,301.15686678886414
765.362,000-0000-0063,OTHERS,328747.51921767625,4153184.898435895,HMC,291.0406847000122
765.362,000-0000-0062,OTHERS,328723.40474616864,4153207.285415317,HMC,298.0920400619507
765.362,000-0000-0080,OTHERS,328770.36168242316,4153180.4175428306,HMC,299.95001220703125
765.362,000-0000-0027,OTHERS,328695.4549278407,4153256.87100001,HMC,299.95001220703125
765.362,000-0000-0131,OTHERS,328731.42676237394,4153182.376772922,HMC,318.7297954559326
765.362,000-0000-0031,OTHERS,328728.23473184346,4153183.3356827493,HMC,164.1134796142578
765.362,000-0000-0128,OTHERS,328765.19798224163,4153200.0737672765,HMC,296.3697509765625
765.362,000-0000-0135,OTHERS,328765.4573523616,4153165.5524070757,HMC,299.95001220703125
765.362,000-0000-0141,OTHERS,328762.1306768225,4153185.1038791686,HMC,312.634560585022
765.362,000-0000-0148,OTHERS,328745.0352480302,4153201.559869229,HMC,297.4170665740967
765.362,000-0000-0089,OTHERS,328713.9200878892,4153243.1061703525,HMC,299.95001220703125
765.362,000-0000-0139,OTHERS,328718.14320164267,4153238.225276338,HMC,299.95001220703125
765.362,000-0000-0074,OTHERS,328748.9405356702,4153148.9220234505,HMC,299.95001220703125
765.362,000-0000-0017,OTHERS,328733.3849988208,4153249.01546189,HMC,296.33001232147217
765.362,000-0000-0040,OTHERS,328760.4930233411,4153245.5340899997,HMC,123.61001586914062
765.362,000-0000-0226,OTHERS,328716.2659617289,4153242.1595091587,HMC,299.95001220703125
765.362,000-0000-0251,OTHERS,328739.7552712159,4153168.2714317925,HMC,295.8800439834595
765.362,000-0000-0329,OTHERS,328777.323317195,4153271.6184992045,HMC,297.0710508823395
765.362,000-0000-0339,OTHERS,328788.72831789975,4153247.2451501265,HMC,299.01142567396164
765.362,000-0000-0387,OTHERS,328729.36229978205,4153212.3577327966,HMC,298.3542617559433
