TIMESTAMP,TRACK_ID,OBJECT_TYPE,X,Y,CITY_NAME
315969713.6967677,00000000-0000-0000-0000-000000000000,AV,248.83939962928486,1197.8848743354085,MIA
315969713.6967677,00000000-0000-0000-0000-000000012716,AGENT,245.57268136914857,1202.1512680314975,MIA
315969713.6967677,00000000-0000-0000-0000-000000015013,OTHERS,257.86225346932105,1123.1389558614385,MIA
315969713.6967677,00000000-0000-0000-0000-000000014994,OTHERS,275.82443013916213,1179.532140414435,MIA
315969713.6967677,00000000-0000-0000-0000-000000014950,OTHERS,249.85867966778943,1227.5144651444525,MIA
315969713.6967677,00000000-0000-0000-0000-000000015010,OTHERS,255.14479979009081,1185.4558822169345,MIA
315969713.6967677,00000000-0000-0000-0000-000000015006,OTHERS,245.4185584177397,1120.0526930650417,MIA
315969713.6967677,00000000-0000-0000-0000-000000014988,OTHERS,247.15954036829208,1239.8417097900792,MIA
315969713.6967677,00000000-0000-0000-0000-000000014965,OTHERS,242.9331455286297,1209.16833012108,MIA
315969713.6967677,00000000-0000-0000-0000-000000014991,OTHERS,255.9825133935799,1163.9664024887759,MIA
315969713.6967677,00000000-0000-0000-0000-000000014967,OTHERS,254.32206987166717,1193.412525253331,MIA
315969713.6967677,00000000-0000-0000-0000-000000014938,OTHERS,247.1244861660404,1161.709334934189,MIA
315969713.839069,00000000-0000-0000-0000-000000000000,AV,248.89796623074108,1196.3139683817578,MIA
315969713.839069,00000000-0000-0000-0000-000000012716,AGENT,245.6595774536277,1199.4139659447976,MIA
315969713.839069,00000000-0000-0000-0000-000000014938,OTHERS,247.25698106701236,1158.4926848519608,MIA
315969713.839069,00000000-0000-0000-0000-000000015010,OTHERS,255.18255313553595,1185.2871126003495,MIA
315969713.839069,00000000-0000-0000-0000-000000015013,OTHERS,257.72543492705535,1123.1092509656214,MIA
315969713.839069,00000000-0000-0000-0000-000000014994,OTHERS,275.0939786237878,1179.5621547893293,MIA
315969713.839069,00000000-0000-0000-0000-000000014950,OTHERS,249.91373954783668,1224.779089815943,MIA
315969713.839069,00000000-0000-0000-0000-000000015006,OTHERS,245.4625914159724,1120.0629995240397,MIA
315969713.839069,00000000-0000-0000-0000-000000014988,OTHERS,247.3403431844497,1236.0694799411892,MIA
315969713.839069,00000000-0000-0000-0000-000000014965,OTHERS,242.3994087536408,1208.229869373524,MIA
315969713.839069,00000000-0000-0000-0000-000000015022,OTHERS,245.9520245137841,1199.2601489900267,MIA
315969713.839069,00000000-0000-0000-0000-000000014991,OTHERS,255.91762815921768,1163.9873824173667,MIA
315969713.839069,00000000-0000-0000-0000-000000014967,OTHERS,254.2682014328421,1192.8658152136059,MIA
315969713.98918456,00000000-0000-0000-0000-000000000000,AV,248.9592667563052,1194.6080553823426,MIA
315969713.98918456,00000000-0000-0000-0000-000000012716,AGENT,245.7749328133817,1197.7784366010844,MIA
315969713.98918456,00000000-0000-0000-0000-000000014938,OTHERS,247.2646621759228,1157.0510067892274,MIA
315969713.98918456,00000000-0000-0000-0000-000000014950,OTHERS,249.96112573770802,1223.6383294413092,MIA
315969713.98918456,00000000-0000-0000-0000-000000015013,OTHERS,257.6940307659902,1123.078382639362,MIA
315969713.98918456,00000000-0000-0000-0000-000000014994,OTHERS,275.82491079877684,1179.5380255734274,MIA
315969713.98918456,00000000-0000-0000-0000-000000014965,OTHERS,242.4370153081633,1208.0998536749407,MIA
315969713.98918456,00000000-0000-0000-0000-000000015006,OTHERS,245.46259141652092,1120.062999513084,MIA
315969713.98918456,00000000-0000-0000-0000-000000015021,OTHERS,253.9513571043978,1191.0314865592975,MIA
315969713.98918456,00000000-0000-0000-0000-000000015010,OTHERS,255.16817482837536,1185.3372085502506,MIA
315969713.98918456,00000000-0000-0000-0000-000000014988,OTHERS,247.26711204935768,1234.721823532916,MIA
315969713.98918456,00000000-0000-0000-0000-000000015022,OTHERS,245.1297070446805,1198.6916748987323,MIA
315969713.98918456,00000000-0000-0000-0000-000000014991,OTHERS,255.92378050903446,1163.7263007504896,MIA
315969713.98918456,00000000-0000-0000-0000-000000014967,OTHERS,254.37744759622186,1192.7396241961706,MIA
315969714.1350866,00000000-0000-0000-0000-000000000000,AV,249.0160378586737,1193.002409523166,MIA
315969714.1350866,00000000-0000-0000-0000-000000012716,AGENT,245.86270870205945,1195.0681665498435,MIA
315969714.1350866,00000000-0000-0000-0000-000000014950,OTHERS,250.02019938544117,1220.9868083306872,MIA
315969714.1350866,00000000-0000-0000-0000-000000014994,OTHERS,275.32594835307856,1179.6031229228633,MIA
315969714.1350866,00000000-0000-0000-0000-000000014988,OTHERS,247.38724486982886,1231.7925289643138,MIA
315969714.1350866,00000000-0000-0000-0000-000000015022,OTHERS,245.1297070446805,1198.6916748987323,MIA
315969714.1350866,00000000-0000-0000-0000-000000014967,OTHERS,254.36994442299311,1192.689988124055,MIA
315969714.1350866,00000000-0000-0000-0000-000000014991,OTHERS,255.93042724472545,1163.9437544350365,MIA
315969714.1350866,00000000-0000-0000-0000-000000014938,OTHERS,247.3420748705433,1153.93181661953,MIA
315969714.1350866,00000000-0000-0000-0000-000000015025,OTHERS,246.34382490220364,1197.0994254752418,MIA
315969714.1350866,00000000-0000-0000-0000-000000015013,OTHERS,257.5770948254223,1123.1216556390264,MIA
315969714.1350866,00000000-0000-0000-0000-000000014965,OTHERS,242.38375488281693,1208.222278992886,MIA
315969714.1350866,00000000-0000-0000-0000-000000015023,OTHERS,246.3100447912601,1198.2604067648394,MIA
315969714.1350866,00000000-0000-0000-0000-000000015006,OTHERS,245.52434802585225,1120.035022322735,MIA
315969714.1350866,00000000-0000-0000-0000-000000015021,OTHERS,253.9220122996957,1191.2584641706253,MIA
315969714.1350866,00000000-0000-0000-0000-000000015010,OTHERS,255.1582395916724,1185.3756702560245,MIA
315969714.28528315,00000000-0000-0000-0000-000000000000,AV,249.0774163047416,1191.3962306758467,MIA
315969714.28528315,00000000-0000-0000-0000-000000012716,AGENT,245.8928903856556,1193.7438057087911,MIA
315969714.28528315,00000000-0000-0000-0000-000000014950,OTHERS,250.12624101561403,1219.6813674914458,MIA
315969714.28528315,00000000-0000-0000-0000-000000014994,OTHERS,275.2184878070339,1179.380549533937,MIA
315969714.28528315,00000000-0000-0000-0000-000000014988,OTHERS,247.28026682644432,1230.899446457936,MIA
315969714.28528315,00000000-0000-0000-0000-000000015022,OTHERS,245.1297070446805,1198.6916748987323,MIA
315969714.28528315,00000000-0000-0000-0000-000000014967,OTHERS,254.170322197854,1192.729957777654,MIA
315969714.28528315,00000000-0000-0000-0000-000000014991,OTHERS,255.9282704928838,1163.91737479207,MIA
315969714.28528315,00000000-0000-0000-0000-000000014938,OTHERS,247.30961817650933,1152.085717430836,MIA
315969714.28528315,00000000-0000-0000-0000-000000015013,OTHERS,257.754008820023,1123.095963296915,MIA
315969714.28528315,00000000-0000-0000-0000-000000015025,OTHERS,246.34382490220364,1197.0994254752418,MIA
315969714.28528315,00000000-0000-0000-0000-000000014965,OTHERS,242.432120805692,1208.3293563948869,MIA
315969714.28528315,00000000-0000-0000-0000-000000015023,OTHERS,246.31004479162635,1198.260406753911,MIA
315969714.28528315,00000000-0000-0000-0000-000000015006,OTHERS,245.32593477673717,1120.1351902905028,MIA
315969714.28528315,00000000-0000-0000-0000-000000015021,OTHERS,253.9220122996957,1191.2584641706253,MIA
315969714.28528315,00000000-0000-0000-0000-000000015010,OTHERS,255.15925421273684,1185.3327068104495,MIA
315969714.44705963,00000000-0000-0000-0000-000000000000,AV,249.1436191928067,1189.574405514155,MIA
315969714.44705963,00000000-0000-0000-0000-000000012716,AGENT,246.07670600598857,1191.2016750769596,MIA
315969714.44705963,00000000-0000-0000-0000-000000014938,OTHERS,247.4427026840311,1149.174696775282,MIA
315969714.44705963,00000000-0000-0000-0000-000000014950,OTHERS,250.2238529808505,1217.0146028629645,MIA
315969714.44705963,00000000-0000-0000-0000-000000014965,OTHERS,242.405753865822,1208.326745943865,MIA
315969714.44705963,00000000-0000-0000-0000-000000015024,OTHERS,281.58470702046816,1181.7828678076348,MIA
315969714.44705963,00000000-0000-0000-0000-000000015006,OTHERS,245.4617098549772,1120.1232529142408,MIA
315969714.44705963,00000000-0000-0000-0000-000000015025,OTHERS,246.34382490220364,1197.0994254752418,MIA
315969714.44705963,00000000-0000-0000-0000-000000015021,OTHERS,253.9118070901256,1191.7627094948725,MIA
315969714.44705963,00000000-0000-0000-0000-000000015010,OTHERS,255.11996788516308,1185.4031310587586,MIA
315969714.44705963,00000000-0000-0000-0000-000000015013,OTHERS,257.7654259981269,1123.1035034659158,MIA
315969714.44705963,00000000-0000-0000-0000-000000014994,OTHERS,274.9952639518907,1179.2744530019272,MIA
315969714.44705963,00000000-0000-0000-0000-000000014988,OTHERS,247.4786683974939,1227.958098884142,MIA
315969714.44705963,00000000-0000-0000-0000-000000014991,OTHERS,255.98299159052812,1163.7876428192571,MIA
315969714.44705963,00000000-0000-0000-0000-000000014967,OTHERS,254.39142196826214,1192.4719213256915,MIA
315969714.6052665,00000000-0000-0000-0000-000000000000,AV,249.20599052633568,1187.8604673876046,MIA
315969714.6052665,00000000-0000-0000-0000-000000012716,AGENT,246.05190260880096,1189.7473859058612,MIA
315969714.6052665,00000000-0000-0000-0000-000000014938,OTHERS,247.43254826570487,1147.6561475694764,MIA
315969714.6052665,00000000-0000-0000-0000-000000015013,OTHERS,257.6471994939986,1123.0844966587379,MIA
315969714.6052665,00000000-0000-0000-0000-000000014994,OTHERS,275.1714833745596,1179.5472335445759,MIA
315969714.6052665,00000000-0000-0000-0000-000000014950,OTHERS,250.27325318998183,1215.8002854401327,MIA
315969714.6052665,00000000-0000-0000-0000-000000015006,OTHERS,245.3682799341804,1120.0478175212843,MIA
315969714.6052665,00000000-0000-0000-0000-000000015021,OTHERS,253.8744175952431,1191.895675850373,MIA
315969714.6052665,00000000-0000-0000-0000-000000015010,OTHERS,255.146138458158,1185.220905296163,MIA
315969714.6052665,00000000-0000-0000-0000-000000014988,OTHERS,247.48508441242126,1226.90451813771,MIA
315969714.6052665,00000000-0000-0000-0000-000000015024,OTHERS,281.58470702046816,1181.7828678076348,MIA
315969714.6052665,00000000-0000-0000-0000-000000014965,OTHERS,242.40896165796718,1208.1970957893816,MIA
315969714.6052665,00000000-0000-0000-0000-000000014991,OTHERS,255.94732847022647,1163.6982359189844,MIA
315969714.6052665,00000000-0000-0000-0000-000000014967,OTHERS,254.4068887972496,1192.4306750534,MIA
315969714.74758655,00000000-0000-0000-0000-000000000000,AV,249.26492355521674,1186.2595172128802,MIA
315969714.74758655,00000000-0000-0000-0000-000000012716,AGENT,246.17140106525085,1187.0249921793456,MIA
315969714.74758655,00000000-0000-0000-0000-000000014938,OTHERS,247.50764409812214,1144.6400333977786,MIA
315969714.74758655,00000000-0000-0000-0000-000000014965,OTHERS,242.39711479788352,1208.2178340314465,MIA
315969714.74758655,00000000-0000-0000-0000-000000015024,OTHERS,281.58470702046816,1181.7828678076348,MIA
315969714.74758655,00000000-0000-0000-0000-000000015006,OTHERS,245.429540443388,1119.9284740322732,MIA
315969714.74758655,00000000-0000-0000-0000-000000014950,OTHERS,250.31920131383342,1212.7219567410132,MIA
315969714.74758655,00000000-0000-0000-0000-000000014991,OTHERS,255.91220092398288,1163.696965916291,MIA
315969714.74758655,00000000-0000-0000-0000-000000014967,OTHERS,254.5619932064556,1192.2233620218938,MIA
315969714.74758655,00000000-0000-0000-0000-000000015013,OTHERS,257.7411271295635,1123.0880869866187,MIA
315969714.74758655,00000000-0000-0000-0000-000000014994,OTHERS,274.9059187669627,1179.875881192829,MIA
315969714.74758655,00000000-0000-0000-0000-000000015010,OTHERS,255.1579212413224,1185.0460856881725,MIA
315969714.74758655,00000000-0000-0000-0000-000000014988,OTHERS,247.57614203997028,1224.030912612823,MIA
315969714.8894865,00000000-0000-0000-0000-000000000000,AV,249.31997468294608,1184.7600888830063,MIA
315969714.8894865,00000000-0000-0000-0000-000000012716,AGENT,246.25514947514102,1185.6753762228157,MIA
315969714.8894865,00000000-0000-0000-0000-000000014965,OTHERS,242.434729573582,1208.1514038764426,MIA
315969714.8894865,00000000-0000-0000-0000-000000015006,OTHERS,245.4384205800557,1120.1699366515425,MIA
315969714.8894865,00000000-0000-0000-0000-000000015037,OTHERS,333.6364596845678,1170.1726766136971,MIA
315969714.8894865,00000000-0000-0000-0000-000000014991,OTHERS,255.92282391030938,1163.7704667040005,MIA
315969714.8894865,00000000-0000-0000-0000-000000014967,OTHERS,254.56773093582768,1192.224505550097,MIA
315969714.8894865,00000000-0000-0000-0000-000000014950,OTHERS,250.32864757748072,1211.5143114006446,MIA
315969714.8894865,00000000-0000-0000-0000-000000015013,OTHERS,258.01608031972614,1123.0582445879318,MIA
315969714.8894865,00000000-0000-0000-0000-000000014994,OTHERS,274.9059187673219,1179.8758811817627,MIA
315969714.8894865,00000000-0000-0000-0000-000000014938,OTHERS,247.60794043393258,1143.0811901100506,MIA
315969714.8894865,00000000-0000-0000-0000-000000015010,OTHERS,255.1847569553621,1184.8857485816172,MIA
315969714.8894865,00000000-0000-0000-0000-000000014988,OTHERS,247.59970416211002,1222.5775324134115,MIA
315969715.058996,00000000-0000-0000-0000-000000000000,AV,249.39129090988143,1182.8340451501556,MIA
315969715.058996,00000000-0000-0000-0000-000000012716,AGENT,246.3973854930846,1183.13346469491,MIA
315969715.058996,00000000-0000-0000-0000-000000014950,OTHERS,250.4491599858828,1209.1007905149327,MIA
315969715.058996,00000000-0000-0000-0000-000000014965,OTHERS,242.47667312340684,1208.000533138179,MIA
315969715.058996,00000000-0000-0000-0000-000000014967,OTHERS,254.5751160187953,1192.1529130590793,MIA
315969715.058996,00000000-0000-0000-0000-000000014991,OTHERS,255.90348754350643,1163.6849052511047,MIA
315969715.058996,00000000-0000-0000-0000-000000015006,OTHERS,245.44167336244857,1120.0310967854668,MIA
315969715.058996,00000000-0000-0000-0000-000000015037,OTHERS,333.6364596845678,1170.1726766136971,MIA
315969715.058996,00000000-0000-0000-0000-000000014988,OTHERS,247.69528073414642,1220.0971213689854,MIA
315969715.058996,00000000-0000-0000-0000-000000015013,OTHERS,257.60064843378933,1123.035701575711,MIA
315969715.058996,00000000-0000-0000-0000-000000014994,OTHERS,273.4520537045426,1179.229516669604,MIA
315969715.058996,00000000-0000-0000-0000-000000014938,OTHERS,247.7326042018621,1139.9706725821065,MIA
315969715.058996,00000000-0000-0000-0000-000000015010,OTHERS,254.99661477617423,1184.7748668473835,MIA
315969715.20129114,00000000-0000-0000-0000-000000000000,AV,249.44698401109198,1181.3291330060629,MIA
315969715.20129114,00000000-0000-0000-0000-000000012716,AGENT,246.45593911006162,1181.6016078771465,MIA
315969715.20129114,00000000-0000-0000-0000-000000014950,OTHERS,250.53523131871682,1207.960913286307,MIA
315969715.20129114,00000000-0000-0000-0000-000000014965,OTHERS,242.4928881023637,1208.018558653845,MIA
315969715.20129114,00000000-0000-0000-0000-000000014988,OTHERS,247.71276214720717,1218.8070220320965,MIA
315969715.20129114,00000000-0000-0000-0000-000000015013,OTHERS,257.7418485861906,1122.9728305580247,MIA
315969715.20129114,00000000-0000-0000-0000-000000014994,OTHERS,273.37381670397014,1179.2159293311079,MIA
315969715.20129114,00000000-0000-0000-0000-000000014938,OTHERS,247.70791582796247,1138.4353586466045,MIA
315969715.20129114,00000000-0000-0000-0000-000000015010,OTHERS,255.1493836362504,1184.8860531468224,MIA
315969715.20129114,00000000-0000-0000-0000-000000015006,OTHERS,245.3980343080368,1119.839943101618,MIA
315969715.20129114,00000000-0000-0000-0000-000000014991,OTHERS,255.97203393438758,1163.6590045325147,MIA
315969715.20129114,00000000-0000-0000-0000-000000014967,OTHERS,254.5176102583173,1192.1935955410906,MIA
315969715.39055014,00000000-0000-0000-0000-000000000000,AV,249.52706426399303,1179.1821555048302,MIA
315969715.39055014,00000000-0000-0000-0000-000000012716,AGENT,246.50271042506776,1178.9882469374365,MIA
315969715.39055014,00000000-0000-0000-0000-000000014938,OTHERS,247.88459281036063,1135.5926358425086,MIA
315969715.39055014,00000000-0000-0000-0000-000000014965,OTHERS,242.4422999868039,1208.0513090357565,MIA
315969715.39055014,00000000-0000-0000-0000-000000014950,OTHERS,250.58767223066624,1205.373848485992,MIA
315969715.39055014,00000000-0000-0000-0000-000000015013,OTHERS,257.8635101702488,1123.0362699631123,MIA
315969715.39055014,00000000-0000-0000-0000-000000014994,OTHERS,272.76225611741484,1179.1213724557322,MIA
315969715.39055014,00000000-0000-0000-0000-000000015010,OTHERS,255.25571132364223,1184.3076933884422,MIA
315969715.39055014,00000000-0000-0000-0000-000000015006,OTHERS,245.6075029251384,1119.9540831006482,MIA
315969715.39055014,00000000-0000-0000-0000-000000014988,OTHERS,247.7032702349952,1216.3517364759061,MIA
315969715.39055014,00000000-0000-0000-0000-000000014991,OTHERS,255.91017136797126,1163.6848231679323,MIA
315969715.39055014,00000000-0000-0000-0000-000000014967,OTHERS,254.59831381632912,1192.0917303241586,MIA
315969715.57133585,00000000-0000-0000-0000-000000000000,AV,249.59753970545654,1177.2582964185813,MIA
315969715.57133585,00000000-0000-0000-0000-000000012716,AGENT,246.61880894776056,1176.3440028820685,MIA
315969715.57133585,00000000-0000-0000-0000-000000014938,OTHERS,248.05433032282158,1132.3911528533445,MIA
315969715.57133585,00000000-0000-0000-0000-000000014965,OTHERS,242.4414260136713,1207.735118040182,MIA
315969715.57133585,00000000-0000-0000-0000-000000014950,OTHERS,250.6461997657888,1202.349206428261,MIA
315969715.57133585,00000000-0000-0000-0000-000000015013,OTHERS,257.64383410775423,1123.0466242269015,MIA
315969715.57133585,00000000-0000-0000-0000-000000014994,OTHERS,272.46254696874337,1179.1311841567965,MIA
315969715.57133585,00000000-0000-0000-0000-000000015010,OTHERS,255.31854592514992,1184.1712131845775,MIA
315969715.57133585,00000000-0000-0000-0000-000000014967,OTHERS,254.60767105767783,1192.0751917730033,MIA
315969715.57133585,00000000-0000-0000-0000-000000014991,OTHERS,255.9256342230757,1163.6605332245676,MIA
315969715.57133585,00000000-0000-0000-0000-000000015006,OTHERS,245.41374005227334,1119.9869001471961,MIA
315969715.57133585,00000000-0000-0000-0000-000000014988,OTHERS,247.8189139556211,1213.7423237804387,MIA
315969715.74719906,00000000-0000-0000-0000-000000000000,AV,249.6676277479588,1175.3260225277993,MIA
315969715.74719906,00000000-0000-0000-0000-000000012716,AGENT,246.6662614201241,1174.9864488701107,MIA
315969715.74719906,00000000-0000-0000-0000-000000014938,OTHERS,247.9840457220976,1131.0715688954365,MIA
315969715.74719906,00000000-0000-0000-0000-000000014950,OTHERS,250.71559908340345,1200.982341183246,MIA
315969715.74719906,00000000-0000-0000-0000-000000014965,OTHERS,242.45569957354846,1207.7320246698716,MIA
315969715.74719906,00000000-0000-0000-0000-000000015010,OTHERS,255.363359933594,1184.0944369281574,MIA
315969715.74719906,00000000-0000-0000-0000-000000014967,OTHERS,254.5954832035788,1192.0713099681116,MIA
315969715.74719906,00000000-0000-0000-0000-000000014991,OTHERS,255.9368742751733,1163.669178922576,MIA
315969715.74719906,00000000-0000-0000-0000-000000015013,OTHERS,257.6768333029226,1123.077519836961,MIA
315969715.74719906,00000000-0000-0000-0000-000000014994,OTHERS,272.1834525553491,1179.1201995660408,MIA
315969715.74719906,00000000-0000-0000-0000-000000015006,OTHERS,245.50697674828453,1119.8536601898486,MIA
315969715.74719906,00000000-0000-0000-0000-000000014988,OTHERS,247.8392250873016,1212.6657399961996,MIA
315969715.943422,00000000-0000-0000-0000-000000000000,AV,249.74878443784232,1173.1784314348388,MIA
315969715.943422,00000000-0000-0000-0000-000000012716,AGENT,246.77342778581115,1172.3230977738467,MIA
315969715.943422,00000000-0000-0000-0000-000000015053,OTHERS,329.2707105369492,1177.0041722633302,MIA
315969715.943422,00000000-0000-0000-0000-000000014938,OTHERS,248.16339788347062,1128.1678853360115,MIA
315969715.943422,00000000-0000-0000-0000-000000014950,OTHERS,250.84613995267608,1198.4872287654714,MIA
315969715.943422,00000000-0000-0000-0000-000000014965,OTHERS,242.485691915608,1207.5519695209327,MIA
315969715.943422,00000000-0000-0000-0000-000000015054,OTHERS,266.410885063189,1135.2357246157267,MIA
315969715.943422,00000000-0000-0000-0000-000000015010,OTHERS,255.29291415626628,1184.111007009482,MIA
315969715.943422,00000000-0000-0000-0000-000000015052,OTHERS,279.66907211707354,1181.7532233577513,MIA
315969715.943422,00000000-0000-0000-0000-000000014967,OTHERS,254.58379335793046,1192.079752811365,MIA
315969715.943422,00000000-0000-0000-0000-000000014991,OTHERS,255.91400981470403,1163.6353159634455,MIA
315969715.943422,00000000-0000-0000-0000-000000015013,OTHERS,257.45269678583173,1122.857294313537,MIA
315969715.943422,00000000-0000-0000-0000-000000014994,OTHERS,271.6486434083937,1179.0949668627475,MIA
315969715.943422,00000000-0000-0000-0000-000000015006,OTHERS,245.45677856078962,1119.59846491985,MIA
315969715.943422,00000000-0000-0000-0000-000000014988,OTHERS,247.88428322444904,1210.4341387103825,MIA
315969716.13127977,00000000-0000-0000-0000-000000000000,AV,249.82806789648308,1171.0299914739933,MIA
315969716.13127977,00000000-0000-0000-0000-000000012716,AGENT,246.89249231549613,1169.6547538903897,MIA
315969716.13127977,00000000-0000-0000-0000-000000015053,OTHERS,329.30755255953505,1176.55065846268,MIA
315969716.13127977,00000000-0000-0000-0000-000000014938,OTHERS,248.36021280650024,1125.2524656110643,MIA
315969716.13127977,00000000-0000-0000-0000-000000014950,OTHERS,250.99459397023983,1196.2877994957632,MIA
315969716.13127977,00000000-0000-0000-0000-000000014965,OTHERS,242.3865552233681,1207.863802012075,MIA
315969716.13127977,00000000-0000-0000-0000-000000014994,OTHERS,271.2892624835804,1179.048212653503,MIA
315969716.13127977,00000000-0000-0000-0000-000000015052,OTHERS,279.66907211707354,1181.7532233577513,MIA
315969716.13127977,00000000-0000-0000-0000-000000015054,OTHERS,266.4614552565409,1135.3077720925908,MIA
315969716.13127977,00000000-0000-0000-0000-000000015010,OTHERS,255.3387742270221,1184.0572990614533,MIA
315969716.13127977,00000000-0000-0000-0000-000000015051,OTHERS,278.2449779033876,1174.5874052758766,MIA
315969716.13127977,00000000-0000-0000-0000-000000014988,OTHERS,247.99919879300305,1207.9533487979559,MIA
315969716.13127977,00000000-0000-0000-0000-000000014967,OTHERS,254.5484769391205,1192.1030639714272,MIA
315969716.13127977,00000000-0000-0000-0000-000000014991,OTHERS,255.98439566868728,1163.506482962772,MIA
315969716.13127977,00000000-0000-0000-0000-000000015013,OTHERS,257.6731995530421,1122.9450946965783,MIA
315969716.13127977,00000000-0000-0000-0000-000000015006,OTHERS,245.64283531909493,1119.8041660232727,MIA
315969716.31654763,00000000-0000-0000-0000-000000000000,AV,249.90528848334625,1168.984632172627,MIA
315969716.31654763,00000000-0000-0000-0000-000000012716,AGENT,246.9471449002631,1166.780861960298,MIA
315969716.31654763,00000000-0000-0000-0000-000000015053,OTHERS,329.309265558194,1175.547716936268,MIA
315969716.31654763,00000000-0000-0000-0000-000000014938,OTHERS,248.53028101156917,1122.0958609699367,MIA
315969716.31654763,00000000-0000-0000-0000-000000014950,OTHERS,251.127359496004,1193.3968054430682,MIA
315969716.31654763,00000000-0000-0000-0000-000000014965,OTHERS,242.63286214623844,1207.1063076945698,MIA
315969716.31654763,00000000-0000-0000-0000-000000014994,OTHERS,270.4561985262972,1179.0052552464015,MIA
315969716.31654763,00000000-0000-0000-0000-000000015006,OTHERS,245.61790342673225,1119.7946705683707,MIA
315969716.31654763,00000000-0000-0000-0000-000000014988,OTHERS,248.10449510129916,1205.4825298664725,MIA
315969716.31654763,00000000-0000-0000-0000-000000015054,OTHERS,267.76526525865194,1135.3802115652084,MIA
315969716.31654763,00000000-0000-0000-0000-000000015010,OTHERS,255.3374618529259,1184.0741092705439,MIA
315969716.31654763,00000000-0000-0000-0000-000000014967,OTHERS,254.52132382545105,1192.1338990818895,MIA
315969716.31654763,00000000-0000-0000-0000-000000014991,OTHERS,255.98563879045727,1163.454863940167,MIA
315969716.31654763,00000000-0000-0000-0000-000000015013,OTHERS,257.679071058263,1122.9825291423883,MIA
315969716.5288325,00000000-0000-0000-0000-000000000000,AV,249.99074607228852,1166.7313441695815,MIA
315969716.5288325,00000000-0000-0000-0000-000000012716,AGENT,247.1100741387498,1164.2767486274702,MIA
315969716.5288325,00000000-0000-0000-0000-000000014938,OTHERS,248.5873247695401,1119.4061632360215,MIA
315969716.5288325,00000000-0000-0000-0000-000000014965,OTHERS,242.3701606860941,1207.581711266785,MIA
315969716.5288325,00000000-0000-0000-0000-000000014994,OTHERS,269.83913939707537,1178.9865362668345,MIA
315969716.5288325,00000000-0000-0000-0000-000000015006,OTHERS,245.62416155701862,1119.818439786305,MIA
315969716.5288325,00000000-0000-0000-0000-000000014967,OTHERS,254.54237746081586,1192.151673247061,MIA
315969716.5288325,00000000-0000-0000-0000-000000014991,OTHERS,256.09964837807524,1163.2243177396851,MIA
315969716.5288325,00000000-0000-0000-0000-000000015010,OTHERS,255.38808105763184,1184.04994150397,MIA
315969716.5288325,00000000-0000-0000-0000-000000015013,OTHERS,257.6906213829781,1123.0613869668018,MIA
315969716.5288325,00000000-0000-0000-0000-000000014988,OTHERS,248.1561556130333,1203.0620982544424,MIA
315969716.5288325,00000000-0000-0000-0000-000000015048,OTHERS,241.9775434516004,1126.6034754005125,MIA
315969716.5288325,00000000-0000-0000-0000-000000015057,OTHERS,299.4725441934925,1182.2396364819278,MIA
315969716.5288325,00000000-0000-0000-0000-000000014950,OTHERS,251.25293054239742,1190.5906612546084,MIA
315969716.5288325,00000000-0000-0000-0000-000000015063,OTHERS,269.65419950729853,1135.4813316926077,MIA
315969716.5288325,00000000-0000-0000-0000-000000015058,OTHERS,297.75328282648985,1182.276408788412,MIA
315969716.5288325,00000000-0000-0000-0000-000000015062,OTHERS,273.2452400513988,1131.8156546003686,MIA
315969716.5288325,00000000-0000-0000-0000-000000015054,OTHERS,266.45923159839845,1135.1534696867775,MIA
315969716.71935064,00000000-0000-0000-0000-000000000000,AV,250.07495480771354,1164.5794228114455,MIA
315969716.71935064,00000000-0000-0000-0000-000000012716,AGENT,247.23231635468673,1161.5898947959995,MIA
315969716.71935064,00000000-0000-0000-0000-000000014938,OTHERS,248.6884119520452,1116.3698631340003,MIA
315969716.71935064,00000000-0000-0000-0000-000000014965,OTHERS,242.54722220390656,1206.9920972018792,MIA
315969716.71935064,00000000-0000-0000-0000-000000014994,OTHERS,269.3649894659872,1178.999149690426,MIA
315969716.71935064,00000000-0000-0000-0000-000000015006,OTHERS,245.547847683938,1119.6312832736203,MIA
315969716.71935064,00000000-0000-0000-0000-000000014967,OTHERS,254.50956928264526,1192.1907405387115,MIA
315969716.71935064,00000000-0000-0000-0000-000000014991,OTHERS,256.17233229593273,1163.1453999412324,MIA
315969716.71935064,00000000-0000-0000-0000-000000015010,OTHERS,255.34380241080945,1183.9460233697705,MIA
315969716.71935064,00000000-0000-0000-0000-000000015013,OTHERS,257.6728033793955,1122.8938560969914,MIA
315969716.71935064,00000000-0000-0000-0000-000000014988,OTHERS,248.29883200783942,1200.6355347730828,MIA
315969716.71935064,00000000-0000-0000-0000-000000015048,OTHERS,241.97389073448554,1126.60321211502,MIA
315969716.71935064,00000000-0000-0000-0000-000000014950,OTHERS,251.38315435509944,1188.1392638638044,MIA
315969716.71935064,00000000-0000-0000-0000-000000015063,OTHERS,269.1120050083301,1134.2544744254021,MIA
315969716.71935064,00000000-0000-0000-0000-000000015054,OTHERS,266.36576223168487,1135.0453998828448,MIA
315969716.71935064,00000000-0000-0000-0000-000000015062,OTHERS,273.31601115063324,1131.7501756540069,MIA
315969716.93245065,00000000-0000-0000-0000-000000000000,AV,250.1731565229409,1162.214685100926,MIA
315969716.93245065,00000000-0000-0000-0000-000000012716,AGENT,247.3535948153276,1158.9713191510668,MIA
315969716.93245065,00000000-0000-0000-0000-000000014938,OTHERS,248.82623858142932,1113.6582480776158,MIA
315969716.93245065,00000000-0000-0000-0000-000000014965,OTHERS,242.58416165179798,1206.8079894071725,MIA
315969716.93245065,00000000-0000-0000-0000-000000014994,OTHERS,268.74063274657607,1178.9717267186231,MIA
315969716.93245065,00000000-0000-0000-0000-000000015069,OTHERS,257.16068001000446,1116.5006474208208,MIA
315969716.93245065,00000000-0000-0000-0000-000000015006,OTHERS,245.74251346555042,1119.7227051639245,MIA
315969716.93245065,00000000-0000-0000-0000-000000014967,OTHERS,254.593816573442,1192.1896227290754,MIA
315969716.93245065,00000000-0000-0000-0000-000000014991,OTHERS,256.1476686768018,1163.0523352341056,MIA
315969716.93245065,00000000-0000-0000-0000-000000015010,OTHERS,255.36635778116096,1183.996165478964,MIA
315969716.93245065,00000000-0000-0000-0000-000000015013,OTHERS,257.71253835820187,1122.8385637735896,MIA
315969716.93245065,00000000-0000-0000-0000-000000015054,OTHERS,266.5439645502382,1135.3719968519176,MIA
315969716.93245065,00000000-0000-0000-0000-000000015062,OTHERS,273.5542046376181,1131.8341718572565,MIA
315969716.93245065,00000000-0000-0000-0000-000000014950,OTHERS,251.5528988350656,1185.4779676178305,MIA
315969716.93245065,00000000-0000-0000-0000-000000015063,OTHERS,267.8293050598669,1135.264171396232,MIA
315969716.93245065,00000000-0000-0000-0000-000000014988,OTHERS,248.48877148600303,1198.439951346778,MIA
315969716.93245065,00000000-0000-0000-0000-000000015048,OTHERS,241.9737828088924,1126.5968337236,MIA
315969717.1258323,00000000-0000-0000-0000-000000000000,AV,250.26822508544296,1160.0667164843007,MIA
315969717.1258323,00000000-0000-0000-0000-000000012716,AGENT,247.47846992475743,1156.2306280462115,MIA
315969717.1258323,00000000-0000-0000-0000-000000014938,OTHERS,248.89031666140946,1110.7123810574108,MIA
315969717.1258323,00000000-0000-0000-0000-000000014965,OTHERS,242.54872234091133,1206.899339078085,MIA
315969717.1258323,00000000-0000-0000-0000-000000014994,OTHERS,268.2019661336486,1178.9703049137074,MIA
315969717.1258323,00000000-0000-0000-0000-000000015069,OTHERS,257.09085536542943,1116.2654159804604,MIA
315969717.1258323,00000000-0000-0000-0000-000000015006,OTHERS,245.59424901973432,1119.7067133187106,MIA
315969717.1258323,00000000-0000-0000-0000-000000014967,OTHERS,254.56043824687384,1192.2009181538008,MIA
315969717.1258323,00000000-0000-0000-0000-000000014991,OTHERS,256.12828115858474,1163.0735648710993,MIA
315969717.1258323,00000000-0000-0000-0000-000000015010,OTHERS,255.34197225370312,1184.0112183573074,MIA
315969717.1258323,00000000-0000-0000-0000-000000015067,OTHERS,276.35172388580435,1132.0104602956733,MIA
315969717.1258323,00000000-0000-0000-0000-000000015072,OTHERS,269.3115826041584,1134.243641841927,MIA
315969717.1258323,00000000-0000-0000-0000-000000015062,OTHERS,273.52342919415,1131.7189633119572,MIA
315969717.1258323,00000000-0000-0000-0000-000000015054,OTHERS,266.33780460546325,1135.0301851713834,MIA
315969717.1258323,00000000-0000-0000-0000-000000015013,OTHERS,257.58536816456507,1122.9736054633138,MIA
315969717.1258323,00000000-0000-0000-0000-000000014950,OTHERS,251.65162671997712,1182.9615033835216,MIA
315969717.1258323,00000000-0000-0000-0000-000000015063,OTHERS,268.9445554797633,1135.2038676834698,MIA
315969717.1258323,00000000-0000-0000-0000-000000015061,OTHERS,246.72345337063203,1095.6641596304933,MIA
315969717.1258323,00000000-0000-0000-0000-000000014988,OTHERS,248.58638696198403,1196.2502327753473,MIA
315969717.1258323,00000000-0000-0000-0000-000000015048,OTHERS,241.9737828088924,1126.5968337236,MIA
315969717.31822747,00000000-0000-0000-0000-000000000000,AV,250.3592453160297,1158.0267271126227,MIA
315969717.31822747,00000000-0000-0000-0000-000000012716,AGENT,247.5804212037256,1153.5881102764156,MIA
315969717.31822747,00000000-0000-0000-0000-000000014938,OTHERS,249.1236710396283,1107.8972234325504,MIA
315969717.31822747,00000000-0000-0000-0000-000000014965,OTHERS,242.38526568635467,1206.9820704135002,MIA
315969717.31822747,00000000-0000-0000-0000-000000014994,OTHERS,267.7103939135182,1178.9532638607625,MIA
315969717.31822747,00000000-0000-0000-0000-000000015069,OTHERS,257.1473609163417,1116.4944869935573,MIA
315969717.31822747,00000000-0000-0000-0000-000000014988,OTHERS,248.70132210133616,1193.8994909415574,MIA
315969717.31822747,00000000-0000-0000-0000-000000015065,OTHERS,279.1631607268147,1181.7484439154755,MIA
315969717.31822747,00000000-0000-0000-0000-000000015006,OTHERS,245.61506826923372,1119.6642873567744,MIA
315969717.31822747,00000000-0000-0000-0000-000000014967,OTHERS,254.64150373046985,1192.2495947644475,MIA
315969717.31822747,00000000-0000-0000-0000-000000014991,OTHERS,256.1674384192109,1162.892873671066,MIA
315969717.31822747,00000000-0000-0000-0000-000000015009,OTHERS,264.11054155893805,1181.2827124796745,MIA
315969717.31822747,00000000-0000-0000-0000-000000015072,OTHERS,269.3115826047677,1134.2436418310565,MIA
315969717.31822747,00000000-0000-0000-0000-000000015054,OTHERS,266.9477171075193,1135.0224668495493,MIA
315969717.31822747,00000000-0000-0000-0000-000000015062,OTHERS,273.88138976651373,1131.6092782468304,MIA
315969717.31822747,00000000-0000-0000-0000-000000015068,OTHERS,246.65993532063663,1115.0841165074853,MIA
315969717.31822747,00000000-0000-0000-0000-000000015010,OTHERS,255.3676266871928,1183.897175544369,MIA
315969717.31822747,00000000-0000-0000-0000-000000015013,OTHERS,257.5331474375268,1122.9875921658656,MIA
315969717.31822747,00000000-0000-0000-0000-000000015070,OTHERS,257.43332362806444,1109.746320725705,MIA
315969717.31822747,00000000-0000-0000-0000-000000014950,OTHERS,251.813125161908,1180.4955626253634,MIA
315969717.31822747,00000000-0000-0000-0000-000000015063,OTHERS,269.392688079382,1135.146696162686,MIA
315969717.31822747,00000000-0000-0000-0000-000000015061,OTHERS,246.61211105291832,1095.5367925979392,MIA
315969717.31822747,00000000-0000-0000-0000-000000015067,OTHERS,275.9264614903414,1132.0431217119415,MIA
315969717.5194689,00000000-0000-0000-0000-000000000000,AV,250.46064019212739,1155.7724299314573,MIA
315969717.5194689,00000000-0000-0000-0000-000000014938,OTHERS,249.2178967637726,1105.2230660531784,MIA
315969717.5194689,00000000-0000-0000-0000-000000014950,OTHERS,251.9880065927401,1177.619858368772,MIA
315969717.5194689,00000000-0000-0000-0000-000000014965,OTHERS,242.45770350593705,1207.4411119368351,MIA
315969717.5194689,00000000-0000-0000-0000-000000014994,OTHERS,267.05009313824644,1178.9631246304289,MIA
315969717.5194689,00000000-0000-0000-0000-000000015069,OTHERS,257.35179891310884,1115.5873822250803,MIA
315969717.5194689,00000000-0000-0000-0000-000000014988,OTHERS,248.7647232234531,1191.6695159693372,MIA
315969717.5194689,00000000-0000-0000-0000-000000015065,OTHERS,279.16316072759537,1181.7484438936913,MIA
315969717.5194689,00000000-0000-0000-0000-000000015006,OTHERS,245.59014387063598,1119.644963058586,MIA
315969717.5194689,00000000-0000-0000-0000-000000015068,OTHERS,246.6671346759273,1115.0465290678758,MIA
315969717.5194689,00000000-0000-0000-0000-000000012716,AGENT,247.73917353649327,1150.8830428657664,MIA
315969717.5194689,00000000-0000-0000-0000-000000015062,OTHERS,273.7775668362496,1131.6165089919475,MIA
315969717.5194689,00000000-0000-0000-0000-000000014967,OTHERS,254.64826724035407,1192.206518641465,MIA
315969717.5194689,00000000-0000-0000-0000-000000014991,OTHERS,256.1858886647419,1162.8095403226362,MIA
315969717.5194689,00000000-0000-0000-0000-000000015009,OTHERS,264.26020684430176,1181.252107479357,MIA
315969717.5194689,00000000-0000-0000-0000-000000015070,OTHERS,257.36283139877924,1109.335581028038,MIA
315969717.5194689,00000000-0000-0000-0000-000000015061,OTHERS,246.50541436938357,1095.627394667085,MIA
315969717.5194689,00000000-0000-0000-0000-000000015054,OTHERS,267.9587467323269,1134.9707750415655,MIA
315969717.5194689,00000000-0000-0000-0000-000000015010,OTHERS,255.3615098316541,1183.8762863289196,MIA
315969717.5194689,00000000-0000-0000-0000-000000015067,OTHERS,276.11158089895497,1132.0393050667358,MIA
315969717.5194689,00000000-0000-0000-0000-000000015013,OTHERS,257.50829956796053,1122.5745185205424,MIA
315969717.69918054,00000000-0000-0000-0000-000000000000,AV,250.5498668710088,1153.8419958552815,MIA
315969717.69918054,00000000-0000-0000-0000-000000014938,OTHERS,249.2367548396067,1102.4248718123295,MIA
315969717.69918054,00000000-0000-0000-0000-000000014950,OTHERS,252.07794283003648,1174.9004476595492,MIA
315969717.69918054,00000000-0000-0000-0000-000000014965,OTHERS,242.3225389742759,1206.6727089113842,MIA
315969717.69918054,00000000-0000-0000-0000-000000014994,OTHERS,267.3466599363046,1178.8733995426894,MIA
315969717.69918054,00000000-0000-0000-0000-000000015069,OTHERS,257.3338088910121,1115.489839859198,MIA
315969717.69918054,00000000-0000-0000-0000-000000014988,OTHERS,248.93959168924,1189.2288883829356,MIA
315969717.69918054,00000000-0000-0000-0000-000000015006,OTHERS,245.68337540180684,1119.2077326452327,MIA
315969717.69918054,00000000-0000-0000-0000-000000014967,OTHERS,254.8417595869044,1192.0833152588914,MIA
315969717.69918054,00000000-0000-0000-0000-000000014991,OTHERS,256.19485123428973,1162.6349333348335,MIA
315969717.69918054,00000000-0000-0000-0000-000000015009,OTHERS,264.3940908832057,1181.2670642151359,MIA
315969717.69918054,00000000-0000-0000-0000-000000012716,AGENT,247.8457557163493,1148.284347984343,MIA
315969717.69918054,00000000-0000-0000-0000-000000015068,OTHERS,246.7151033866566,1114.9461684627825,MIA
315969717.69918054,00000000-0000-0000-0000-000000015070,OTHERS,257.4113332116893,1109.8055068379517,MIA
315969717.69918054,00000000-0000-0000-0000-000000015062,OTHERS,274.2029019411349,1131.4787527358815,MIA
315969717.69918054,00000000-0000-0000-0000-000000015061,OTHERS,246.51849495111927,1095.5477128729383,MIA
315969717.69918054,00000000-0000-0000-0000-000000015054,OTHERS,267.72948715444585,1134.9671062218629,MIA
315969717.69918054,00000000-0000-0000-0000-000000015010,OTHERS,255.44403410912827,1183.7187765886615,MIA
315969717.69918054,00000000-0000-0000-0000-000000015067,OTHERS,275.4370353266096,1132.0271999590846,MIA
315969717.69918054,00000000-0000-0000-0000-000000015076,OTHERS,285.5690559145342,1132.1344206490876,MIA
315969717.69918054,00000000-0000-0000-0000-000000015013,OTHERS,257.5086220851326,1122.620062904574,MIA
315969717.8839396,00000000-0000-0000-0000-000000000000,AV,250.6434163017421,1151.807545606318,MIA
315969717.8839396,00000000-0000-0000-0000-000000012716,AGENT,247.98450154622304,1145.6676494400685,MIA
315969717.8839396,00000000-0000-0000-0000-000000014938,OTHERS,249.3966973142521,1099.6906421519066,MIA
315969717.8839396,00000000-0000-0000-0000-000000014950,OTHERS,252.2950614938836,1172.2133021196696,MIA
315969717.8839396,00000000-0000-0000-0000-000000014965,OTHERS,242.3172708895731,1206.7774829233826,MIA
315969717.8839396,00000000-0000-0000-0000-000000014994,OTHERS,268.2552174714991,1178.5134178418018,MIA
315969717.8839396,00000000-0000-0000-0000-000000015069,OTHERS,257.17222085201104,1116.3262513584298,MIA
315969717.8839396,00000000-0000-0000-0000-000000014988,OTHERS,249.0087974582327,1186.7526682060961,MIA
315969717.8839396,00000000-0000-0000-0000-000000015006,OTHERS,245.61396689750302,1119.7460420035236,MIA
315969717.8839396,00000000-0000-0000-0000-000000014967,OTHERS,254.84175958758357,1192.0833152369773,MIA
315969717.8839396,00000000-0000-0000-0000-000000014991,OTHERS,256.21194782426306,1162.617440598918,MIA
315969717.8839396,00000000-0000-0000-0000-000000015009,OTHERS,263.93359827216244,1181.2846645445304,MIA
315969717.8839396,00000000-0000-0000-0000-000000015068,OTHERS,246.6728401472984,1115.090622438015,MIA
315969717.8839396,00000000-0000-0000-0000-000000015070,OTHERS,257.4187077883632,1109.8337369134101,MIA
315969717.8839396,00000000-0000-0000-0000-000000015062,OTHERS,274.7868678019349,1130.702907053645,MIA
315969717.8839396,00000000-0000-0000-0000-000000015010,OTHERS,255.40704796623098,1183.6497087768907,MIA
315969717.8839396,00000000-0000-0000-0000-000000015061,OTHERS,246.41425803030984,1095.530218844286,MIA
315969717.8839396,00000000-0000-0000-0000-000000015054,OTHERS,267.7739423938876,1134.8948744832276,MIA
315969717.8839396,00000000-0000-0000-0000-000000015067,OTHERS,276.0176841125888,1132.022369002432,MIA
315969717.8839396,00000000-0000-0000-0000-000000015076,OTHERS,285.2574856971927,1132.1213922935092,MIA
315969717.8839396,00000000-0000-0000-0000-000000015013,OTHERS,257.5856183761344,1122.7461721679676,MIA
315969718.08190143,00000000-0000-0000-0000-000000000000,AV,250.74698067000787,1149.5546225550834,MIA
315969718.08190143,00000000-0000-0000-0000-000000014938,OTHERS,249.47970541008053,1097.1522419222279,MIA
315969718.08190143,00000000-0000-0000-0000-000000014950,OTHERS,252.43829579438702,1169.5459066532978,MIA
315969718.08190143,00000000-0000-0000-0000-000000014965,OTHERS,242.4706090886125,1206.6723766768089,MIA
315969718.08190143,00000000-0000-0000-0000-000000014994,OTHERS,266.72358174134916,1178.55386837717,MIA
315969718.08190143,00000000-0000-0000-0000-000000015069,OTHERS,257.4115621985088,1115.7547119931262,MIA
315969718.08190143,00000000-0000-0000-0000-000000014988,OTHERS,249.2626646167762,1184.6354276897587,MIA
315969718.08190143,00000000-0000-0000-0000-000000015006,OTHERS,245.77092905033737,1119.18803051162,MIA
315969718.08190143,00000000-0000-0000-0000-000000015068,OTHERS,246.53482748261715,1114.8479649567744,MIA
315969718.08190143,00000000-0000-0000-0000-000000015081,OTHERS,258.1827569285525,1104.8998061842292,MIA
315969718.08190143,00000000-0000-0000-0000-000000014967,OTHERS,254.60581903480102,1191.8362767388744,MIA
315969718.08190143,00000000-0000-0000-0000-000000014991,OTHERS,256.19434332312045,1162.5828607733138,MIA
315969718.08190143,00000000-0000-0000-0000-000000015009,OTHERS,263.9335982728743,1181.2846645226614,MIA
315969718.08190143,00000000-0000-0000-0000-000000012716,AGENT,248.1347566457498,1143.0179751809562,MIA
315969718.08190143,00000000-0000-0000-0000-000000015070,OTHERS,257.4586986384888,1109.1654660247184,MIA
315969718.08190143,00000000-0000-0000-0000-000000015078,OTHERS,254.5667959507797,1194.2784957221245,MIA
315969718.08190143,00000000-0000-0000-0000-000000015061,OTHERS,246.60868743734764,1095.5448990829998,MIA
315969718.08190143,00000000-0000-0000-0000-000000015054,OTHERS,267.5420586859741,1134.8637229802769,MIA
315969718.08190143,00000000-0000-0000-0000-000000015010,OTHERS,255.49887547610592,1183.7332972132226,MIA
315969718.08190143,00000000-0000-0000-0000-000000015067,OTHERS,276.457907826443,1132.0423312470136,MIA
315969718.08190143,00000000-0000-0000-0000-000000015076,OTHERS,285.5155611032597,1132.0859183245373,MIA
315969718.08190143,00000000-0000-0000-0000-000000015082,OTHERS,246.531712101074,1116.786608516614,MIA
315969718.08190143,00000000-0000-0000-0000-000000015013,OTHERS,257.5135548944828,1122.3014812276274,MIA
315969718.25484604,00000000-0000-0000-0000-000000000000,AV,250.82928862477368,1147.7308712087026,MIA
315969718.25484604,00000000-0000-0000-0000-000000014950,OTHERS,252.49087912337046,1168.004791524661,MIA
315969718.25484604,00000000-0000-0000-0000-000000014965,OTHERS,242.4315900808868,1206.6757065334766,MIA
315969718.25484604,00000000-0000-0000-0000-000000014994,OTHERS,266.38286732524443,1178.5616058873086,MIA
315969718.25484604,00000000-0000-0000-0000-000000015069,OTHERS,257.3527190043718,1115.5757752758298,MIA
315969718.25484604,00000000-0000-0000-0000-000000014988,OTHERS,249.23228800372002,1183.4882059461306,MIA
315969718.25484604,00000000-0000-0000-0000-000000014967,OTHERS,254.71741405800591,1191.9939345702435,MIA
315969718.25484604,00000000-0000-0000-0000-000000014991,OTHERS,256.20447434178595,1162.577648696276,MIA
315969718.25484604,00000000-0000-0000-0000-000000015006,OTHERS,245.7102981509898,1119.457606934154,MIA
315969718.25484604,00000000-0000-0000-0000-000000015081,OTHERS,258.1096905167269,1105.12346712118,MIA
315969718.25484604,00000000-0000-0000-0000-000000014938,OTHERS,249.48656350741769,1095.8290664473577,MIA
315969718.25484604,00000000-0000-0000-0000-000000015061,OTHERS,246.69410155067013,1095.5218914123227,MIA
315969718.25484604,00000000-0000-0000-0000-000000012716,AGENT,248.17444117016808,1141.6577135591515,MIA
315969718.25484604,00000000-0000-0000-0000-000000015068,OTHERS,246.6981870862764,1114.865167201593,MIA
315969718.25484604,00000000-0000-0000-0000-000000015070,OTHERS,257.5356971891352,1109.29857322974,MIA
315969718.25484604,00000000-0000-0000-0000-000000015078,OTHERS,254.66681729591755,1194.332437672341,MIA
315969718.25484604,00000000-0000-0000-0000-000000015054,OTHERS,267.61547686676573,1134.9401701212614,MIA
315969718.25484604,00000000-0000-0000-0000-000000015010,OTHERS,255.62111131176383,1183.6862649779407,MIA
315969718.25484604,00000000-0000-0000-0000-000000015067,OTHERS,274.8492037715251,1131.1902309838542,MIA
315969718.25484604,00000000-0000-0000-0000-000000015082,OTHERS,246.49266267867299,1117.1210169104424,MIA
315969718.25484604,00000000-0000-0000-0000-000000015076,OTHERS,285.5212445946794,1132.1150254454922,MIA
315969718.25484604,00000000-0000-0000-0000-000000015013,OTHERS,257.5185827794149,1122.6141272964446,MIA
315969718.4320149,00000000-0000-0000-0000-000000000000,AV,250.91635910308602,1145.8011304579413,MIA
315969718.4320149,00000000-0000-0000-0000-000000014950,OTHERS,252.6302750395584,1165.2648374258795,MIA
315969718.4320149,00000000-0000-0000-0000-000000014965,OTHERS,242.27593312693543,1206.6002999861032,MIA
315969718.4320149,00000000-0000-0000-0000-000000014994,OTHERS,265.52371880854093,1178.4567619557104,MIA
315969718.4320149,00000000-0000-0000-0000-000000015069,OTHERS,257.43414352157413,1115.3310467785957,MIA
315969718.4320149,00000000-0000-0000-0000-000000014988,OTHERS,249.429122447441,1181.2253425977929,MIA
315969718.4320149,00000000-0000-0000-0000-000000014967,OTHERS,253.83992070405742,1193.5016128991733,MIA
315969718.4320149,00000000-0000-0000-0000-000000014991,OTHERS,256.1994699778861,1162.5157795811126,MIA
315969718.4320149,00000000-0000-0000-0000-000000015068,OTHERS,246.61950036939857,1114.6303792753458,MIA
315969718.4320149,00000000-0000-0000-0000-000000015006,OTHERS,245.768152790782,1119.4308999963087,MIA
315969718.4320149,00000000-0000-0000-0000-000000015081,OTHERS,258.1669416195511,1104.9393444129526,MIA
315969718.4320149,00000000-0000-0000-0000-000000014938,OTHERS,249.58698427064888,1093.1485559753019,MIA
315969718.4320149,00000000-0000-0000-0000-000000015086,OTHERS,256.8690375307002,1120.0915768492566,MIA
315969718.4320149,00000000-0000-0000-0000-000000015061,OTHERS,246.5788520395656,1095.687725017312,MIA
315969718.4320149,00000000-0000-0000-0000-000000012716,AGENT,248.30985314532933,1139.0113446020334,MIA
315969718.4320149,00000000-0000-0000-0000-000000015070,OTHERS,257.59834633765803,1109.1954751166913,MIA
315969718.4320149,00000000-0000-0000-0000-000000015054,OTHERS,267.70185628659357,1134.8651622469085,MIA
315969718.4320149,00000000-0000-0000-0000-000000015010,OTHERS,255.5753770750982,1183.90858191761,MIA
315969718.4320149,00000000-0000-0000-0000-000000015067,OTHERS,275.30230314242533,1131.4399779577534,MIA
315969718.4320149,00000000-0000-0000-0000-000000015082,OTHERS,246.54061876169533,1117.0837095281324,MIA
315969718.4320149,00000000-0000-0000-0000-000000015076,OTHERS,285.08403044705693,1131.7777843016147,MIA
315969718.4320149,00000000-0000-0000-0000-000000015013,OTHERS,257.60459797372414,1122.1725854988192,MIA
315969718.6166706,00000000-0000-0000-0000-000000000000,AV,251.00759753167992,1143.7601228658846,MIA
315969718.6166706,00000000-0000-0000-0000-000000012716,AGENT,248.45351766479192,1136.3894619201076,MIA
315969718.6166706,00000000-0000-0000-0000-000000014950,OTHERS,252.70195023263992,1162.574386075964,MIA
315969718.6166706,00000000-0000-0000-0000-000000014965,OTHERS,242.4875161813281,1206.6339385986098,MIA
315969718.6166706,00000000-0000-0000-0000-000000014994,OTHERS,264.71232899913167,1178.4638546162164,MIA
315969718.6166706,00000000-0000-0000-0000-000000015069,OTHERS,257.43497620958584,1115.2870014980238,MIA
315969718.6166706,00000000-0000-0000-0000-000000014988,OTHERS,249.54175091611785,1178.9518201871206,MIA
315969718.6166706,00000000-0000-0000-0000-000000015070,OTHERS,257.442046667447,1109.149913925162,MIA
315969718.6166706,00000000-0000-0000-0000-000000015068,OTHERS,246.64366008367008,1113.8784335564785,MIA
315969718.6166706,00000000-0000-0000-0000-000000015006,OTHERS,246.0208793929152,1118.745028012966,MIA
315969718.6166706,00000000-0000-0000-0000-000000015081,OTHERS,257.8341221426743,1104.4704875465766,MIA
315969718.6166706,00000000-0000-0000-0000-000000014967,OTHERS,253.3941195749392,1192.6905429773894,MIA
315969718.6166706,00000000-0000-0000-0000-000000014991,OTHERS,256.22968809040316,1162.5081827651961,MIA
315969718.6166706,00000000-0000-0000-0000-000000014938,OTHERS,249.7699243195953,1090.5263875392143,MIA
315969718.6166706,00000000-0000-0000-0000-000000015086,OTHERS,256.8820776594655,1119.5270793215564,MIA
315969718.6166706,00000000-0000-0000-0000-000000015061,OTHERS,246.67826077284968,1095.3313042139032,MIA
315969718.6166706,00000000-0000-0000-0000-000000015084,OTHERS,288.5831519534871,1132.7257986593104,MIA
315969718.6166706,00000000-0000-0000-0000-000000015054,OTHERS,267.4348439808831,1134.8572464294048,MIA
315969718.6166706,00000000-0000-0000-0000-000000015010,OTHERS,255.23498162361957,1184.6247082504194,MIA
315969718.6166706,00000000-0000-0000-0000-000000015067,OTHERS,276.39939180583747,1132.0357600377638,MIA
315969718.6166706,00000000-0000-0000-0000-000000015036,OTHERS,258.39457032815767,1100.466652997202,MIA
315969718.6166706,00000000-0000-0000-0000-000000015076,OTHERS,285.6912057407515,1132.0465059721653,MIA
315969718.6166706,00000000-0000-0000-0000-000000015082,OTHERS,246.54061876244091,1117.0837095063134,MIA
315969718.6166706,00000000-0000-0000-0000-000000015013,OTHERS,257.5365410190303,1122.2329324446498,MIA
315969718.78451836,00000000-0000-0000-0000-000000000000,AV,251.090998954698,1141.8344567792535,MIA
315969718.78451836,00000000-0000-0000-0000-000000012716,AGENT,248.53619011604252,1133.8102984114605,MIA
315969718.78451836,00000000-0000-0000-0000-000000014938,OTHERS,249.8095577822754,1087.8598270134123,MIA
315969718.78451836,00000000-0000-0000-0000-000000014950,OTHERS,252.83756646955337,1159.8002863046772,MIA
315969718.78451836,00000000-0000-0000-0000-000000014965,OTHERS,242.2996505877697,1206.8666539916128,MIA
315969718.78451836,00000000-0000-0000-0000-000000014994,OTHERS,264.2020187485797,1178.4979465442702,MIA
315969718.78451836,00000000-0000-0000-0000-000000015069,OTHERS,257.4612680217536,1115.3437338808437,MIA
315969718.78451836,00000000-0000-0000-0000-000000014988,OTHERS,249.61666371699368,1176.659109268401,MIA
315969718.78451836,00000000-0000-0000-0000-000000015084,OTHERS,287.83613463117456,1132.270023167674,MIA
315969718.78451836,00000000-0000-0000-0000-000000015070,OTHERS,257.56797310462366,1109.0482444612733,MIA
315969718.78451836,00000000-0000-0000-0000-000000015068,OTHERS,246.5252040383503,1114.0165194778804,MIA
315969718.78451836,00000000-0000-0000-0000-000000015006,OTHERS,245.80476256472787,1118.933584667117,MIA
315969718.78451836,00000000-0000-0000-0000-000000015081,OTHERS,258.0756355972304,1104.3896442672533,MIA
315969718.78451836,00000000-0000-0000-0000-000000014967,OTHERS,253.95760931387844,1193.2850326657212,MIA
315969718.78451836,00000000-0000-0000-0000-000000014991,OTHERS,256.2036120023152,1162.3079852540438,MIA
315969718.78451836,00000000-0000-0000-0000-000000015061,OTHERS,246.72801595824544,1095.2998546576691,MIA
315969718.78451836,00000000-0000-0000-0000-000000015054,OTHERS,267.6815735650256,1134.8141849827546,MIA
315969718.78451836,00000000-0000-0000-0000-000000015010,OTHERS,255.3414101053655,1184.203922934202,MIA
315969718.78451836,00000000-0000-0000-0000-000000015067,OTHERS,275.15891004383417,1131.084461950587,MIA
315969718.78451836,00000000-0000-0000-0000-000000015036,OTHERS,258.36402197019686,1100.5185338617264,MIA
315969718.78451836,00000000-0000-0000-0000-000000015076,OTHERS,285.51344804572375,1132.0485143014178,MIA
315969718.78451836,00000000-0000-0000-0000-000000015013,OTHERS,257.44033950240157,1121.6864649304136,MIA
315969718.95946527,00000000-0000-0000-0000-000000000000,AV,251.17074702790498,1139.9100332135495,MIA
315969718.95946527,00000000-0000-0000-0000-000000012716,AGENT,248.6547641370992,1131.2134137822834,MIA
315969718.95946527,00000000-0000-0000-0000-000000014938,OTHERS,249.97962671093856,1085.300476895022,MIA
315969718.95946527,00000000-0000-0000-0000-000000014950,OTHERS,252.9553348852356,1157.072521636497,MIA
315969718.95946527,00000000-0000-0000-0000-000000014965,OTHERS,242.4494227850295,1206.9884837948234,MIA
315969718.95946527,00000000-0000-0000-0000-000000014994,OTHERS,263.68192291127014,1178.4826490816422,MIA
315969718.95946527,00000000-0000-0000-0000-000000015069,OTHERS,257.5181675823098,1115.3309654211591,MIA
315969718.95946527,00000000-0000-0000-0000-000000014988,OTHERS,249.71482615837812,1174.3845186472447,MIA
315969718.95946527,00000000-0000-0000-0000-000000015084,OTHERS,288.2928181651692,1132.765615211754,MIA
315969718.95946527,00000000-0000-0000-0000-000000015070,OTHERS,257.67694225211966,1109.1620830930433,MIA
315969718.95946527,00000000-0000-0000-0000-000000015088,OTHERS,309.914678532617,1140.868257616507,MIA
315969718.95946527,00000000-0000-0000-0000-000000015068,OTHERS,246.64428822707958,1113.5182368914084,MIA
315969718.95946527,00000000-0000-0000-0000-000000015006,OTHERS,245.64069320751668,1119.2788239247498,MIA
315969718.95946527,00000000-0000-0000-0000-000000015081,OTHERS,257.82777377478857,1104.0197780283884,MIA
315969718.95946527,00000000-0000-0000-0000-000000014967,OTHERS,254.28070933586082,1192.37341889325,MIA
315969718.95946527,00000000-0000-0000-0000-000000014991,OTHERS,256.24157065606136,1162.2415821682932,MIA
315969718.95946527,00000000-0000-0000-0000-000000015061,OTHERS,246.7449076992496,1095.2963615300914,MIA
315969718.95946527,00000000-0000-0000-0000-000000015054,OTHERS,267.63186047689965,1134.8008712283474,MIA
315969718.95946527,00000000-0000-0000-0000-000000015010,OTHERS,255.2393917639681,1183.8546736607955,MIA
315969718.95946527,00000000-0000-0000-0000-000000015067,OTHERS,273.99708044180437,1130.8510537198233,MIA
315969718.95946527,00000000-0000-0000-0000-000000015036,OTHERS,258.34849543614035,1100.5088222055792,MIA
315969718.95946527,00000000-0000-0000-0000-000000015076,OTHERS,286.03397066393387,1131.9687436600125,MIA
315969718.95946527,00000000-0000-0000-0000-000000015013,OTHERS,257.4097352233439,1121.703998173732,MIA
315969719.1158932,00000000-0000-0000-0000-000000000000,AV,251.23962487580206,1138.2073386385991,MIA
315969719.1158932,00000000-0000-0000-0000-000000012716,AGENT,248.6670831818639,1129.969009840773,MIA
315969719.1158932,00000000-0000-0000-0000-000000014938,OTHERS,249.93645937184257,1083.769515659662,MIA
315969719.1158932,00000000-0000-0000-0000-000000014950,OTHERS,253.00152830101783,1155.6624263123556,MIA
315969719.1158932,00000000-0000-0000-0000-000000014965,OTHERS,242.4494227859951,1206.9884837839393,MIA
315969719.1158932,00000000-0000-0000-0000-000000014994,OTHERS,263.78616050160656,1178.4419439308165,MIA
315969719.1158932,00000000-0000-0000-0000-000000015069,OTHERS,257.5018511580055,1115.2175120882098,MIA
315969719.1158932,00000000-0000-0000-0000-000000014988,OTHERS,249.72147954606518,1172.9446987994647,MIA
315969719.1158932,00000000-0000-0000-0000-000000015084,OTHERS,286.4732423822937,1131.1531738932238,MIA
315969719.1158932,00000000-0000-0000-0000-000000015070,OTHERS,257.58982553977984,1109.001154117501,MIA
315969719.1158932,00000000-0000-0000-0000-000000015088,OTHERS,309.87369693383204,1140.878119393539,MIA
315969719.1158932,00000000-0000-0000-0000-000000015068,OTHERS,246.6442882275132,1113.5182368804576,MIA
315969719.1158932,00000000-0000-0000-0000-000000015006,OTHERS,245.72901353648624,1119.2855573179677,MIA
315969719.1158932,00000000-0000-0000-0000-000000015081,OTHERS,257.91376578575597,1104.2951661662573,MIA
315969719.1158932,00000000-0000-0000-0000-000000014967,OTHERS,253.9903995928209,1193.4732728536223,MIA
315969719.1158932,00000000-0000-0000-0000-000000014991,OTHERS,256.18110821112543,1162.226370224662,MIA
315969719.1158932,00000000-0000-0000-0000-000000015061,OTHERS,246.679289952765,1095.1377621027614,MIA
315969719.1158932,00000000-0000-0000-0000-000000015054,OTHERS,267.5405985896392,1134.788738653262,MIA
315969719.1158932,00000000-0000-0000-0000-000000015010,OTHERS,255.1863895119347,1183.1265035733295,MIA
315969719.1158932,00000000-0000-0000-0000-000000015067,OTHERS,274.18488181730544,1130.879562766957,MIA
315969719.1158932,00000000-0000-0000-0000-000000015036,OTHERS,258.4593860264834,1100.604456464717,MIA
315969719.1158932,00000000-0000-0000-0000-000000015076,OTHERS,285.7487919960625,1132.117543257677,MIA
315969719.1158932,00000000-0000-0000-0000-000000015013,OTHERS,257.50053455140664,1121.5850429989855,MIA
315969719.2845515,00000000-0000-0000-0000-000000000000,AV,251.3101093389756,1136.3931745096945,MIA
315969719.2845515,00000000-0000-0000-0000-000000012716,AGENT,248.7927365692234,1127.25536580301,MIA
315969719.2845515,00000000-0000-0000-0000-000000014938,OTHERS,250.0915852463432,1081.1350374135427,MIA
315969719.2845515,00000000-0000-0000-0000-000000014950,OTHERS,253.11901406981391,1152.8825349687595,MIA
315969719.2845515,00000000-0000-0000-0000-000000014994,OTHERS,263.21365676137015,1178.4900605593134,MIA
315969719.2845515,00000000-0000-0000-0000-000000015069,OTHERS,257.53167085978896,1115.2957445546688,MIA
315969719.2845515,00000000-0000-0000-0000-000000014988,OTHERS,249.89904343240272,1170.6308425161224,MIA
315969719.2845515,00000000-0000-0000-0000-000000014967,OTHERS,254.02334081356503,1193.4823273174266,MIA
315969719.2845515,00000000-0000-0000-0000-000000014991,OTHERS,256.2586684153681,1162.0986969875735,MIA
315969719.2845515,00000000-0000-0000-0000-000000015070,OTHERS,257.54335903164105,1109.1179389814945,MIA
315969719.2845515,00000000-0000-0000-0000-000000015088,OTHERS,309.87369693477143,1140.8781193713332,MIA
315969719.2845515,00000000-0000-0000-0000-000000015068,OTHERS,246.64428822838013,1113.5182368585558,MIA
315969719.2845515,00000000-0000-0000-0000-000000015006,OTHERS,245.68932145990144,1119.3304635448862,MIA
315969719.2845515,00000000-0000-0000-0000-000000015081,OTHERS,258.1730417090496,1104.377788912029,MIA
315969719.2845515,00000000-0000-0000-0000-000000015036,OTHERS,258.43909798736445,1100.5365746069192,MIA
315969719.2845515,00000000-0000-0000-0000-000000015084,OTHERS,287.68110934830725,1132.3721332933276,MIA
315969719.2845515,00000000-0000-0000-0000-000000015061,OTHERS,246.6778774742604,1095.2046546111535,MIA
315969719.2845515,00000000-0000-0000-0000-000000015054,OTHERS,267.5744649765969,1134.7689369748712,MIA
315969719.2845515,00000000-0000-0000-0000-000000015010,OTHERS,255.6188646455136,1182.4733240431226,MIA
315969719.2845515,00000000-0000-0000-0000-000000015067,OTHERS,274.4455055941296,1131.137436392392,MIA
315969719.2845515,00000000-0000-0000-0000-000000015076,OTHERS,286.0026544091935,1132.5113214020098,MIA
315969719.2845515,00000000-0000-0000-0000-000000015013,OTHERS,257.5032536480772,1121.635957786554,MIA
315969719.44696283,00000000-0000-0000-0000-000000000000,AV,251.3815149245262,1134.571869075006,MIA
315969719.44696283,00000000-0000-0000-0000-000000012716,AGENT,248.91265100660075,1124.7015442550123,MIA
315969719.44696283,00000000-0000-0000-0000-000000014938,OTHERS,250.25913422821,1078.4255306637172,MIA
315969719.44696283,00000000-0000-0000-0000-000000014950,OTHERS,253.217851632174,1150.197595226015,MIA
315969719.44696283,00000000-0000-0000-0000-000000014994,OTHERS,262.95159075527386,1178.4799233716856,MIA
315969719.44696283,00000000-0000-0000-0000-000000015069,OTHERS,257.5460506190268,1115.2216230916417,MIA
315969719.44696283,00000000-0000-0000-0000-000000014988,OTHERS,250.03465030996875,1168.2985629210182,MIA
315969719.44696283,00000000-0000-0000-0000-000000014967,OTHERS,253.45936160321946,1192.7033777296895,MIA
315969719.44696283,00000000-0000-0000-0000-000000014991,OTHERS,256.30272408140456,1161.9927331864105,MIA
315969719.44696283,00000000-0000-0000-0000-000000015088,OTHERS,309.8263675481544,1140.6085227742585,MIA
315969719.44696283,00000000-0000-0000-0000-000000015070,OTHERS,257.6317428457008,1109.126489619501,MIA
315969719.44696283,00000000-0000-0000-0000-000000015036,OTHERS,258.34785752832556,1100.3705754783048,MIA
315969719.44696283,00000000-0000-0000-0000-000000015081,OTHERS,258.0810858358529,1104.1104166257373,MIA
315969719.44696283,00000000-0000-0000-0000-000000015006,OTHERS,245.5822885686638,1119.3625921899652,MIA
315969719.44696283,00000000-0000-0000-0000-000000015061,OTHERS,246.79847250104146,1095.2517495139043,MIA
315969719.44696283,00000000-0000-0000-0000-000000015054,OTHERS,267.47702896162974,1134.7213592883745,MIA
315969719.44696283,00000000-0000-0000-0000-000000015010,OTHERS,255.45988486859363,1182.6755775486224,MIA
315969719.44696283,00000000-0000-0000-0000-000000015067,OTHERS,274.63226540935744,1131.1190108710111,MIA
315969719.44696283,00000000-0000-0000-0000-000000015076,OTHERS,287.0599374024765,1131.8631765219204,MIA
315969719.44696283,00000000-0000-0000-0000-000000015013,OTHERS,257.44337190331987,1121.6725739078602,MIA
315969719.62789774,00000000-0000-0000-0000-000000000000,AV,251.45636105439112,1132.6537277542407,MIA
315969719.62789774,00000000-0000-0000-0000-000000012716,AGENT,248.95691231380783,1123.37357044751,MIA
315969719.62789774,00000000-0000-0000-0000-000000014938,OTHERS,250.2344189602321,1077.0329897260976,MIA
315969719.62789774,00000000-0000-0000-0000-000000014950,OTHERS,253.36523930108856,1148.764996850875,MIA
315969719.62789774,00000000-0000-0000-0000-000000014994,OTHERS,263.00000250357294,1178.4597878730885,MIA
315969719.62789774,00000000-0000-0000-0000-000000015069,OTHERS,257.5222882573183,1115.0869266837394,MIA
315969719.62789774,00000000-0000-0000-0000-000000014988,OTHERS,250.0827088596091,1167.0810294010194,MIA
315969719.62789774,00000000-0000-0000-0000-000000014967,OTHERS,254.22174554491832,1192.32160419917,MIA
315969719.62789774,00000000-0000-0000-0000-000000014991,OTHERS,256.31999434014125,1162.0486333721806,MIA
315969719.62789774,00000000-0000-0000-0000-000000015088,OTHERS,309.8854012766926,1140.6862758856173,MIA
315969719.62789774,00000000-0000-0000-0000-000000015070,OTHERS,257.6551710282193,1109.107261981798,MIA
315969719.62789774,00000000-0000-0000-0000-000000015081,OTHERS,258.019847514037,1104.1552237322333,MIA
315969719.62789774,00000000-0000-0000-0000-000000015061,OTHERS,246.7573566037041,1095.1566397935444,MIA
315969719.62789774,00000000-0000-0000-0000-000000015054,OTHERS,267.4253853996075,1134.7319103914265,MIA
315969719.62789774,00000000-0000-0000-0000-000000015010,OTHERS,255.48201587153625,1182.9878324980286,MIA
315969719.62789774,00000000-0000-0000-0000-000000015067,OTHERS,274.46711017643173,1131.1878894845536,MIA
315969719.62789774,00000000-0000-0000-0000-000000015036,OTHERS,258.31424024284473,1100.3391278259337,MIA
315969719.62789774,00000000-0000-0000-0000-000000015076,OTHERS,285.6167019436162,1131.9695924371406,MIA
315969719.62789774,00000000-0000-0000-0000-000000015013,OTHERS,257.48543671759256,1121.5796895071892,MIA
315969719.62789774,00000000-0000-0000-0000-000000015006,OTHERS,245.5679433864766,1119.0294397422047,MIA
315969719.7865181,00000000-0000-0000-0000-000000000000,AV,251.52189149708167,1130.9292442345036,MIA
315969719.7865181,00000000-0000-0000-0000-000000012716,AGENT,249.10581858054226,1120.8028480092896,MIA
315969719.7865181,00000000-0000-0000-0000-000000014938,OTHERS,250.31760102655517,1074.350744725137,MIA
315969719.7865181,00000000-0000-0000-0000-000000014950,OTHERS,253.44814558105165,1146.04278331612,MIA
315969719.7865181,00000000-0000-0000-0000-000000014994,OTHERS,262.6413599829204,1178.4227910815844,MIA
315969719.7865181,00000000-0000-0000-0000-000000015069,OTHERS,257.59007486292467,1115.044445022754,MIA
315969719.7865181,00000000-0000-0000-0000-000000014988,OTHERS,250.2193884836247,1164.7647222941828,MIA
315969719.7865181,00000000-0000-0000-0000-000000015081,OTHERS,258.1154189569957,1104.1753578724301,MIA
315969719.7865181,00000000-0000-0000-0000-000000015088,OTHERS,309.94001070830217,1140.67449537731,MIA
315969719.7865181,00000000-0000-0000-0000-000000015070,OTHERS,257.80337615228956,1109.0951383619126,MIA
315969719.7865181,00000000-0000-0000-0000-000000014967,OTHERS,253.9502652072403,1191.402226524069,MIA
315969719.7865181,00000000-0000-0000-0000-000000014991,OTHERS,256.20307696061434,1161.98376194967,MIA
315969719.7865181,00000000-0000-0000-0000-000000015061,OTHERS,246.911806796956,1094.7906288454667,MIA
315969719.7865181,00000000-0000-0000-0000-000000015054,OTHERS,267.35926655399385,1134.6470871940367,MIA
315969719.7865181,00000000-0000-0000-0000-000000015010,OTHERS,255.34883174715614,1182.4687377190198,MIA
315969719.7865181,00000000-0000-0000-0000-000000015067,OTHERS,274.3693025541663,1131.1478878168728,MIA
315969719.7865181,00000000-0000-0000-0000-000000015036,OTHERS,258.2210683703961,1100.1000361694369,MIA
315969719.7865181,00000000-0000-0000-0000-000000015076,OTHERS,286.2496029604925,1132.0892826720685,MIA
315969719.7865181,00000000-0000-0000-0000-000000015013,OTHERS,257.47577283519934,1121.5443962395152,MIA
315969719.7865181,00000000-0000-0000-0000-000000015006,OTHERS,245.72029857373508,1118.7091261113057,MIA
315969719.95467484,00000000-0000-0000-0000-000000000000,AV,251.59075907818,1128.9969015232155,MIA
315969719.95467484,00000000-0000-0000-0000-000000012716,AGENT,249.18334338742162,1118.1469516325706,MIA
315969719.95467484,00000000-0000-0000-0000-000000014938,OTHERS,250.60131659888933,1071.5796366979635,MIA
315969719.95467484,00000000-0000-0000-0000-000000014950,OTHERS,253.6023600220575,1143.283935677142,MIA
315969719.95467484,00000000-0000-0000-0000-000000014994,OTHERS,262.43477341221677,1178.3911435359469,MIA
315969719.95467484,00000000-0000-0000-0000-000000015069,OTHERS,257.60589980170414,1115.042620032631,MIA
315969719.95467484,00000000-0000-0000-0000-000000014988,OTHERS,250.25485364881496,1162.3238824155114,MIA
315969719.95467484,00000000-0000-0000-0000-000000015081,OTHERS,258.0991260316761,1104.1374988876682,MIA
315969719.95467484,00000000-0000-0000-0000-000000015088,OTHERS,310.0337882204332,1140.7223364039896,MIA
315969719.95467484,00000000-0000-0000-0000-000000015070,OTHERS,257.7861763727061,1109.1115873130223,MIA
315969719.95467484,00000000-0000-0000-0000-000000014967,OTHERS,253.44044714503968,1192.6482338005658,MIA
315969719.95467484,00000000-0000-0000-0000-000000014991,OTHERS,256.22379586706825,1161.6384086074804,MIA
315969719.95467484,00000000-0000-0000-0000-000000015061,OTHERS,247.1463009946384,1094.2952100165348,MIA
315969719.95467484,00000000-0000-0000-0000-000000015054,OTHERS,267.5319532704449,1134.6021067328352,MIA
315969719.95467484,00000000-0000-0000-0000-000000015010,OTHERS,255.48778299746604,1182.536456555494,MIA
315969719.95467484,00000000-0000-0000-0000-000000015067,OTHERS,274.24573496456316,1131.0752450937414,MIA
315969719.95467484,00000000-0000-0000-0000-000000015036,OTHERS,258.22858677731153,1099.9549410846544,MIA
315969719.95467484,00000000-0000-0000-0000-000000015076,OTHERS,286.30325412760925,1132.3148333543907,MIA
315969719.95467484,00000000-0000-0000-0000-000000015013,OTHERS,257.49257891771344,1121.4904493115337,MIA
315969719.95467484,00000000-0000-0000-0000-000000015006,OTHERS,245.76366997431717,1118.6282589932255,MIA
315969720.0972151,00000000-0000-0000-0000-000000000000,AV,251.6447900900047,1127.4909201612054,MIA
315969720.0972151,00000000-0000-0000-0000-000000012716,AGENT,249.23589014715472,1116.8382549398918,MIA
315969720.0972151,00000000-0000-0000-0000-000000014938,OTHERS,250.64498118990497,1070.0468564418252,MIA
315969720.0972151,00000000-0000-0000-0000-000000014950,OTHERS,253.70111979482053,1141.8004766253082,MIA
315969720.0972151,00000000-0000-0000-0000-000000014994,OTHERS,262.5510633594345,1178.3814823319224,MIA
315969720.0972151,00000000-0000-0000-0000-000000015069,OTHERS,257.59688705408854,1115.0230001007073,MIA
315969720.0972151,00000000-0000-0000-0000-000000015081,OTHERS,258.1402007597674,1104.176749746728,MIA
315969720.0972151,00000000-0000-0000-0000-000000015088,OTHERS,309.89285299541837,1140.5490725775906,MIA
315969720.0972151,00000000-0000-0000-0000-000000015070,OTHERS,257.8350997906213,1109.1674272189266,MIA
315969720.0972151,00000000-0000-0000-0000-000000014967,OTHERS,253.4529739819525,1192.6685152973168,MIA
315969720.0972151,00000000-0000-0000-0000-000000014991,OTHERS,256.24712486288195,1161.575568583407,MIA
315969720.0972151,00000000-0000-0000-0000-000000014988,OTHERS,250.40590898578787,1161.4073753536775,MIA
315969720.0972151,00000000-0000-0000-0000-000000015061,OTHERS,247.1790860195652,1094.419333056697,MIA
315969720.0972151,00000000-0000-0000-0000-000000015054,OTHERS,267.573301283967,1134.6086242725744,MIA
315969720.0972151,00000000-0000-0000-0000-000000015010,OTHERS,255.4728578826736,1183.2822159896637,MIA
315969720.0972151,00000000-0000-0000-0000-000000015067,OTHERS,274.2305234258848,1131.073643666806,MIA
315969720.0972151,00000000-0000-0000-0000-000000015036,OTHERS,258.2012894880283,1099.8808989447698,MIA
315969720.0972151,00000000-0000-0000-0000-000000015076,OTHERS,286.3032541280243,1132.3148333432366,MIA
315969720.0972151,00000000-0000-0000-0000-000000015013,OTHERS,257.45059224423994,1121.4806514802813,MIA
315969720.0972151,00000000-0000-0000-0000-000000015006,OTHERS,245.79242226813855,1118.6422935421876,MIA
315969720.24295133,00000000-0000-0000-0000-000000000000,AV,251.7012948001099,1125.8700571475313,MIA
315969720.24295133,00000000-0000-0000-0000-000000012716,AGENT,249.3985820021424,1114.3225776350805,MIA
315969720.24295133,00000000-0000-0000-0000-000000014938,OTHERS,250.74995238420826,1067.3739775215945,MIA
315969720.24295133,00000000-0000-0000-0000-000000014950,OTHERS,253.7764275974301,1138.9893675063165,MIA
315969720.24295133,00000000-0000-0000-0000-000000014994,OTHERS,261.98395938800496,1178.2811619094011,MIA
315969720.24295133,00000000-0000-0000-0000-000000015069,OTHERS,257.7085470385672,1114.9509912007225,MIA
315969720.24295133,00000000-0000-0000-0000-000000014988,OTHERS,250.3926886217872,1158.6271983828274,MIA
315969720.24295133,00000000-0000-0000-0000-000000015096,OTHERS,246.3360624070735,1113.5919655380694,MIA
315969720.24295133,00000000-0000-0000-0000-000000014967,OTHERS,253.43236804735832,1192.7016370746871,MIA
315969720.24295133,00000000-0000-0000-0000-000000014991,OTHERS,256.2805539091204,1161.0348143068359,MIA
315969720.24295133,00000000-0000-0000-0000-000000015095,OTHERS,242.36228259259119,1206.6937636003588,MIA
315969720.24295133,00000000-0000-0000-0000-000000015061,OTHERS,247.4323613992108,1093.9194808356597,MIA
315969720.24295133,00000000-0000-0000-0000-000000015088,OTHERS,310.0755378602467,1140.60622666156,MIA
315969720.24295133,00000000-0000-0000-0000-000000015070,OTHERS,257.8700630702779,1109.1772273664562,MIA
315969720.24295133,00000000-0000-0000-0000-000000015067,OTHERS,274.41941468326723,1130.9888105742666,MIA
315969720.24295133,00000000-0000-0000-0000-000000015081,OTHERS,258.1230190841433,1104.2084769004878,MIA
315969720.24295133,00000000-0000-0000-0000-000000015054,OTHERS,267.5740043237071,1134.5580962414654,MIA
315969720.24295133,00000000-0000-0000-0000-000000015010,OTHERS,255.25917845897843,1182.523907267304,MIA
315969720.24295133,00000000-0000-0000-0000-000000015036,OTHERS,258.23012103107897,1099.8187402733947,MIA
315969720.24295133,00000000-0000-0000-0000-000000015013,OTHERS,257.45649630615713,1121.4551641716505,MIA
315969720.24295133,00000000-0000-0000-0000-000000015006,OTHERS,245.8161240998237,1118.5221292257108,MIA
315969720.3901523,00000000-0000-0000-0000-000000000000,AV,251.75658478078827,1124.2560395123803,MIA
315969720.3901523,00000000-0000-0000-0000-000000012716,AGENT,249.42781123602865,1112.9151482524358,MIA
315969720.3901523,00000000-0000-0000-0000-000000014938,OTHERS,250.7384800826817,1065.985198509732,MIA
315969720.3901523,00000000-0000-0000-0000-000000014950,OTHERS,253.87853309462497,1137.5970643242124,MIA
315969720.3901523,00000000-0000-0000-0000-000000014994,OTHERS,262.32416877565845,1178.390710039683,MIA
315969720.3901523,00000000-0000-0000-0000-000000015069,OTHERS,257.6613693324501,1115.0680174541549,MIA
315969720.3901523,00000000-0000-0000-0000-000000014988,OTHERS,250.50199002044064,1157.236039802046,MIA
315969720.3901523,00000000-0000-0000-0000-000000015096,OTHERS,246.3550479131333,1113.492281216988,MIA
315969720.3901523,00000000-0000-0000-0000-000000014967,OTHERS,253.59019804109585,1192.7295815964505,MIA
315969720.3901523,00000000-0000-0000-0000-000000014991,OTHERS,256.3087343265391,1160.812040741402,MIA
315969720.3901523,00000000-0000-0000-0000-000000015095,OTHERS,242.36228259335758,1206.6937635894478,MIA
315969720.3901523,00000000-0000-0000-0000-000000015061,OTHERS,247.43236139947362,1093.9194808246223,MIA
315969720.3901523,00000000-0000-0000-0000-000000015088,OTHERS,310.07553786075306,1140.606226649906,MIA
315969720.3901523,00000000-0000-0000-0000-000000015070,OTHERS,257.8851669192381,1109.2329906714297,MIA
315969720.3901523,00000000-0000-0000-0000-000000015067,OTHERS,274.4045480231369,1130.9657971502302,MIA
315969720.3901523,00000000-0000-0000-0000-000000015081,OTHERS,258.16726557723547,1104.128131058707,MIA
315969720.3901523,00000000-0000-0000-0000-000000015054,OTHERS,267.6634645431766,1134.5642740821256,MIA
315969720.3901523,00000000-0000-0000-0000-000000015010,OTHERS,255.15359461613457,1182.4922812140226,MIA
315969720.3901523,00000000-0000-0000-0000-000000015036,OTHERS,258.24116518947255,1099.8888656671995,MIA
315969720.3901523,00000000-0000-0000-0000-000000015013,OTHERS,257.5206730205265,1121.4788718551954,MIA
315969720.3901523,00000000-0000-0000-0000-000000015006,OTHERS,245.8677510863588,1118.6310780142178,MIA
315969720.55937153,00000000-0000-0000-0000-000000000000,AV,251.8198085767691,1122.3130177446692,MIA
315969720.55937153,00000000-0000-0000-0000-000000012716,AGENT,249.52316056811068,1110.3214191149582,MIA
315969720.55937153,00000000-0000-0000-0000-000000014938,OTHERS,250.87429918809292,1063.1116472495428,MIA
315969720.55937153,00000000-0000-0000-0000-000000014950,OTHERS,253.9738595398639,1134.752613847114,MIA
315969720.55937153,00000000-0000-0000-0000-000000014994,OTHERS,262.0622482181316,1178.371785250002,MIA
315969720.55937153,00000000-0000-0000-0000-000000015069,OTHERS,257.6657072768384,1115.125588007261,MIA
315969720.55937153,00000000-0000-0000-0000-000000014988,OTHERS,250.57978990625924,1155.2463735025074,MIA
315969720.55937153,00000000-0000-0000-0000-000000015088,OTHERS,310.07553786176584,1140.6062266265974,MIA
315969720.55937153,00000000-0000-0000-0000-000000015070,OTHERS,257.9097573269872,1109.2419601376446,MIA
315969720.55937153,00000000-0000-0000-0000-000000015067,OTHERS,274.35378460236956,1131.161973531889,MIA
315969720.55937153,00000000-0000-0000-0000-000000015054,OTHERS,267.62877567338484,1134.4801438770126,MIA
315969720.55937153,00000000-0000-0000-0000-000000015010,OTHERS,255.21724971742657,1182.4070205633816,MIA
315969720.55937153,00000000-0000-0000-0000-000000015081,OTHERS,258.1329848428115,1104.1340135350324,MIA
315969720.55937153,00000000-0000-0000-0000-000000014967,OTHERS,253.59019804287533,1192.7295815743353,MIA
315969720.55937153,00000000-0000-0000-0000-000000014991,OTHERS,256.2560486763207,1160.948465957978,MIA
315969720.55937153,00000000-0000-0000-0000-000000015036,OTHERS,258.22057897796157,1099.8684369731986,MIA
315969720.55937153,00000000-0000-0000-0000-000000015013,OTHERS,257.51607208167337,1121.3576224081019,MIA
315969720.55937153,00000000-0000-0000-0000-000000015006,OTHERS,246.03026553930482,1116.3160476345329,MIA
315969720.70395184,00000000-0000-0000-0000-000000000000,AV,251.86669096680768,1120.8028743317836,MIA
315969720.70395184,00000000-0000-0000-0000-000000012716,AGENT,249.6118558466044,1109.0494054446458,MIA
315969720.70395184,00000000-0000-0000-0000-000000014938,OTHERS,250.9289180903136,1061.6065869852398,MIA
315969720.70395184,00000000-0000-0000-0000-000000014950,OTHERS,254.0342138043101,1133.388311042302,MIA
315969720.70395184,00000000-0000-0000-0000-000000015070,OTHERS,257.9000275572953,1109.2915966397875,MIA
315969720.70395184,00000000-0000-0000-0000-000000015054,OTHERS,267.6570255197344,1134.499535554352,MIA
315969720.70395184,00000000-0000-0000-0000-000000015010,OTHERS,255.25092340597809,1184.3303634746676,MIA
315969720.70395184,00000000-0000-0000-0000-000000015081,OTHERS,258.1898300265866,1104.1792204541428,MIA
315969720.70395184,00000000-0000-0000-0000-000000014967,OTHERS,253.5901980437655,1192.7295815632772,MIA
315969720.70395184,00000000-0000-0000-0000-000000014991,OTHERS,256.2276500062537,1160.5420819997075,MIA
315969720.70395184,00000000-0000-0000-0000-000000015067,OTHERS,272.6862057628835,1131.0555664302565,MIA
315969720.70395184,00000000-0000-0000-0000-000000015036,OTHERS,258.2585136817401,1099.843733491024,MIA
315969720.70395184,00000000-0000-0000-0000-000000015013,OTHERS,257.31980073298496,1121.064550140111,MIA
315969720.70395184,00000000-0000-0000-0000-000000015006,OTHERS,246.01880242165527,1116.322220633781,MIA
315969720.70395184,00000000-0000-0000-0000-000000014988,OTHERS,250.6121210151133,1153.685376543841,MIA
315969720.70395184,00000000-0000-0000-0000-000000014994,OTHERS,261.7123609849076,1178.3186187595509,MIA
315969720.70395184,00000000-0000-0000-0000-000000015069,OTHERS,257.64444460568507,1115.032120990355,MIA
315969720.8509275,00000000-0000-0000-0000-000000000000,AV,251.91731636350812,1119.083357277722,MIA
315969720.8509275,00000000-0000-0000-0000-000000012716,AGENT,249.64875348524475,1107.7846593614854,MIA
315969720.8509275,00000000-0000-0000-0000-000000014938,OTHERS,250.97986695073968,1060.2597147602266,MIA
315969720.8509275,00000000-0000-0000-0000-000000014950,OTHERS,254.10998880971053,1131.9799889819624,MIA
315969720.8509275,00000000-0000-0000-0000-000000015070,OTHERS,257.92274765533875,1109.2836162271642,MIA
315969720.8509275,00000000-0000-0000-0000-000000015081,OTHERS,258.25251913647674,1104.0027039999943,MIA
315969720.8509275,00000000-0000-0000-0000-000000014991,OTHERS,256.2936569837645,1159.842241419287,MIA
315969720.8509275,00000000-0000-0000-0000-000000015054,OTHERS,267.608440768263,1134.540944161585,MIA
315969720.8509275,00000000-0000-0000-0000-000000015010,OTHERS,255.3453206757256,1182.6152389449142,MIA
315969720.8509275,00000000-0000-0000-0000-000000015067,OTHERS,272.68620576332006,1131.05556641895,MIA
315969720.8509275,00000000-0000-0000-0000-000000015036,OTHERS,258.2230293715341,1099.8091862805052,MIA
315969720.8509275,00000000-0000-0000-0000-000000015013,OTHERS,257.47056142077884,1120.8494498371306,MIA
315969720.8509275,00000000-0000-0000-0000-000000015006,OTHERS,246.0499074227219,1116.449032459594,MIA
315969720.8509275,00000000-0000-0000-0000-000000014988,OTHERS,250.67161604891768,1152.4305988783258,MIA
315969720.8509275,00000000-0000-0000-0000-000000014994,OTHERS,261.7070741880333,1178.3248827885066,MIA
315969720.8509275,00000000-0000-0000-0000-000000015069,OTHERS,257.6276653671839,1115.004477856269,MIA
315969721.0176318,00000000-0000-0000-0000-000000000000,AV,251.9700238784881,1117.2583837332763,MIA
315969721.0176318,00000000-0000-0000-0000-000000012716,AGENT,249.7589553826114,1105.1204130719034,MIA
315969721.0176318,00000000-0000-0000-0000-000000014938,OTHERS,250.99776249718533,1057.537824023127,MIA
315969721.0176318,00000000-0000-0000-0000-000000014950,OTHERS,254.26865821905307,1129.1849768296852,MIA
315969721.0176318,00000000-0000-0000-0000-000000014994,OTHERS,261.232768005411,1178.2710757558802,MIA
315969721.0176318,00000000-0000-0000-0000-000000015069,OTHERS,257.7126206271312,1114.8953235299264,MIA
315969721.0176318,00000000-0000-0000-0000-000000014988,OTHERS,250.86690683252442,1150.054682910163,MIA
315969721.0176318,00000000-0000-0000-0000-000000015070,OTHERS,257.9406119938996,1109.2477457167352,MIA
315969721.0176318,00000000-0000-0000-0000-000000015081,OTHERS,258.191280195341,1104.179083503203,MIA
315969721.0176318,00000000-0000-0000-0000-000000014991,OTHERS,256.172859402342,1160.0446523879775,MIA
315969721.0176318,00000000-0000-0000-0000-000000015054,OTHERS,267.3654969072477,1134.4346387356147,MIA
315969721.0176318,00000000-0000-0000-0000-000000015010,OTHERS,255.7567109987809,1182.4113148921076,MIA
315969721.0176318,00000000-0000-0000-0000-000000015067,OTHERS,272.68620576419283,1131.0555663963373,MIA
315969721.0176318,00000000-0000-0000-0000-000000015036,OTHERS,258.26651743407064,1099.7864741899334,MIA
315969721.0176318,00000000-0000-0000-0000-000000015013,OTHERS,257.62195234652967,1120.6705841848698,MIA
315969721.0176318,00000000-0000-0000-0000-000000015006,OTHERS,246.07161553007228,1116.3146361174067,MIA
315969721.16787064,00000000-0000-0000-0000-000000000000,AV,252.01459756166173,1115.6472292552137,MIA
315969721.16787064,00000000-0000-0000-0000-000000012716,AGENT,249.90556894152002,1102.4868353620184,MIA
315969721.16787064,00000000-0000-0000-0000-000000014938,OTHERS,251.0794868756073,1054.7003063695352,MIA
315969721.16787064,00000000-0000-0000-0000-000000014950,OTHERS,254.39574351328454,1126.23118566636,MIA
315969721.16787064,00000000-0000-0000-0000-000000014994,OTHERS,261.0917829651749,1178.2053235685569,MIA
315969721.16787064,00000000-0000-0000-0000-000000015069,OTHERS,257.7703100706684,1114.6887144757486,MIA
315969721.16787064,00000000-0000-0000-0000-000000014988,OTHERS,250.98858554750598,1147.4678477221314,MIA
315969721.16787064,00000000-0000-0000-0000-000000015070,OTHERS,257.9325119389735,1109.185837269379,MIA
315969721.16787064,00000000-0000-0000-0000-000000015081,OTHERS,258.2727644566112,1104.071141017343,MIA
315969721.16787064,00000000-0000-0000-0000-000000014991,OTHERS,256.1090208109834,1159.5246717593218,MIA
315969721.16787064,00000000-0000-0000-0000-000000015054,OTHERS,268.29783432013204,1134.351786730363,MIA
315969721.16787064,00000000-0000-0000-0000-000000015010,OTHERS,255.37758132703559,1182.473533011772,MIA
315969721.16787064,00000000-0000-0000-0000-000000015036,OTHERS,258.3006003949701,1099.7077399351333,MIA
315969721.16787064,00000000-0000-0000-0000-000000015013,OTHERS,257.6295525501648,1120.6523924117714,MIA
315969721.16787064,00000000-0000-0000-0000-000000015006,OTHERS,245.99007176351017,1115.877469539676,MIA
315969721.3098509,00000000-0000-0000-0000-000000000000,AV,252.059915067671,1114.0449842217504,MIA
315969721.3098509,00000000-0000-0000-0000-000000012716,AGENT,249.9517287537944,1101.1455133480301,MIA
315969721.3098509,00000000-0000-0000-0000-000000014938,OTHERS,251.29882593479482,1053.2111146618104,MIA
315969721.3098509,00000000-0000-0000-0000-000000014950,OTHERS,254.47018770066632,1124.7992967346192,MIA
315969721.3098509,00000000-0000-0000-0000-000000014994,OTHERS,260.90546719028674,1178.1794591705473,MIA
315969721.3098509,00000000-0000-0000-0000-000000015069,OTHERS,257.53420088894507,1114.7261276908894,MIA
315969721.3098509,00000000-0000-0000-0000-000000014988,OTHERS,250.98352884526216,1146.1940169538914,MIA
315969721.3098509,00000000-0000-0000-0000-000000015070,OTHERS,257.8994716702045,1109.2175483591457,MIA
315969721.3098509,00000000-0000-0000-0000-000000015081,OTHERS,258.189357138422,1104.1956435577347,MIA
315969721.3098509,00000000-0000-0000-0000-000000014991,OTHERS,256.30934750292715,1159.3601096126424,MIA
315969721.3098509,00000000-0000-0000-0000-000000015054,OTHERS,267.30850685647454,1134.1842586375585,MIA
315969721.3098509,00000000-0000-0000-0000-000000015010,OTHERS,255.3775813277101,1182.4735330007093,MIA
315969721.3098509,00000000-0000-0000-0000-000000015036,OTHERS,258.3132029297206,1099.7428154315014,MIA
315969721.3098509,00000000-0000-0000-0000-000000015013,OTHERS,257.6911748489803,1120.6385173398933,MIA
315969721.3098509,00000000-0000-0000-0000-000000015006,OTHERS,246.01375499576957,1115.7509930022663,MIA
315969721.47338176,00000000-0000-0000-0000-000000000000,AV,252.1101964803576,1112.3320126312751,MIA
315969721.47338176,00000000-0000-0000-0000-000000012716,AGENT,250.13145097865944,1098.5490326013517,MIA
315969721.47338176,00000000-0000-0000-0000-000000014938,OTHERS,251.2190754104982,1050.5631645100752,MIA
315969721.47338176,00000000-0000-0000-0000-000000015010,OTHERS,255.75667081647168,1182.538816293697,MIA
315969721.47338176,00000000-0000-0000-0000-000000015081,OTHERS,258.201639676873,1104.1399282116363,MIA
315969721.47338176,00000000-0000-0000-0000-000000014991,OTHERS,256.36459021457523,1159.2774145630651,MIA
315969721.47338176,00000000-0000-0000-0000-000000015054,OTHERS,267.3085068571308,1134.1842586155335,MIA
315969721.47338176,00000000-0000-0000-0000-000000015108,OTHERS,246.90435230822035,1094.5262064480244,MIA
315969721.47338176,00000000-0000-0000-0000-000000015070,OTHERS,258.07718828284567,1108.9617670613436,MIA
315969721.47338176,00000000-0000-0000-0000-000000015036,OTHERS,258.2663190291632,1099.765517360065,MIA
315969721.47338176,00000000-0000-0000-0000-000000015013,OTHERS,257.67657350101,1120.4784860560221,MIA
315969721.47338176,00000000-0000-0000-0000-000000014950,OTHERS,254.57846025674053,1121.957857579276,MIA
315969721.47338176,00000000-0000-0000-0000-000000015006,OTHERS,246.132706942736,1116.2982914813722,MIA
315969721.47338176,00000000-0000-0000-0000-000000014988,OTHERS,251.08878921606944,1143.8430997111648,MIA
315969721.47338176,00000000-0000-0000-0000-000000014994,OTHERS,260.222246577837,1178.1153027045689,MIA
315969721.47338176,00000000-0000-0000-0000-000000015069,OTHERS,257.47049252010606,1114.5101481908412,MIA
315969721.61268234,00000000-0000-0000-0000-000000000000,AV,252.15758529429385,1110.7305154812655,MIA
315969721.61268234,00000000-0000-0000-0000-000000012716,AGENT,250.2083968282016,1097.2026635604461,MIA
315969721.61268234,00000000-0000-0000-0000-000000014938,OTHERS,251.36906048664952,1049.1488389998265,MIA
315969721.61268234,00000000-0000-0000-0000-000000015010,OTHERS,255.75667081675945,1182.5388162826946,MIA
315969721.61268234,00000000-0000-0000-0000-000000015081,OTHERS,258.18800752288155,1104.1313660005144,MIA
315969721.61268234,00000000-0000-0000-0000-000000014991,OTHERS,256.11999183769296,1159.4117267087731,MIA
315969721.61268234,00000000-0000-0000-0000-000000015054,OTHERS,267.30850685745867,1134.1842586045211,MIA
315969721.61268234,00000000-0000-0000-0000-000000015108,OTHERS,246.95868487364723,1094.2825559724758,MIA
315969721.61268234,00000000-0000-0000-0000-000000015070,OTHERS,258.0418143678779,1108.9023241134696,MIA
315969721.61268234,00000000-0000-0000-0000-000000015036,OTHERS,258.41090473722335,1099.7390176157064,MIA
315969721.61268234,00000000-0000-0000-0000-000000015013,OTHERS,257.64064640272943,1120.380838847357,MIA
315969721.61268234,00000000-0000-0000-0000-000000014950,OTHERS,254.65937297080174,1120.5827661541384,MIA
315969721.61268234,00000000-0000-0000-0000-000000015006,OTHERS,246.04943574217938,1115.5954106143852,MIA
315969721.61268234,00000000-0000-0000-0000-000000014988,OTHERS,251.19599824834893,1142.3801306913076,MIA
315969721.61268234,00000000-0000-0000-0000-000000014994,OTHERS,260.7849714839111,1178.1842091323385,MIA
315969721.61268234,00000000-0000-0000-0000-000000015069,OTHERS,257.77128243543086,1114.429917505964,MIA
315969721.7539793,00000000-0000-0000-0000-000000000000,AV,252.20313692085952,1109.2337414091542,MIA
315969721.7539793,00000000-0000-0000-0000-000000012716,AGENT,250.3820523305877,1094.5335287375085,MIA
315969721.7539793,00000000-0000-0000-0000-000000015081,OTHERS,258.17748064386984,1104.0851147480582,MIA
315969721.7539793,00000000-0000-0000-0000-000000014991,OTHERS,256.30099056747525,1158.8582611616866,MIA
315969721.7539793,00000000-0000-0000-0000-000000015070,OTHERS,257.97483854801607,1108.8099189100103,MIA
315969721.7539793,00000000-0000-0000-0000-000000015108,OTHERS,246.95931761476,1094.2461169953112,MIA
315969721.7539793,00000000-0000-0000-0000-000000015036,OTHERS,258.4234283683533,1099.691492357863,MIA
315969721.7539793,00000000-0000-0000-0000-000000015013,OTHERS,257.7122202199744,1120.3341531630697,MIA
315969721.7539793,00000000-0000-0000-0000-000000014950,OTHERS,254.7715788226744,1117.7323435782196,MIA
315969721.7539793,00000000-0000-0000-0000-000000015006,OTHERS,246.06366631595745,1115.6318008264163,MIA
315969721.7539793,00000000-0000-0000-0000-000000014988,OTHERS,251.26061375863262,1139.8394464196572,MIA
315969721.7539793,00000000-0000-0000-0000-000000014994,OTHERS,260.39802299476486,1178.174487107297,MIA
315969721.7539793,00000000-0000-0000-0000-000000015069,OTHERS,257.85886662253614,1114.2199586366562,MIA
315969721.7539793,00000000-0000-0000-0000-000000014938,OTHERS,251.46136964193641,1046.360333672403,MIA
315969721.9154324,00000000-0000-0000-0000-000000000000,AV,252.25954299378563,1107.4146755233037,MIA
315969721.9154324,00000000-0000-0000-0000-000000012716,AGENT,250.5004383508311,1093.253638386252,MIA
315969721.9154324,00000000-0000-0000-0000-000000014938,OTHERS,251.52396952805267,1045.0956039496684,MIA
315969721.9154324,00000000-0000-0000-0000-000000015081,OTHERS,258.23356305725525,1103.9973573755462,MIA
315969721.9154324,00000000-0000-0000-0000-000000014991,OTHERS,256.0547906240475,1158.7861441870466,MIA
315969721.9154324,00000000-0000-0000-0000-000000015070,OTHERS,257.7580183089165,1108.6485212480968,MIA
315969721.9154324,00000000-0000-0000-0000-000000015108,OTHERS,246.96463332042708,1094.2445079485472,MIA
315969721.9154324,00000000-0000-0000-0000-000000015036,OTHERS,258.43442184712654,1099.715988654702,MIA
315969721.9154324,00000000-0000-0000-0000-000000015013,OTHERS,257.7897467591293,1120.4914986582664,MIA
315969721.9154324,00000000-0000-0000-0000-000000014950,OTHERS,254.82844212558757,1116.2305165646744,MIA
315969721.9154324,00000000-0000-0000-0000-000000015006,OTHERS,246.03199683391003,1115.6460807713104,MIA
315969721.9154324,00000000-0000-0000-0000-000000014988,OTHERS,251.28168657025319,1138.6417063820174,MIA
315969721.9154324,00000000-0000-0000-0000-000000014994,OTHERS,260.3980229946826,1178.1744870963726,MIA
315969721.9154324,00000000-0000-0000-0000-000000015069,OTHERS,257.9060180523024,1114.189570777429,MIA
