TIMESTAMP,TRACK_ID,OBJECT_TYPE,X,Y,CITY_NAME
315968400.42554057,00000000-0000-0000-0000-000000000000,AV,1746.3833583992548,449.76842720116366,PIT
315968400.42554057,00000000-0000-0000-0000-000000006882,OTHERS,1760.8919422012893,488.7429155069688,PIT
315968400.42554057,00000000-0000-0000-0000-000000006782,OTHERS,1713.0105793782761,491.35017942323196,PIT
315968400.42554057,00000000-0000-0000-0000-000000006800,OTHERS,1768.0379535327481,429.96817723312347,PIT
315968400.42554057,00000000-0000-0000-0000-000000006799,OTHERS,1764.0760178913126,435.3816333032138,PIT
315968400.42554057,00000000-0000-0000-0000-000000006961,OTHERS,1747.4765211900892,477.9013968883325,PIT
315968400.42554057,00000000-0000-0000-0000-000000006964,OTHERS,1754.824879690536,439.628925795546,PIT
315968400.42554057,00000000-0000-0000-0000-000000006955,OTHERS,1751.9397238556094,431.4704954795855,PIT
315968400.42554057,00000000-0000-0000-0000-000000006872,OTHERS,1760.8980014017247,483.0375550620042,PIT
315968400.42554057,00000000-0000-0000-0000-000000006857,OTHERS,1715.6378378945728,451.31972580307854,PIT
315968400.42554057,00000000-0000-0000-0000-000000006931,OTHERS,1772.1183640778634,425.32014811194364,PIT
315968400.42554057,00000000-0000-0000-0000-000000006391,OTHERS,1749.677528551634,445.5749487585333,PIT
315968400.42554057,00000000-0000-0000-0000-000000006900,OTHERS,1755.1057916163131,477.83119119358213,PIT
315968400.42554057,00000000-0000-0000-0000-000000006981,AGENT,1752.1711749048538,476.57794638103684,PIT
315968400.42554057,00000000-0000-0000-0000-000000006947,OTHERS,1703.9325942348273,505.37800688195074,PIT
315968400.42554057,00000000-0000-0000-0000-000000006878,OTHERS,1711.2121162224994,447.24670936445153,PIT
315968400.42554057,00000000-0000-0000-0000-000000006845,OTHERS,1720.2413956882676,454.9262981533876,PIT
315968400.42554057,00000000-0000-0000-0000-000000006860,OTHERS,1737.2853596252962,464.3367343609335,PIT
315968400.52172065,00000000-0000-0000-0000-000000000000,AV,1746.3834039611172,449.76846907930144,PIT
315968400.52172065,00000000-0000-0000-0000-000000006882,OTHERS,1760.8534973135763,488.7841521507285,PIT
315968400.52172065,00000000-0000-0000-0000-000000006782,OTHERS,1712.6128801735035,491.4960399807002,PIT
315968400.52172065,00000000-0000-0000-0000-000000006800,OTHERS,1768.0312302632801,430.02733551310723,PIT
315968400.52172065,00000000-0000-0000-0000-000000006799,OTHERS,1764.0970071313504,435.4206860097305,PIT
315968400.52172065,00000000-0000-0000-0000-000000006955,OTHERS,1752.1044176969865,431.47814604211686,PIT
315968400.52172065,00000000-0000-0000-0000-000000006961,OTHERS,1747.4874545986704,477.8737498578033,PIT
315968400.52172065,00000000-0000-0000-0000-000000006964,OTHERS,1754.6545610374944,439.81595720804876,PIT
315968400.52172065,00000000-0000-0000-0000-000000006872,OTHERS,1761.0517480284936,482.9804356680263,PIT
315968400.52172065,00000000-0000-0000-0000-000000006857,OTHERS,1715.6546045074813,451.3318164177192,PIT
315968400.52172065,00000000-0000-0000-0000-000000006931,OTHERS,1772.0015679369699,425.11557572723916,PIT
315968400.52172065,00000000-0000-0000-0000-000000006391,OTHERS,1749.701934741188,445.5488706281485,PIT
315968400.52172065,00000000-0000-0000-0000-000000006900,OTHERS,1755.0107274097684,477.8258540672969,PIT
315968400.52172065,00000000-0000-0000-0000-000000006981,AGENT,1752.0321984700934,476.40980801240687,PIT
315968400.52172065,00000000-0000-0000-0000-000000006947,OTHERS,1703.9325942348132,505.3780068819437,PIT
315968400.52172065,00000000-0000-0000-0000-000000006878,OTHERS,1711.1935522971582,446.72609407716146,PIT
315968400.52172065,00000000-0000-0000-0000-000000006845,OTHERS,1720.2322359356715,454.90540993888635,PIT
315968400.52172065,00000000-0000-0000-0000-000000006860,OTHERS,1736.8392296444104,463.8333424902311,PIT
315968400.62591314,00000000-0000-0000-0000-000000000000,AV,1746.3831219083343,449.7687064936063,PIT
315968400.62591314,00000000-0000-0000-0000-000000006882,OTHERS,1760.7399061256635,488.7133080249655,PIT
315968400.62591314,00000000-0000-0000-0000-000000006782,OTHERS,1712.6128801735035,491.4960399807002,PIT
315968400.62591314,00000000-0000-0000-0000-000000006800,OTHERS,1768.042212588696,429.9814978544552,PIT
315968400.62591314,00000000-0000-0000-0000-000000006799,OTHERS,1764.0544942787617,435.34320868547684,PIT
315968400.62591314,00000000-0000-0000-0000-000000006955,OTHERS,1752.3567708747198,431.4778426772106,PIT
315968400.62591314,00000000-0000-0000-0000-000000006961,OTHERS,1747.5562359568282,477.9535328655482,PIT
315968400.62591314,00000000-0000-0000-0000-000000006964,OTHERS,1754.6132562635046,439.9489119257759,PIT
315968400.62591314,00000000-0000-0000-0000-000000006982,OTHERS,1680.2415532152993,523.7606340823048,PIT
315968400.62591314,00000000-0000-0000-0000-000000006872,OTHERS,1761.1002010428103,483.0478272458658,PIT
315968400.62591314,00000000-0000-0000-0000-000000006857,OTHERS,1715.670465124511,451.3929370364074,PIT
315968400.62591314,00000000-0000-0000-0000-000000006931,OTHERS,1772.0015679369867,425.11557572726167,PIT
315968400.62591314,00000000-0000-0000-0000-000000006391,OTHERS,1749.6871107539087,445.56313712689916,PIT
315968400.62591314,00000000-0000-0000-0000-000000006900,OTHERS,1754.9346764460208,477.73754690277224,PIT
315968400.62591314,00000000-0000-0000-0000-000000006981,AGENT,1751.90802081818,476.10904330034407,PIT
315968400.62591314,00000000-0000-0000-0000-000000006947,OTHERS,1703.932594234798,505.378006881936,PIT
315968400.62591314,00000000-0000-0000-0000-000000006878,OTHERS,1711.2428088340646,446.8377975584786,PIT
315968400.62591314,00000000-0000-0000-0000-000000006845,OTHERS,1720.268473139726,454.9461136677126,PIT
315968400.62591314,00000000-0000-0000-0000-000000006860,OTHERS,1735.9498624963908,463.6538560031644,PIT
315968400.7189382,00000000-0000-0000-0000-000000000000,AV,1746.383526439694,449.7685797423673,PIT
315968400.7189382,00000000-0000-0000-0000-000000006882,OTHERS,1760.6484729471224,488.7470505119626,PIT
315968400.7189382,00000000-0000-0000-0000-000000006782,OTHERS,1712.6128801735035,491.4960399807002,PIT
315968400.7189382,00000000-0000-0000-0000-000000006799,OTHERS,1764.126609232786,435.3093416788769,PIT
315968400.7189382,00000000-0000-0000-0000-000000006961,OTHERS,1747.497240977914,477.90668526512655,PIT
315968400.7189382,00000000-0000-0000-0000-000000006964,OTHERS,1754.3896593582233,440.1294528632569,PIT
315968400.7189382,00000000-0000-0000-0000-000000006982,OTHERS,1680.2415532152993,523.7606340823048,PIT
315968400.7189382,00000000-0000-0000-0000-000000006800,OTHERS,1768.0586249276232,429.92527255082945,PIT
315968400.7189382,00000000-0000-0000-0000-000000006955,OTHERS,1752.555570573336,431.4490063037858,PIT
315968400.7189382,00000000-0000-0000-0000-000000006872,OTHERS,1761.0788953391695,483.0860814236229,PIT
315968400.7189382,00000000-0000-0000-0000-000000006857,OTHERS,1715.7046466338377,451.3543541348172,PIT
315968400.7189382,00000000-0000-0000-0000-000000006931,OTHERS,1771.9149761446579,425.26793001038885,PIT
315968400.7189382,00000000-0000-0000-0000-000000006391,OTHERS,1749.670738388402,445.58137625799935,PIT
315968400.7189382,00000000-0000-0000-0000-000000006900,OTHERS,1754.7340384839886,477.5572610878338,PIT
315968400.7189382,00000000-0000-0000-0000-000000006981,AGENT,1751.92018895663,475.86726840197485,PIT
315968400.7189382,00000000-0000-0000-0000-000000006947,OTHERS,1703.9325942347846,505.3780068819287,PIT
315968400.7189382,00000000-0000-0000-0000-000000006878,OTHERS,1711.246725338543,447.29358186368034,PIT
315968400.7189382,00000000-0000-0000-0000-000000006845,OTHERS,1720.2720595875974,454.94042538417466,PIT
315968400.7189382,00000000-0000-0000-0000-000000006860,OTHERS,1735.3271536158456,463.14647148383597,PIT
315968400.83305913,00000000-0000-0000-0000-000000000000,AV,1746.3832114216816,449.7687191758332,PIT
315968400.83305913,00000000-0000-0000-0000-000000006882,OTHERS,1760.6328178280976,488.7424411366069,PIT
315968400.83305913,00000000-0000-0000-0000-000000006782,OTHERS,1712.6128801735035,491.4960399807002,PIT
315968400.83305913,00000000-0000-0000-0000-000000006799,OTHERS,1764.043401635593,435.4212532110976,PIT
315968400.83305913,00000000-0000-0000-0000-000000006964,OTHERS,1754.3655318934889,440.2164685435458,PIT
315968400.83305913,00000000-0000-0000-0000-000000006982,OTHERS,1680.2415532152993,523.7606340823048,PIT
315968400.83305913,00000000-0000-0000-0000-000000006961,OTHERS,1747.539619605051,477.9803700399346,PIT
315968400.83305913,00000000-0000-0000-0000-000000006800,OTHERS,1768.054875280518,429.96322690471567,PIT
315968400.83305913,00000000-0000-0000-0000-000000006955,OTHERS,1752.8271536886616,431.35313358806184,PIT
315968400.83305913,00000000-0000-0000-0000-000000006872,OTHERS,1761.1761055059194,483.1298384170142,PIT
315968400.83305913,00000000-0000-0000-0000-000000006857,OTHERS,1715.6506035140726,451.3119815561084,PIT
315968400.83305913,00000000-0000-0000-0000-000000006931,OTHERS,1771.9832675765756,425.10208664549225,PIT
315968400.83305913,00000000-0000-0000-0000-000000006391,OTHERS,1749.6948163051513,445.5568600978598,PIT
315968400.83305913,00000000-0000-0000-0000-000000006900,OTHERS,1754.4954471151611,477.3613474533997,PIT
315968400.83305913,00000000-0000-0000-0000-000000006981,AGENT,1751.714269140336,475.69936634169807,PIT
315968400.83305913,00000000-0000-0000-0000-000000006878,OTHERS,1711.1568383747885,446.6613083228002,PIT
315968400.83305913,00000000-0000-0000-0000-000000006845,OTHERS,1720.268468323291,454.93421750555353,PIT
315968400.83305913,00000000-0000-0000-0000-000000006860,OTHERS,1734.7245084397186,462.6711878544774,PIT
315968400.9141291,00000000-0000-0000-0000-000000000000,AV,1746.3836939033838,449.76880285242856,PIT
315968400.9141291,00000000-0000-0000-0000-000000006882,OTHERS,1760.5391001844685,488.7124824481393,PIT
315968400.9141291,00000000-0000-0000-0000-000000006799,OTHERS,1764.0933738208566,435.3571078976152,PIT
315968400.9141291,00000000-0000-0000-0000-000000006964,OTHERS,1754.2044037617713,440.3588370294725,PIT
315968400.9141291,00000000-0000-0000-0000-000000006982,OTHERS,1680.2415532152993,523.7606340823048,PIT
315968400.9141291,00000000-0000-0000-0000-000000006961,OTHERS,1747.4944653830514,477.90328483743264,PIT
315968400.9141291,00000000-0000-0000-0000-000000006800,OTHERS,1768.0080382274994,430.01580319165436,PIT
315968400.9141291,00000000-0000-0000-0000-000000006955,OTHERS,1752.9156073942415,431.3062393927168,PIT
315968400.9141291,00000000-0000-0000-0000-000000006872,OTHERS,1761.0193488324105,482.9951541720888,PIT
315968400.9141291,00000000-0000-0000-0000-000000006857,OTHERS,1715.6771376794327,451.3222863075825,PIT
315968400.9141291,00000000-0000-0000-0000-000000006931,OTHERS,1772.0344411818082,425.21137653124237,PIT
315968400.9141291,00000000-0000-0000-0000-000000006391,OTHERS,1749.6983815506592,445.55394077134775,PIT
315968400.9141291,00000000-0000-0000-0000-000000006900,OTHERS,1754.548053644965,477.35410930811065,PIT
315968400.9141291,00000000-0000-0000-0000-000000006981,AGENT,1751.7079603703905,475.4587904668203,PIT
315968400.9141291,00000000-0000-0000-0000-000000006878,OTHERS,1711.1520615391619,446.6731996721237,PIT
315968400.9141291,00000000-0000-0000-0000-000000006845,OTHERS,1720.2504194444773,454.9597493466771,PIT
315968400.9141291,00000000-0000-0000-0000-000000006860,OTHERS,1734.152186530979,462.1935677242482,PIT
315968401.01358896,00000000-0000-0000-0000-000000000000,AV,1746.3836348708514,449.76880867423984,PIT
315968401.01358896,00000000-0000-0000-0000-000000006882,OTHERS,1760.5412082008795,488.71317507108284,PIT
315968401.01358896,00000000-0000-0000-0000-000000006799,OTHERS,1764.0834557836815,435.4328158663186,PIT
315968401.01358896,00000000-0000-0000-0000-000000006964,OTHERS,1754.1545344887847,440.36485582379714,PIT
315968401.01358896,00000000-0000-0000-0000-000000006961,OTHERS,1747.5046422160376,477.87259608266663,PIT
315968401.01358896,00000000-0000-0000-0000-000000006800,OTHERS,1768.0235694412465,430.02769790241433,PIT
315968401.01358896,00000000-0000-0000-0000-000000006955,OTHERS,1753.1317139605114,431.1868109060348,PIT
315968401.01358896,00000000-0000-0000-0000-000000006872,OTHERS,1760.9963972328164,483.0840790151757,PIT
315968401.01358896,00000000-0000-0000-0000-000000006857,OTHERS,1715.676574590347,451.3870837994832,PIT
315968401.01358896,00000000-0000-0000-0000-000000006931,OTHERS,1772.0423859577334,425.3402200327878,PIT
315968401.01358896,00000000-0000-0000-0000-000000006391,OTHERS,1749.6997149166973,445.5577492045904,PIT
315968401.01358896,00000000-0000-0000-0000-000000006900,OTHERS,1754.5480536450104,477.35410930808337,PIT
315968401.01358896,00000000-0000-0000-0000-000000006981,AGENT,1751.6268491467495,475.3548929616384,PIT
315968401.01358896,00000000-0000-0000-0000-000000006878,OTHERS,1711.1446847146963,446.6754200298533,PIT
315968401.01358896,00000000-0000-0000-0000-000000006845,OTHERS,1720.2668354909015,454.9408954280098,PIT
315968401.01358896,00000000-0000-0000-0000-000000006860,OTHERS,1733.865949823835,461.5640478641765,PIT
315968401.12024146,00000000-0000-0000-0000-000000000000,AV,1746.3837115731126,449.7688481091504,PIT
315968401.12024146,00000000-0000-0000-0000-000000006882,OTHERS,1760.5302783367456,488.71521368661973,PIT
315968401.12024146,00000000-0000-0000-0000-000000006799,OTHERS,1764.1171519345776,435.3010640095612,PIT
315968401.12024146,00000000-0000-0000-0000-000000006845,OTHERS,1720.2666863606546,454.9343969303424,PIT
315968401.12024146,00000000-0000-0000-0000-000000006860,OTHERS,1733.408760930104,461.20926532612935,PIT
315968401.12024146,00000000-0000-0000-0000-000000006878,OTHERS,1711.2195384010824,447.2782329745377,PIT
315968401.12024146,00000000-0000-0000-0000-000000006800,OTHERS,1767.9972157818881,430.0626040818764,PIT
315968401.12024146,00000000-0000-0000-0000-000000006981,AGENT,1751.7087022173898,475.7294362730595,PIT
315968401.12024146,00000000-0000-0000-0000-000000006964,OTHERS,1754.132147939945,440.6637860629419,PIT
315968401.12024146,00000000-0000-0000-0000-000000006961,OTHERS,1747.55314470769,477.9324463537881,PIT
315968401.12024146,00000000-0000-0000-0000-000000006955,OTHERS,1753.4951267734534,431.1671920037552,PIT
315968401.12024146,00000000-0000-0000-0000-000000006872,OTHERS,1761.046747118526,482.8643701624302,PIT
315968401.12024146,00000000-0000-0000-0000-000000006857,OTHERS,1715.6087056562228,451.3230791279791,PIT
315968401.12024146,00000000-0000-0000-0000-000000006931,OTHERS,1772.0423859577247,425.3402200327803,PIT
315968401.12024146,00000000-0000-0000-0000-000000006391,OTHERS,1749.7004098307593,445.55775160534273,PIT
315968401.12024146,00000000-0000-0000-0000-000000006900,OTHERS,1754.5480536450564,477.35410930805716,PIT
315968401.22663283,00000000-0000-0000-0000-000000000000,AV,1746.3834983794054,449.7689810280342,PIT
315968401.22663283,00000000-0000-0000-0000-000000006882,OTHERS,1760.5440921758045,488.7247534936966,PIT
315968401.22663283,00000000-0000-0000-0000-000000006799,OTHERS,1764.0644679393051,435.425436352216,PIT
315968401.22663283,00000000-0000-0000-0000-000000006845,OTHERS,1720.2498211873444,454.9497817741158,PIT
315968401.22663283,00000000-0000-0000-0000-000000006860,OTHERS,1732.841415841286,460.7686275203058,PIT
315968401.22663283,00000000-0000-0000-0000-000000006878,OTHERS,1711.2429506256299,447.23205954443046,PIT
315968401.22663283,00000000-0000-0000-0000-000000006800,OTHERS,1768.0290293728478,429.98804860620896,PIT
315968401.22663283,00000000-0000-0000-0000-000000006981,AGENT,1751.7030865970542,475.7785931294111,PIT
315968401.22663283,00000000-0000-0000-0000-000000006991,OTHERS,1728.847289925511,477.6684391166457,PIT
315968401.22663283,00000000-0000-0000-0000-000000006964,OTHERS,1754.0442821920676,440.74611588112487,PIT
315968401.22663283,00000000-0000-0000-0000-000000006961,OTHERS,1747.5347683136997,477.8829250805787,PIT
315968401.22663283,00000000-0000-0000-0000-000000006955,OTHERS,1753.876008619746,431.05680203447577,PIT
315968401.22663283,00000000-0000-0000-0000-000000006872,OTHERS,1761.0811777338047,482.85062109928907,PIT
315968401.22663283,00000000-0000-0000-0000-000000006857,OTHERS,1715.6264623885754,451.3173197832666,PIT
315968401.22663283,00000000-0000-0000-0000-000000006931,OTHERS,1772.0423859577163,425.34022003277323,PIT
315968401.22663283,00000000-0000-0000-0000-000000006391,OTHERS,1749.6899843561712,445.5631186937098,PIT
315968401.22663283,00000000-0000-0000-0000-000000006994,OTHERS,1711.2584376050575,493.4072448328579,PIT
315968401.22663283,00000000-0000-0000-0000-000000006900,OTHERS,1754.5480536451041,477.35410930803147,PIT
315968401.33019066,00000000-0000-0000-0000-000000000000,AV,1746.3837569495754,449.7689126798528,PIT
315968401.33019066,00000000-0000-0000-0000-000000006882,OTHERS,1760.5584183751407,488.7565342661999,PIT
315968401.33019066,00000000-0000-0000-0000-000000006799,OTHERS,1764.05896106615,435.4294887304223,PIT
315968401.33019066,00000000-0000-0000-0000-000000006391,OTHERS,1749.688068777094,445.56059072304885,PIT
315968401.33019066,00000000-0000-0000-0000-000000006994,OTHERS,1710.9758991841006,493.62852929878136,PIT
315968401.33019066,00000000-0000-0000-0000-000000006878,OTHERS,1711.2194217796466,447.2444492177293,PIT
315968401.33019066,00000000-0000-0000-0000-000000006990,OTHERS,1728.8851943375748,477.6425563620259,PIT
315968401.33019066,00000000-0000-0000-0000-000000006981,AGENT,1751.0667156910877,475.4934203884776,PIT
315968401.33019066,00000000-0000-0000-0000-000000006991,OTHERS,1729.8578695457725,476.9173063434726,PIT
315968401.33019066,00000000-0000-0000-0000-000000006989,OTHERS,1752.3445423592707,428.11509965045127,PIT
315968401.33019066,00000000-0000-0000-0000-000000006845,OTHERS,1720.2434307937408,454.919954522914,PIT
315968401.33019066,00000000-0000-0000-0000-000000006860,OTHERS,1732.2262830150669,460.2562530124321,PIT
315968401.33019066,00000000-0000-0000-0000-000000006800,OTHERS,1768.0189236931158,430.05333323429113,PIT
315968401.33019066,00000000-0000-0000-0000-000000006964,OTHERS,1753.8715615273022,440.72334964814,PIT
315968401.33019066,00000000-0000-0000-0000-000000006961,OTHERS,1747.5182379468256,477.86152160064216,PIT
315968401.33019066,00000000-0000-0000-0000-000000006955,OTHERS,1754.249948393272,430.9201333681072,PIT
315968401.33019066,00000000-0000-0000-0000-000000006872,OTHERS,1761.0007104555978,482.8367019641974,PIT
315968401.33019066,00000000-0000-0000-0000-000000006857,OTHERS,1715.6583650073846,451.3250366190831,PIT
315968401.33019066,00000000-0000-0000-0000-000000006931,OTHERS,1772.0242336017684,424.9277143021994,PIT
315968401.4288718,00000000-0000-0000-0000-000000000000,AV,1746.3837764967825,449.7691433203572,PIT
315968401.4288718,00000000-0000-0000-0000-000000006882,OTHERS,1760.6017672282367,488.8103084055233,PIT
315968401.4288718,00000000-0000-0000-0000-000000006799,OTHERS,1764.0390520263738,435.4025685250354,PIT
315968401.4288718,00000000-0000-0000-0000-000000006391,OTHERS,1749.692409137223,445.56307389930885,PIT
315968401.4288718,00000000-0000-0000-0000-000000006994,OTHERS,1710.7962611831742,493.90595849261115,PIT
315968401.4288718,00000000-0000-0000-0000-000000006878,OTHERS,1711.2654810060058,446.95739232909966,PIT
315968401.4288718,00000000-0000-0000-0000-000000006981,AGENT,1750.7605176406335,475.2239146349451,PIT
315968401.4288718,00000000-0000-0000-0000-000000006989,OTHERS,1752.3445423592707,428.11509965045127,PIT
315968401.4288718,00000000-0000-0000-0000-000000006955,OTHERS,1754.4053442604306,430.9997906183825,PIT
315968401.4288718,00000000-0000-0000-0000-000000006845,OTHERS,1720.2568205612604,454.9478673628091,PIT
315968401.4288718,00000000-0000-0000-0000-000000006860,OTHERS,1731.5886093959064,459.72083038492724,PIT
315968401.4288718,00000000-0000-0000-0000-000000006990,OTHERS,1729.8754348289642,476.9317834012837,PIT
315968401.4288718,00000000-0000-0000-0000-000000006800,OTHERS,1768.0129909454165,430.06155130646965,PIT
315968401.4288718,00000000-0000-0000-0000-000000006995,OTHERS,1703.2174170022101,506.0919353319768,PIT
315968401.4288718,00000000-0000-0000-0000-000000006964,OTHERS,1753.9289343189405,440.875509480409,PIT
315968401.4288718,00000000-0000-0000-0000-000000006961,OTHERS,1747.4371353744614,477.94969100910623,PIT
315968401.4288718,00000000-0000-0000-0000-000000006872,OTHERS,1760.9266736756451,482.7144448740917,PIT
315968401.4288718,00000000-0000-0000-0000-000000006857,OTHERS,1715.6035129645481,451.3099513776701,PIT
315968401.4288718,00000000-0000-0000-0000-000000006931,OTHERS,1771.9638812588041,425.2088517339039,PIT
315968401.53280085,00000000-0000-0000-0000-000000000000,AV,1746.3838940317958,449.76953869733575,PIT
315968401.53280085,00000000-0000-0000-0000-000000006882,OTHERS,1760.5316789646838,488.710711429948,PIT
315968401.53280085,00000000-0000-0000-0000-000000006799,OTHERS,1764.0989078667026,435.29939439319395,PIT
315968401.53280085,00000000-0000-0000-0000-000000006391,OTHERS,1749.6829860787445,445.5582334486898,PIT
315968401.53280085,00000000-0000-0000-0000-000000006994,OTHERS,1710.5637474564264,494.1960465929912,PIT
315968401.53280085,00000000-0000-0000-0000-000000006878,OTHERS,1711.0911339996094,446.65670532806456,PIT
315968401.53280085,00000000-0000-0000-0000-000000006981,AGENT,1750.4528053096392,474.8951115229095,PIT
315968401.53280085,00000000-0000-0000-0000-000000006872,OTHERS,1760.920868203946,482.62584069073205,PIT
315968401.53280085,00000000-0000-0000-0000-000000006857,OTHERS,1715.7073085871484,451.3444613891133,PIT
315968401.53280085,00000000-0000-0000-0000-000000006931,OTHERS,1772.0197782439166,425.1485357104488,PIT
315968401.53280085,00000000-0000-0000-0000-000000006989,OTHERS,1752.3445423592707,428.11509965045127,PIT
315968401.53280085,00000000-0000-0000-0000-000000006845,OTHERS,1720.2588606664374,454.94434653123625,PIT
315968401.53280085,00000000-0000-0000-0000-000000006860,OTHERS,1730.502954529726,459.30041696647277,PIT
315968401.53280085,00000000-0000-0000-0000-000000006999,OTHERS,1788.871639261885,405.4725638293595,PIT
315968401.53280085,00000000-0000-0000-0000-000000006955,OTHERS,1754.9160018877587,430.76337949613577,PIT
315968401.53280085,00000000-0000-0000-0000-000000006990,OTHERS,1729.898950322702,476.8773719481218,PIT
315968401.53280085,00000000-0000-0000-0000-000000006800,OTHERS,1768.0578128934244,429.9558586159265,PIT
315968401.53280085,00000000-0000-0000-0000-000000006986,OTHERS,1752.911991033409,466.6376824935872,PIT
315968401.53280085,00000000-0000-0000-0000-000000006995,OTHERS,1703.3279687717315,506.2209446546376,PIT
315968401.53280085,00000000-0000-0000-0000-000000006964,OTHERS,1753.7865572900591,440.97694175419645,PIT
315968401.53280085,00000000-0000-0000-0000-000000006961,OTHERS,1747.492433197889,477.8612273200504,PIT
315968401.53280085,00000000-0000-0000-0000-000000006993,OTHERS,1728.0107788626403,479.008676894867,PIT
315968401.6258567,00000000-0000-0000-0000-000000000000,AV,1746.3843756138824,449.7697304350967,PIT
315968401.6258567,00000000-0000-0000-0000-000000006882,OTHERS,1760.4956337728995,488.6915124510399,PIT
315968401.6258567,00000000-0000-0000-0000-000000006799,OTHERS,1764.0228011780555,435.4102237174726,PIT
315968401.6258567,00000000-0000-0000-0000-000000006845,OTHERS,1720.2706452052066,454.95461584934196,PIT
315968401.6258567,00000000-0000-0000-0000-000000006860,OTHERS,1729.799362717325,458.7314794519367,PIT
315968401.6258567,00000000-0000-0000-0000-000000006391,OTHERS,1749.6991455629718,445.5481285767849,PIT
315968401.6258567,00000000-0000-0000-0000-000000006994,OTHERS,1710.3966088340715,494.44357054935034,PIT
315968401.6258567,00000000-0000-0000-0000-000000006878,OTHERS,1711.1292610088838,446.6575772736151,PIT
315968401.6258567,00000000-0000-0000-0000-000000006990,OTHERS,1729.8710014087344,476.92512090708107,PIT
315968401.6258567,00000000-0000-0000-0000-000000006981,AGENT,1750.2452836691846,474.6072330029581,PIT
315968401.6258567,00000000-0000-0000-0000-000000006999,OTHERS,1789.0897060930233,405.5304987050832,PIT
315968401.6258567,00000000-0000-0000-0000-000000006955,OTHERS,1755.1329407307392,430.71544446967835,PIT
315968401.6258567,00000000-0000-0000-0000-000000006800,OTHERS,1768.0791504192373,429.88752395491684,PIT
315968401.6258567,00000000-0000-0000-0000-000000006986,OTHERS,1752.7351558638538,466.51967016678566,PIT
315968401.6258567,00000000-0000-0000-0000-000000006995,OTHERS,1703.1846245450995,506.35895070037554,PIT
315968401.6258567,00000000-0000-0000-0000-000000006964,OTHERS,1753.7429781114881,440.9288904395832,PIT
315968401.6258567,00000000-0000-0000-0000-000000006961,OTHERS,1747.4421525654202,477.8331053236946,PIT
315968401.6258567,00000000-0000-0000-0000-000000006993,OTHERS,1728.0107788626403,479.008676894867,PIT
315968401.6258567,00000000-0000-0000-0000-000000006872,OTHERS,1761.030283589858,482.5853302420865,PIT
315968401.6258567,00000000-0000-0000-0000-000000006857,OTHERS,1715.6848518622805,451.33452854071237,PIT
315968401.6258567,00000000-0000-0000-0000-000000006931,OTHERS,1772.0197782438765,425.1485357104122,PIT
315968401.7353504,00000000-0000-0000-0000-000000000000,AV,1746.3841600125158,449.7697077170528,PIT
315968401.7353504,00000000-0000-0000-0000-000000006882,OTHERS,1760.5155892656678,488.71902575567975,PIT
315968401.7353504,00000000-0000-0000-0000-000000006799,OTHERS,1764.066250847606,435.39055548430804,PIT
315968401.7353504,00000000-0000-0000-0000-000000006845,OTHERS,1720.2798337192346,454.92491435169705,PIT
315968401.7353504,00000000-0000-0000-0000-000000006860,OTHERS,1729.1021009039032,458.1613116655658,PIT
315968401.7353504,00000000-0000-0000-0000-000000006391,OTHERS,1749.6949110502405,445.56705125700796,PIT
315968401.7353504,00000000-0000-0000-0000-000000006994,OTHERS,1710.1594973416352,494.6629096305859,PIT
315968401.7353504,00000000-0000-0000-0000-000000006878,OTHERS,1711.1867476101718,447.17609280460715,PIT
315968401.7353504,00000000-0000-0000-0000-000000006990,OTHERS,1729.8552661566846,476.93619259076604,PIT
315968401.7353504,00000000-0000-0000-0000-000000006981,AGENT,1749.8441978783096,474.2322484745826,PIT
315968401.7353504,00000000-0000-0000-0000-000000006999,OTHERS,1789.2057737544073,405.5497439348906,PIT
315968401.7353504,00000000-0000-0000-0000-000000006955,OTHERS,1755.5867508231506,430.5426066642677,PIT
315968401.7353504,00000000-0000-0000-0000-000000006800,OTHERS,1768.0133618777454,429.97197670147386,PIT
315968401.7353504,00000000-0000-0000-0000-000000006986,OTHERS,1752.6066881800166,466.4250924924245,PIT
315968401.7353504,00000000-0000-0000-0000-000000006995,OTHERS,1703.1723800113932,506.4106973968782,PIT
315968401.7353504,00000000-0000-0000-0000-000000006964,OTHERS,1753.7215054574694,441.07874117665085,PIT
315968401.7353504,00000000-0000-0000-0000-000000006961,OTHERS,1747.4505053087976,477.80501682809546,PIT
315968401.7353504,00000000-0000-0000-0000-000000006993,OTHERS,1728.0107788626403,479.008676894867,PIT
315968401.7353504,00000000-0000-0000-0000-000000006872,OTHERS,1760.950390357335,482.4807437140888,PIT
315968401.7353504,00000000-0000-0000-0000-000000006857,OTHERS,1715.6456137788562,451.31905430667024,PIT
315968401.7353504,00000000-0000-0000-0000-000000006931,OTHERS,1772.0197782438345,425.14853571037287,PIT
315968401.82988924,00000000-0000-0000-0000-000000000000,AV,1746.3845885916367,449.7697609520334,PIT
315968401.82988924,00000000-0000-0000-0000-000000006882,OTHERS,1760.4550457127245,488.66090907944334,PIT
315968401.82988924,00000000-0000-0000-0000-000000006799,OTHERS,1764.0650751882215,435.431975324393,PIT
315968401.82988924,00000000-0000-0000-0000-000000006845,OTHERS,1720.2766539790914,454.9513173009248,PIT
315968401.82988924,00000000-0000-0000-0000-000000006860,OTHERS,1728.899690626188,457.5067288072731,PIT
315968401.82988924,00000000-0000-0000-0000-000000006391,OTHERS,1749.6975279431424,445.56102722293366,PIT
315968401.82988924,00000000-0000-0000-0000-000000006994,OTHERS,1709.9476310753905,494.93370364666396,PIT
315968401.82988924,00000000-0000-0000-0000-000000006878,OTHERS,1711.2223575450732,446.78830269074456,PIT
315968401.82988924,00000000-0000-0000-0000-000000006999,OTHERS,1789.2057737544073,405.5497439348906,PIT
315968401.82988924,00000000-0000-0000-0000-000000006955,OTHERS,1756.103481503092,430.3319384345056,PIT
315968401.82988924,00000000-0000-0000-0000-000000006990,OTHERS,1729.89268164365,476.9040421356363,PIT
315968401.82988924,00000000-0000-0000-0000-000000006981,AGENT,1749.4246136821466,473.9002163277253,PIT
315968401.82988924,00000000-0000-0000-0000-000000006800,OTHERS,1768.036154942366,429.95930022849717,PIT
315968401.82988924,00000000-0000-0000-0000-000000006986,OTHERS,1752.4976712733123,466.290045683008,PIT
315968401.82988924,00000000-0000-0000-0000-000000006995,OTHERS,1702.923585598601,506.6150494445543,PIT
315968401.82988924,00000000-0000-0000-0000-000000006964,OTHERS,1753.6740429856889,440.9034326029959,PIT
315968401.82988924,00000000-0000-0000-0000-000000006961,OTHERS,1747.2054921835725,477.65645253577554,PIT
315968401.82988924,00000000-0000-0000-0000-000000006872,OTHERS,1760.7363878852743,482.48101920386523,PIT
315968401.82988924,00000000-0000-0000-0000-000000006857,OTHERS,1715.6536436442816,451.3183541344618,PIT
315968401.82988924,00000000-0000-0000-0000-000000006931,OTHERS,1771.8756428057764,424.98976328121086,PIT
315968401.93050516,00000000-0000-0000-0000-000000000000,AV,1746.384536469158,449.7697713537714,PIT
315968401.93050516,00000000-0000-0000-0000-000000006882,OTHERS,1760.4047274292334,488.6650175508067,PIT
315968401.93050516,00000000-0000-0000-0000-000000006799,OTHERS,1764.0787609585548,435.40372268805845,PIT
315968401.93050516,00000000-0000-0000-0000-000000006845,OTHERS,1720.1305096495214,454.71123145892636,PIT
315968401.93050516,00000000-0000-0000-0000-000000006860,OTHERS,1728.181651121008,456.8550768330361,PIT
315968401.93050516,00000000-0000-0000-0000-000000006391,OTHERS,1749.7072818661509,445.5535439793491,PIT
315968401.93050516,00000000-0000-0000-0000-000000006994,OTHERS,1709.662281362885,495.14510967450343,PIT
315968401.93050516,00000000-0000-0000-0000-000000006878,OTHERS,1711.1971686239785,447.22155273639015,PIT
315968401.93050516,00000000-0000-0000-0000-000000006981,AGENT,1749.1908266939756,473.847085072492,PIT
315968401.93050516,00000000-0000-0000-0000-000000006999,OTHERS,1789.2057737544073,405.5497439348906,PIT
315968401.93050516,00000000-0000-0000-0000-000000007002,OTHERS,1700.64664876418,504.0208790224961,PIT
315968401.93050516,00000000-0000-0000-0000-000000006955,OTHERS,1756.522279845215,430.02236039828745,PIT
315968401.93050516,00000000-0000-0000-0000-000000006990,OTHERS,1729.8641355482134,476.91886641651007,PIT
315968401.93050516,00000000-0000-0000-0000-000000006800,OTHERS,1768.001867259906,430.0530106104141,PIT
315968401.93050516,00000000-0000-0000-0000-000000006986,OTHERS,1752.3280070736057,466.1492049971472,PIT
315968401.93050516,00000000-0000-0000-0000-000000006995,OTHERS,1702.7581930826975,506.71131353079085,PIT
315968401.93050516,00000000-0000-0000-0000-000000006964,OTHERS,1753.7075282652265,441.0517782008558,PIT
315968401.93050516,00000000-0000-0000-0000-000000006961,OTHERS,1747.0230692265027,477.59682359079727,PIT
315968401.93050516,00000000-0000-0000-0000-000000006872,OTHERS,1760.5671741428964,482.39877438656526,PIT
315968401.93050516,00000000-0000-0000-0000-000000006857,OTHERS,1715.6414124668906,451.33900642814825,PIT
315968401.93050516,00000000-0000-0000-0000-000000006931,OTHERS,1771.867429983178,425.0794780558568,PIT
315968402.03076446,00000000-0000-0000-0000-000000000000,AV,1746.3846388176714,449.76976829486773,PIT
315968402.03076446,00000000-0000-0000-0000-000000006882,OTHERS,1760.3827789981094,488.6481999834418,PIT
315968402.03076446,00000000-0000-0000-0000-000000006799,OTHERS,1764.0713840740573,435.3433994878444,PIT
315968402.03076446,00000000-0000-0000-0000-000000006845,OTHERS,1720.0760413197836,454.467989767312,PIT
315968402.03076446,00000000-0000-0000-0000-000000006860,OTHERS,1727.5051320708808,456.3639948291673,PIT
315968402.03076446,00000000-0000-0000-0000-000000006391,OTHERS,1749.6915050873633,445.56084694114287,PIT
315968402.03076446,00000000-0000-0000-0000-000000006994,OTHERS,1709.4642042363555,495.4146593697215,PIT
315968402.03076446,00000000-0000-0000-0000-000000006878,OTHERS,1711.2037194793716,447.1836872610993,PIT
315968402.03076446,00000000-0000-0000-0000-000000006981,AGENT,1748.910179449364,473.6827030660801,PIT
315968402.03076446,00000000-0000-0000-0000-000000006955,OTHERS,1757.033770897052,429.6720896839283,PIT
315968402.03076446,00000000-0000-0000-0000-000000006999,OTHERS,1789.2057737544073,405.5497439348906,PIT
315968402.03076446,00000000-0000-0000-0000-000000007002,OTHERS,1700.64664876418,504.0208790224961,PIT
315968402.03076446,00000000-0000-0000-0000-000000006872,OTHERS,1760.4443589206116,482.25437719948525,PIT
315968402.03076446,00000000-0000-0000-0000-000000006857,OTHERS,1715.656017048788,451.34591201550535,PIT
315968402.03076446,00000000-0000-0000-0000-000000006931,OTHERS,1772.0990172166848,425.1319727509014,PIT
315968402.03076446,00000000-0000-0000-0000-000000006990,OTHERS,1729.8939563368579,476.8957896859776,PIT
315968402.03076446,00000000-0000-0000-0000-000000006800,OTHERS,1768.0255422835035,429.9632120790553,PIT
315968402.03076446,00000000-0000-0000-0000-000000006986,OTHERS,1752.2506421824944,466.0491797418368,PIT
315968402.03076446,00000000-0000-0000-0000-000000006995,OTHERS,1702.6657432026038,506.81229260054886,PIT
315968402.03076446,00000000-0000-0000-0000-000000006964,OTHERS,1753.7497687439236,440.89880239741694,PIT
315968402.03076446,00000000-0000-0000-0000-000000006961,OTHERS,1746.9844558077593,477.5908540532032,PIT
315968402.13724124,00000000-0000-0000-0000-000000000000,AV,1746.3847496957446,449.769701911766,PIT
315968402.13724124,00000000-0000-0000-0000-000000006882,OTHERS,1760.367652731895,488.59085098416534,PIT
315968402.13724124,00000000-0000-0000-0000-000000006799,OTHERS,1764.1043781698984,435.4009202668129,PIT
315968402.13724124,00000000-0000-0000-0000-000000006845,OTHERS,1719.6724306822532,454.0081258352873,PIT
315968402.13724124,00000000-0000-0000-0000-000000006860,OTHERS,1726.7572934656355,455.7460957129096,PIT
315968402.13724124,00000000-0000-0000-0000-000000006391,OTHERS,1749.6876114979204,445.5697315996673,PIT
315968402.13724124,00000000-0000-0000-0000-000000006994,OTHERS,1709.2616458439106,495.69665077035324,PIT
315968402.13724124,00000000-0000-0000-0000-000000006878,OTHERS,1711.3194541756989,447.0009978486039,PIT
315968402.13724124,00000000-0000-0000-0000-000000006981,AGENT,1748.0559679549012,473.0929572299334,PIT
315968402.13724124,00000000-0000-0000-0000-000000006955,OTHERS,1756.6328050506463,429.8583748002456,PIT
315968402.13724124,00000000-0000-0000-0000-000000007002,OTHERS,1700.64664876418,504.0208790224961,PIT
315968402.13724124,00000000-0000-0000-0000-000000006872,OTHERS,1760.3402473293665,482.1616603656653,PIT
315968402.13724124,00000000-0000-0000-0000-000000006857,OTHERS,1715.6533440755136,451.3154265443583,PIT
315968402.13724124,00000000-0000-0000-0000-000000006931,OTHERS,1771.9310369340296,425.2836777389948,PIT
315968402.13724124,00000000-0000-0000-0000-000000007005,OTHERS,1728.0026438028049,479.02574936106436,PIT
315968402.13724124,00000000-0000-0000-0000-000000006990,OTHERS,1729.8921159133672,476.8864031276137,PIT
315968402.13724124,00000000-0000-0000-0000-000000006800,OTHERS,1768.0198023139303,430.0453832424322,PIT
315968402.13724124,00000000-0000-0000-0000-000000006986,OTHERS,1752.0632894507846,465.9211663434237,PIT
315968402.13724124,00000000-0000-0000-0000-000000006995,OTHERS,1702.549688570658,507.0144977692528,PIT
315968402.13724124,00000000-0000-0000-0000-000000006964,OTHERS,1753.7256296498263,440.99394020037437,PIT
315968402.13724124,00000000-0000-0000-0000-000000006961,OTHERS,1746.9898001373767,477.549430903485,PIT
315968402.2387869,00000000-0000-0000-0000-000000000000,AV,1746.384915957103,449.76986336431094,PIT
315968402.2387869,00000000-0000-0000-0000-000000006882,OTHERS,1760.3768997130312,488.6397408300949,PIT
315968402.2387869,00000000-0000-0000-0000-000000006799,OTHERS,1764.0811852038453,435.4280986675869,PIT
315968402.2387869,00000000-0000-0000-0000-000000006845,OTHERS,1718.6686945268698,453.07215242771287,PIT
315968402.2387869,00000000-0000-0000-0000-000000006860,OTHERS,1725.9924217163489,455.1342612818791,PIT
315968402.2387869,00000000-0000-0000-0000-000000006391,OTHERS,1749.7008945009388,445.5521644689667,PIT
315968402.2387869,00000000-0000-0000-0000-000000006994,OTHERS,1708.9989649275146,495.9097011792283,PIT
315968402.2387869,00000000-0000-0000-0000-000000006878,OTHERS,1711.1850905517394,447.1907859368563,PIT
315968402.2387869,00000000-0000-0000-0000-000000006981,AGENT,1747.8096615584375,472.86439762866837,PIT
315968402.2387869,00000000-0000-0000-0000-000000007002,OTHERS,1700.64664876418,504.0208790224961,PIT
315968402.2387869,00000000-0000-0000-0000-000000006955,OTHERS,1757.2192628687558,429.39443165508584,PIT
315968402.2387869,00000000-0000-0000-0000-000000007008,OTHERS,1729.4291607412015,478.5809048368727,PIT
315968402.2387869,00000000-0000-0000-0000-000000006990,OTHERS,1729.8522581487439,476.9582092797488,PIT
315968402.2387869,00000000-0000-0000-0000-000000006800,OTHERS,1767.9864505341993,430.07054208762366,PIT
315968402.2387869,00000000-0000-0000-0000-000000006986,OTHERS,1752.0081241688556,465.7979759093917,PIT
315968402.2387869,00000000-0000-0000-0000-000000006995,OTHERS,1702.4127383800244,507.1781073598312,PIT
315968402.2387869,00000000-0000-0000-0000-000000006964,OTHERS,1753.7154645996895,441.04640717792506,PIT
315968402.2387869,00000000-0000-0000-0000-000000006961,OTHERS,1746.9941316863653,477.5952583342842,PIT
315968402.2387869,00000000-0000-0000-0000-000000006872,OTHERS,1760.2051885632948,482.0629590036248,PIT
315968402.2387869,00000000-0000-0000-0000-000000006857,OTHERS,1715.6892020609052,451.36120490417983,PIT
315968402.2387869,00000000-0000-0000-0000-000000007005,OTHERS,1728.0026438028049,479.02574936106436,PIT
315968402.2387869,00000000-0000-0000-0000-000000006931,OTHERS,1771.9310369340485,425.2836777390179,PIT
315968402.3407522,00000000-0000-0000-0000-000000000000,AV,1746.3848398086639,449.7697263029103,PIT
315968402.3407522,00000000-0000-0000-0000-000000006882,OTHERS,1760.4198392857265,488.6654108174938,PIT
315968402.3407522,00000000-0000-0000-0000-000000006799,OTHERS,1764.1278432650195,435.2763492146742,PIT
315968402.3407522,00000000-0000-0000-0000-000000006845,OTHERS,1718.6686945268618,453.072152427706,PIT
315968402.3407522,00000000-0000-0000-0000-000000006860,OTHERS,1725.2044347261915,454.49330029680465,PIT
315968402.3407522,00000000-0000-0000-0000-000000006391,OTHERS,1749.6672095841202,445.580961472904,PIT
315968402.3407522,00000000-0000-0000-0000-000000006994,OTHERS,1708.790321348677,496.2066167117897,PIT
315968402.3407522,00000000-0000-0000-0000-000000006878,OTHERS,1711.164511680903,446.659152726582,PIT
315968402.3407522,00000000-0000-0000-0000-000000006990,OTHERS,1729.8522581487439,476.9582092797488,PIT
315968402.3407522,00000000-0000-0000-0000-000000006981,AGENT,1747.5042250199156,472.5126257707568,PIT
315968402.3407522,00000000-0000-0000-0000-000000007008,OTHERS,1729.4291607412015,478.5809048368727,PIT
315968402.3407522,00000000-0000-0000-0000-000000006800,OTHERS,1768.0083554270652,429.9905538041967,PIT
315968402.3407522,00000000-0000-0000-0000-000000006986,OTHERS,1751.816516020881,465.6418885592626,PIT
315968402.3407522,00000000-0000-0000-0000-000000006995,OTHERS,1702.3372420728886,507.35878163612114,PIT
315968402.3407522,00000000-0000-0000-0000-000000006964,OTHERS,1753.7616435249947,440.8435583113338,PIT
315968402.3407522,00000000-0000-0000-0000-000000006961,OTHERS,1746.8610226602555,477.65700813975525,PIT
315968402.3407522,00000000-0000-0000-0000-000000006955,OTHERS,1757.7450151874384,429.04713786573586,PIT
315968402.3407522,00000000-0000-0000-0000-000000006872,OTHERS,1760.0592852233633,481.9033317935962,PIT
315968402.3407522,00000000-0000-0000-0000-000000006857,OTHERS,1715.677806297232,451.2200781901976,PIT
315968402.3407522,00000000-0000-0000-0000-000000007005,OTHERS,1728.0026438028049,479.02574936106436,PIT
315968402.3407522,00000000-0000-0000-0000-000000006931,OTHERS,1772.1162255544016,425.38019652067896,PIT
315968402.43824065,00000000-0000-0000-0000-000000000000,AV,1746.3849889046198,449.76958240672536,PIT
315968402.43824065,00000000-0000-0000-0000-000000006882,OTHERS,1760.4948461648678,488.7853632109512,PIT
315968402.43824065,00000000-0000-0000-0000-000000006799,OTHERS,1764.0492067632492,435.40553944880963,PIT
315968402.43824065,00000000-0000-0000-0000-000000006845,OTHERS,1720.8302868822934,455.8024653170729,PIT
315968402.43824065,00000000-0000-0000-0000-000000006860,OTHERS,1724.5265976546748,453.8715438449138,PIT
315968402.43824065,00000000-0000-0000-0000-000000006391,OTHERS,1749.6957659377201,445.56494810317116,PIT
315968402.43824065,00000000-0000-0000-0000-000000006994,OTHERS,1708.5707790734687,496.3997791394705,PIT
315968402.43824065,00000000-0000-0000-0000-000000006878,OTHERS,1711.1619004094696,447.21093456618576,PIT
315968402.43824065,00000000-0000-0000-0000-000000006990,OTHERS,1729.8648416789401,476.9376943347788,PIT
315968402.43824065,00000000-0000-0000-0000-000000006981,AGENT,1747.19359442427,472.2915443021538,PIT
315968402.43824065,00000000-0000-0000-0000-000000007008,OTHERS,1729.4348910593255,478.5302988481082,PIT
315968402.43824065,00000000-0000-0000-0000-000000006800,OTHERS,1768.054556426903,429.9728842051778,PIT
315968402.43824065,00000000-0000-0000-0000-000000006986,OTHERS,1751.6976706095904,465.5046868588925,PIT
315968402.43824065,00000000-0000-0000-0000-000000006995,OTHERS,1702.2317491637525,507.56973319100234,PIT
315968402.43824065,00000000-0000-0000-0000-000000006964,OTHERS,1753.6691019602724,440.910363058774,PIT
315968402.43824065,00000000-0000-0000-0000-000000006961,OTHERS,1746.902735738885,477.6781465015043,PIT
315968402.43824065,00000000-0000-0000-0000-000000007009,OTHERS,1699.2530851361985,505.66839586065765,PIT
315968402.43824065,00000000-0000-0000-0000-000000006955,OTHERS,1758.2243136860916,428.65298338149137,PIT
315968402.43824065,00000000-0000-0000-0000-000000006872,OTHERS,1759.880567019265,481.73701636698576,PIT
315968402.43824065,00000000-0000-0000-0000-000000006857,OTHERS,1715.5663733338051,451.1500076603904,PIT
315968402.43824065,00000000-0000-0000-0000-000000006931,OTHERS,1772.0251685620187,425.1594156038157,PIT
315968402.54401976,00000000-0000-0000-0000-000000000000,AV,1746.384948806975,449.7692919603535,PIT
315968402.54401976,00000000-0000-0000-0000-000000006882,OTHERS,1760.4058723345538,488.7453033260652,PIT
315968402.54401976,00000000-0000-0000-0000-000000006799,OTHERS,1764.0424619014354,435.3028934945859,PIT
315968402.54401976,00000000-0000-0000-0000-000000006845,OTHERS,1720.8996219468186,455.78272937932195,PIT
315968402.54401976,00000000-0000-0000-0000-000000006860,OTHERS,1723.782651610905,453.2801686804805,PIT
315968402.54401976,00000000-0000-0000-0000-000000006391,OTHERS,1749.6917077679113,445.56566981036974,PIT
315968402.54401976,00000000-0000-0000-0000-000000006994,OTHERS,1708.288801652263,496.6926231747958,PIT
315968402.54401976,00000000-0000-0000-0000-000000006878,OTHERS,1711.085348569437,446.62312313138426,PIT
315968402.54401976,00000000-0000-0000-0000-000000006990,OTHERS,1729.8965146608102,476.8992799987847,PIT
315968402.54401976,00000000-0000-0000-0000-000000006981,AGENT,1746.8807137688425,472.0323266859572,PIT
315968402.54401976,00000000-0000-0000-0000-000000007008,OTHERS,1729.4348910593255,478.5302988481082,PIT
315968402.54401976,00000000-0000-0000-0000-000000006800,OTHERS,1768.1063220845263,429.87979388045153,PIT
315968402.54401976,00000000-0000-0000-0000-000000006986,OTHERS,1751.5425177043594,465.42828728029707,PIT
315968402.54401976,00000000-0000-0000-0000-000000006995,OTHERS,1702.1071109409604,507.81666251717024,PIT
315968402.54401976,00000000-0000-0000-0000-000000006964,OTHERS,1753.7111969771704,440.92750749762916,PIT
315968402.54401976,00000000-0000-0000-0000-000000006961,OTHERS,1747.4858210172683,478.11538089744096,PIT
315968402.54401976,00000000-0000-0000-0000-000000007009,OTHERS,1698.937572056921,505.9994099547839,PIT
315968402.54401976,00000000-0000-0000-0000-000000006955,OTHERS,1758.8770452803603,428.23603170788283,PIT
315968402.54401976,00000000-0000-0000-0000-000000006872,OTHERS,1759.7421046473255,481.6076119484626,PIT
315968402.54401976,00000000-0000-0000-0000-000000006857,OTHERS,1715.4261735645182,450.9321243171116,PIT
315968402.54401976,00000000-0000-0000-0000-000000006931,OTHERS,1772.1259439471005,425.4317698387514,PIT
315968402.63304347,00000000-0000-0000-0000-000000000000,AV,1746.3848783819876,449.7694233192717,PIT
315968402.63304347,00000000-0000-0000-0000-000000006882,OTHERS,1760.4421057013153,488.81639401969596,PIT
315968402.63304347,00000000-0000-0000-0000-000000006799,OTHERS,1763.9929485836026,435.36869762226286,PIT
315968402.63304347,00000000-0000-0000-0000-000000006845,OTHERS,1720.8703119330496,455.660336551854,PIT
315968402.63304347,00000000-0000-0000-0000-000000006860,OTHERS,1722.9992647915076,452.6840566235932,PIT
315968402.63304347,00000000-0000-0000-0000-000000006391,OTHERS,1749.686996588203,445.5783334039004,PIT
315968402.63304347,00000000-0000-0000-0000-000000006994,OTHERS,1708.1361324521054,496.99625114163877,PIT
315968402.63304347,00000000-0000-0000-0000-000000006878,OTHERS,1711.1056952776316,446.6953557949929,PIT
315968402.63304347,00000000-0000-0000-0000-000000006990,OTHERS,1729.8965146608102,476.8992799987847,PIT
315968402.63304347,00000000-0000-0000-0000-000000006981,AGENT,1746.4665540925555,471.658963100612,PIT
315968402.63304347,00000000-0000-0000-0000-000000007008,OTHERS,1729.4348910593255,478.5302988481082,PIT
315968402.63304347,00000000-0000-0000-0000-000000006800,OTHERS,1768.0182668050281,429.9806243716466,PIT
315968402.63304347,00000000-0000-0000-0000-000000006986,OTHERS,1751.5425177043594,465.42828728029707,PIT
315968402.63304347,00000000-0000-0000-0000-000000006995,OTHERS,1701.9270661795865,507.93898722856903,PIT
315968402.63304347,00000000-0000-0000-0000-000000006964,OTHERS,1753.7612554370533,440.89147162951514,PIT
315968402.63304347,00000000-0000-0000-0000-000000006961,OTHERS,1748.3250811985388,478.5808799987065,PIT
315968402.63304347,00000000-0000-0000-0000-000000007009,OTHERS,1698.7562337509928,506.3122700692145,PIT
315968402.63304347,00000000-0000-0000-0000-000000006955,OTHERS,1759.3591758984967,427.8192381058187,PIT
315968402.63304347,00000000-0000-0000-0000-000000006872,OTHERS,1759.5531607017983,481.5033036992917,PIT
315968402.63304347,00000000-0000-0000-0000-000000006857,OTHERS,1715.0970362318951,450.3628648306008,PIT
315968402.63304347,00000000-0000-0000-0000-000000006931,OTHERS,1770.8747857438364,425.96579135829245,PIT
315968402.72905964,00000000-0000-0000-0000-000000000000,AV,1746.384949913732,449.76939804961967,PIT
315968402.72905964,00000000-0000-0000-0000-000000006882,OTHERS,1760.253604805153,488.7761155121751,PIT
315968402.72905964,00000000-0000-0000-0000-000000006799,OTHERS,1764.0715269247337,435.4015505179837,PIT
315968402.72905964,00000000-0000-0000-0000-000000006845,OTHERS,1720.7579456871745,455.44129619514035,PIT
315968402.72905964,00000000-0000-0000-0000-000000006860,OTHERS,1722.39579142302,452.0615211966931,PIT
315968402.72905964,00000000-0000-0000-0000-000000006391,OTHERS,1749.6781687286305,445.5696576925344,PIT
315968402.72905964,00000000-0000-0000-0000-000000006994,OTHERS,1707.9244933161053,497.1837732773954,PIT
315968402.72905964,00000000-0000-0000-0000-000000006990,OTHERS,1729.8541496356333,476.9053314506217,PIT
315968402.72905964,00000000-0000-0000-0000-000000006981,AGENT,1746.0145010688498,471.27365208374715,PIT
315968402.72905964,00000000-0000-0000-0000-000000006800,OTHERS,1768.1000404797394,429.8756724771725,PIT
315968402.72905964,00000000-0000-0000-0000-000000006986,OTHERS,1751.255870937698,465.1656732828408,PIT
315968402.72905964,00000000-0000-0000-0000-000000006995,OTHERS,1701.8080111973104,508.2197552445888,PIT
315968402.72905964,00000000-0000-0000-0000-000000006964,OTHERS,1753.780013198166,440.87281197500886,PIT
315968402.72905964,00000000-0000-0000-0000-000000006961,OTHERS,1748.3543015066336,478.52999644965104,PIT
315968402.72905964,00000000-0000-0000-0000-000000007009,OTHERS,1698.567436815036,506.59348512026423,PIT
315968402.72905964,00000000-0000-0000-0000-000000006955,OTHERS,1759.624579602648,427.18461004923483,PIT
315968402.72905964,00000000-0000-0000-0000-000000006872,OTHERS,1759.4088395105468,481.28071793361687,PIT
315968402.72905964,00000000-0000-0000-0000-000000006857,OTHERS,1715.0970362318826,450.3628648305165,PIT
315968402.72905964,00000000-0000-0000-0000-000000006931,OTHERS,1771.9956260956644,425.1892785800843,PIT
315968402.72905964,00000000-0000-0000-0000-000000006878,OTHERS,1711.2330921769387,447.26295512001747,PIT
315968402.83055466,00000000-0000-0000-0000-000000000000,AV,1746.384905448226,449.76926255680087,PIT
315968402.83055466,00000000-0000-0000-0000-000000006882,OTHERS,1760.3800711145425,488.8759183438078,PIT
315968402.83055466,00000000-0000-0000-0000-000000006799,OTHERS,1764.0505162237814,435.43333479144445,PIT
315968402.83055466,00000000-0000-0000-0000-000000006391,OTHERS,1749.7047971772827,445.5453550139487,PIT
315968402.83055466,00000000-0000-0000-0000-000000006994,OTHERS,1707.6524818702194,497.52660715301903,PIT
315968402.83055466,00000000-0000-0000-0000-000000006878,OTHERS,1711.138083748901,446.6976087689277,PIT
315968402.83055466,00000000-0000-0000-0000-000000006981,AGENT,1745.6430406945606,470.9199807665777,PIT
315968402.83055466,00000000-0000-0000-0000-000000006845,OTHERS,1720.6943560861612,455.29468825509315,PIT
315968402.83055466,00000000-0000-0000-0000-000000006860,OTHERS,1721.744228950311,451.70435439307886,PIT
315968402.83055466,00000000-0000-0000-0000-000000006955,OTHERS,1760.2747126500244,426.6726693955202,PIT
315968402.83055466,00000000-0000-0000-0000-000000006800,OTHERS,1768.0465884715713,430.03196742345636,PIT
315968402.83055466,00000000-0000-0000-0000-000000006986,OTHERS,1751.1378630529637,465.02778829088913,PIT
315968402.83055466,00000000-0000-0000-0000-000000006995,OTHERS,1701.646226711691,508.365660936962,PIT
315968402.83055466,00000000-0000-0000-0000-000000006964,OTHERS,1753.7221550824027,440.99146536986666,PIT
315968402.83055466,00000000-0000-0000-0000-000000006961,OTHERS,1748.4023814896573,478.5471827624558,PIT
315968402.83055466,00000000-0000-0000-0000-000000007009,OTHERS,1698.4000746669608,506.8512359441892,PIT
315968402.83055466,00000000-0000-0000-0000-000000006990,OTHERS,1729.8294842382747,476.94630434447686,PIT
315968402.83055466,00000000-0000-0000-0000-000000006872,OTHERS,1759.083430820457,481.06028843310975,PIT
315968402.83055466,00000000-0000-0000-0000-000000006857,OTHERS,1715.097036231871,450.36286483043295,PIT
315968402.83055466,00000000-0000-0000-0000-000000006931,OTHERS,1772.0081241996606,425.11826844914003,PIT
315968402.9345786,00000000-0000-0000-0000-000000000000,AV,1746.3848540288775,449.7690047287728,PIT
315968402.9345786,00000000-0000-0000-0000-000000006882,OTHERS,1760.4050417389706,488.924854600965,PIT
315968402.9345786,00000000-0000-0000-0000-000000006799,OTHERS,1764.097815421555,435.3247038955122,PIT
315968402.9345786,00000000-0000-0000-0000-000000006391,OTHERS,1749.689999303645,445.5523002856317,PIT
315968402.9345786,00000000-0000-0000-0000-000000006994,OTHERS,1707.4334556875647,497.7736050538971,PIT
315968402.9345786,00000000-0000-0000-0000-000000006878,OTHERS,1711.1162791739869,446.63228439837167,PIT
315968402.9345786,00000000-0000-0000-0000-000000006981,AGENT,1745.2224410873032,470.58837193349837,PIT
315968402.9345786,00000000-0000-0000-0000-000000006845,OTHERS,1720.3285649079737,455.0014392517253,PIT
315968402.9345786,00000000-0000-0000-0000-000000006860,OTHERS,1721.1295774961802,451.2726997304052,PIT
315968402.9345786,00000000-0000-0000-0000-000000006955,OTHERS,1760.857910508101,426.26188865214607,PIT
315968402.9345786,00000000-0000-0000-0000-000000006800,OTHERS,1768.0033902755988,429.9924399065475,PIT
315968402.9345786,00000000-0000-0000-0000-000000006986,OTHERS,1750.9791072856733,464.88447274349363,PIT
315968402.9345786,00000000-0000-0000-0000-000000006872,OTHERS,1758.7825011324026,480.8081313866393,PIT
315968402.9345786,00000000-0000-0000-0000-000000006857,OTHERS,1716.219230676885,452.06165450006256,PIT
315968402.9345786,00000000-0000-0000-0000-000000006931,OTHERS,1771.8768694644712,425.1301445760498,PIT
315968402.9345786,00000000-0000-0000-0000-000000006995,OTHERS,1701.4790594964209,508.5794809409233,PIT
315968402.9345786,00000000-0000-0000-0000-000000006964,OTHERS,1753.74296742888,440.91480355417036,PIT
315968402.9345786,00000000-0000-0000-0000-000000006961,OTHERS,1748.2715771692945,478.3597136675176,PIT
315968402.9345786,00000000-0000-0000-0000-000000007009,OTHERS,1698.4000746669503,506.8512359441808,PIT
315968402.9345786,00000000-0000-0000-0000-000000006990,OTHERS,1729.8952633741712,476.92374329324616,PIT
315968403.0330956,00000000-0000-0000-0000-000000000000,AV,1746.3849113477756,449.7689272119528,PIT
315968403.0330956,00000000-0000-0000-0000-000000006799,OTHERS,1764.0312670654553,435.47082557898034,PIT
315968403.0330956,00000000-0000-0000-0000-000000006878,OTHERS,1710.753314250726,446.3791676709472,PIT
315968403.0330956,00000000-0000-0000-0000-000000006981,AGENT,1744.828997332186,470.15791397592176,PIT
315968403.0330956,00000000-0000-0000-0000-000000006872,OTHERS,1758.5552641944435,480.56238285367067,PIT
315968403.0330956,00000000-0000-0000-0000-000000006857,OTHERS,1716.109925210282,452.0180234389264,PIT
315968403.0330956,00000000-0000-0000-0000-000000006931,OTHERS,1771.5643020993405,425.395821827677,PIT
315968403.0330956,00000000-0000-0000-0000-000000006845,OTHERS,1720.2531821292948,454.9608150445918,PIT
315968403.0330956,00000000-0000-0000-0000-000000006860,OTHERS,1719.8705494570597,450.01737523537173,PIT
315968403.0330956,00000000-0000-0000-0000-000000006955,OTHERS,1761.337219107131,425.60015301580665,PIT
315968403.0330956,00000000-0000-0000-0000-000000006882,OTHERS,1760.3630773226441,489.0437466360389,PIT
315968403.0330956,00000000-0000-0000-0000-000000006391,OTHERS,1749.6864688331616,445.5668269050714,PIT
315968403.0330956,00000000-0000-0000-0000-000000006994,OTHERS,1707.2107731690537,498.06064275427286,PIT
315968403.0330956,00000000-0000-0000-0000-000000006990,OTHERS,1729.869723676741,476.9046089677938,PIT
315968403.0330956,00000000-0000-0000-0000-000000006800,OTHERS,1768.0035966698667,430.05423748133796,PIT
315968403.0330956,00000000-0000-0000-0000-000000006986,OTHERS,1750.86488705531,464.7408670205496,PIT
315968403.0330956,00000000-0000-0000-0000-000000006964,OTHERS,1753.7588033973352,440.8772369802832,PIT
315968403.0330956,00000000-0000-0000-0000-000000006995,OTHERS,1701.2901740355576,508.7625643585623,PIT
315968403.0330956,00000000-0000-0000-0000-000000006961,OTHERS,1748.1977339374448,478.24825679068863,PIT
315968403.0330956,00000000-0000-0000-0000-000000007009,OTHERS,1698.40007466694,506.8512359441721,PIT
315968403.13564104,00000000-0000-0000-0000-000000000000,AV,1746.3849870150964,449.76886801244484,PIT
315968403.13564104,00000000-0000-0000-0000-000000006799,OTHERS,1764.0646826228967,435.4546546790856,PIT
315968403.13564104,00000000-0000-0000-0000-000000006845,OTHERS,1720.3026158530301,454.9415122492436,PIT
315968403.13564104,00000000-0000-0000-0000-000000006860,OTHERS,1719.0457547934839,449.322649468144,PIT
315968403.13564104,00000000-0000-0000-0000-000000006878,OTHERS,1709.7979459136332,445.3893135980732,PIT
315968403.13564104,00000000-0000-0000-0000-000000006882,OTHERS,1760.4022402379305,489.05248745222457,PIT
315968403.13564104,00000000-0000-0000-0000-000000006391,OTHERS,1749.6911149645114,445.5681465520176,PIT
315968403.13564104,00000000-0000-0000-0000-000000006994,OTHERS,1706.9833210137624,498.3340722195372,PIT
315968403.13564104,00000000-0000-0000-0000-000000006990,OTHERS,1729.869723676741,476.9046089677938,PIT
315968403.13564104,00000000-0000-0000-0000-000000006981,AGENT,1744.3627217551764,469.7149431653022,PIT
315968403.13564104,00000000-0000-0000-0000-000000006800,OTHERS,1768.0897925926913,429.9590591462505,PIT
315968403.13564104,00000000-0000-0000-0000-000000006986,OTHERS,1750.86488705531,464.7408670205496,PIT
315968403.13564104,00000000-0000-0000-0000-000000006964,OTHERS,1753.6772352399703,440.8995204690873,PIT
315968403.13564104,00000000-0000-0000-0000-000000006995,OTHERS,1701.1395230389685,508.9296973803212,PIT
315968403.13564104,00000000-0000-0000-0000-000000006872,OTHERS,1758.2695535160615,480.280720396508,PIT
315968403.13564104,00000000-0000-0000-0000-000000006857,OTHERS,1716.016939642124,451.7971600161555,PIT
315968403.13564104,00000000-0000-0000-0000-000000006931,OTHERS,1771.9935560768133,425.0980393809462,PIT
315968403.13564104,00000000-0000-0000-0000-000000006961,OTHERS,1747.9740953045236,478.09610876081706,PIT
315968403.13564104,00000000-0000-0000-0000-000000007009,OTHERS,1698.4000746669299,506.85123594416456,PIT
315968403.13564104,00000000-0000-0000-0000-000000006955,OTHERS,1761.9220778365234,424.9797575851053,PIT
315968403.23590803,00000000-0000-0000-0000-000000000000,AV,1746.385066316233,449.76885923574304,PIT
315968403.23590803,00000000-0000-0000-0000-000000006799,OTHERS,1764.073316142854,435.3665303699816,PIT
315968403.23590803,00000000-0000-0000-0000-000000006845,OTHERS,1720.2552723441245,454.92032041791634,PIT
315968403.23590803,00000000-0000-0000-0000-000000006860,OTHERS,1718.2512066083207,448.6575861143805,PIT
315968403.23590803,00000000-0000-0000-0000-000000006878,OTHERS,1709.7979459136125,445.3893135981226,PIT
315968403.23590803,00000000-0000-0000-0000-000000007018,OTHERS,1727.9416537137665,478.8519506668537,PIT
315968403.23590803,00000000-0000-0000-0000-000000006391,OTHERS,1749.6934326091125,445.56577931031984,PIT
315968403.23590803,00000000-0000-0000-0000-000000006994,OTHERS,1706.7532667383593,498.5546820467678,PIT
315968403.23590803,00000000-0000-0000-0000-000000006882,OTHERS,1760.475637427554,489.228590012948,PIT
315968403.23590803,00000000-0000-0000-0000-000000006990,OTHERS,1729.8523385734406,476.9372092315216,PIT
315968403.23590803,00000000-0000-0000-0000-000000006981,AGENT,1744.0144611165604,469.350820542156,PIT
315968403.23590803,00000000-0000-0000-0000-000000006800,OTHERS,1768.0374426902076,429.9992374385141,PIT
315968403.23590803,00000000-0000-0000-0000-000000006986,OTHERS,1750.6614019959482,464.44863608276313,PIT
315968403.23590803,00000000-0000-0000-0000-000000006964,OTHERS,1753.6977366459244,441.0608269564409,PIT
315968403.23590803,00000000-0000-0000-0000-000000006995,OTHERS,1700.9979777350845,509.12759513697716,PIT
315968403.23590803,00000000-0000-0000-0000-000000006872,OTHERS,1757.9407789712382,480.0230790075663,PIT
315968403.23590803,00000000-0000-0000-0000-000000006857,OTHERS,1716.0528638346198,451.70789504488334,PIT
315968403.23590803,00000000-0000-0000-0000-000000006931,OTHERS,1771.5029558006656,425.61461558773163,PIT
315968403.23590803,00000000-0000-0000-0000-000000006961,OTHERS,1747.7318340770569,477.9951275507211,PIT
315968403.23590803,00000000-0000-0000-0000-000000006955,OTHERS,1762.4173097169394,424.30854463209397,PIT
315968403.34212786,00000000-0000-0000-0000-000000000000,AV,1746.3850406724791,449.7686675986,PIT
315968403.34212786,00000000-0000-0000-0000-000000006882,OTHERS,1761.478317315498,489.77115624495855,PIT
315968403.34212786,00000000-0000-0000-0000-000000006799,OTHERS,1764.0701730867847,435.4475052823839,PIT
315968403.34212786,00000000-0000-0000-0000-000000006845,OTHERS,1720.265149171769,454.95914672885607,PIT
315968403.34212786,00000000-0000-0000-0000-000000006860,OTHERS,1717.474001273097,448.01993864144515,PIT
315968403.34212786,00000000-0000-0000-0000-000000006391,OTHERS,1749.6929707701545,445.5723374793337,PIT
315968403.34212786,00000000-0000-0000-0000-000000006994,OTHERS,1706.4790314423196,498.7813189903092,PIT
315968403.34212786,00000000-0000-0000-0000-000000006878,OTHERS,1709.7979459135915,445.3893135981723,PIT
315968403.34212786,00000000-0000-0000-0000-000000006800,OTHERS,1768.0198959749307,430.0639160355999,PIT
315968403.34212786,00000000-0000-0000-0000-000000006986,OTHERS,1750.520957113493,464.30637679196894,PIT
315968403.34212786,00000000-0000-0000-0000-000000006981,AGENT,1743.6664318149292,468.9339104272585,PIT
315968403.34212786,00000000-0000-0000-0000-000000007018,OTHERS,1727.871634490879,478.89091075104886,PIT
315968403.34212786,00000000-0000-0000-0000-000000006872,OTHERS,1757.412928469429,479.6486282707383,PIT
315968403.34212786,00000000-0000-0000-0000-000000006857,OTHERS,1715.9579714867584,451.6160547393489,PIT
315968403.34212786,00000000-0000-0000-0000-000000006931,OTHERS,1771.937200709888,425.11901794345397,PIT
315968403.34212786,00000000-0000-0000-0000-000000006995,OTHERS,1700.7923411706327,509.2827500364064,PIT
315968403.34212786,00000000-0000-0000-0000-000000006964,OTHERS,1753.6762372613794,440.91495587024735,PIT
315968403.34212786,00000000-0000-0000-0000-000000006961,OTHERS,1747.5797682288025,477.8916437479786,PIT
315968403.34212786,00000000-0000-0000-0000-000000006955,OTHERS,1762.9180188345185,423.56345502567683,PIT
315968403.42866105,00000000-0000-0000-0000-000000000000,AV,1746.3853038874454,449.7688920027677,PIT
315968403.42866105,00000000-0000-0000-0000-000000006882,OTHERS,1761.52470670833,489.6384249423105,PIT
315968403.42866105,00000000-0000-0000-0000-000000006799,OTHERS,1764.079997395139,435.4324976372799,PIT
315968403.42866105,00000000-0000-0000-0000-000000006845,OTHERS,1720.2687890487305,454.97061479117104,PIT
315968403.42866105,00000000-0000-0000-0000-000000006860,OTHERS,1716.6235881284092,447.2967530851749,PIT
315968403.42866105,00000000-0000-0000-0000-000000006391,OTHERS,1749.6985725375196,445.55711595263045,PIT
315968403.42866105,00000000-0000-0000-0000-000000006994,OTHERS,1706.1880077589535,499.0737525052562,PIT
315968403.42866105,00000000-0000-0000-0000-000000006878,OTHERS,1709.79794591357,445.3893135982215,PIT
315968403.42866105,00000000-0000-0000-0000-000000006800,OTHERS,1768.0533601875384,429.9716845202877,PIT
315968403.42866105,00000000-0000-0000-0000-000000006986,OTHERS,1750.3641858754486,464.15537019418633,PIT
315968403.42866105,00000000-0000-0000-0000-000000006981,AGENT,1743.256233509762,468.48303933504167,PIT
315968403.42866105,00000000-0000-0000-0000-000000007018,OTHERS,1728.0306066408966,478.97263443817263,PIT
315968403.42866105,00000000-0000-0000-0000-000000006872,OTHERS,1756.943384829672,479.33999272681467,PIT
315968403.42866105,00000000-0000-0000-0000-000000006857,OTHERS,1715.7748548437646,451.4268055584876,PIT
315968403.42866105,00000000-0000-0000-0000-000000006931,OTHERS,1771.9306663543396,425.02480866791717,PIT
315968403.42866105,00000000-0000-0000-0000-000000006995,OTHERS,1700.7943811860348,509.5903221278248,PIT
315968403.42866105,00000000-0000-0000-0000-000000006964,OTHERS,1753.672777468284,440.85335770612136,PIT
315968403.42866105,00000000-0000-0000-0000-000000006961,OTHERS,1747.5229479317209,477.88106609911654,PIT
315968403.42866105,00000000-0000-0000-0000-000000006955,OTHERS,1763.5029020423574,422.7089659102662,PIT
315968403.5345253,00000000-0000-0000-0000-000000000000,AV,1746.3851404842435,449.76863152429746,PIT
315968403.5345253,00000000-0000-0000-0000-000000006882,OTHERS,1761.5283309198064,489.61311130845576,PIT
315968403.5345253,00000000-0000-0000-0000-000000006845,OTHERS,1720.2635461038913,454.9224406702349,PIT
315968403.5345253,00000000-0000-0000-0000-000000006860,OTHERS,1715.772508520253,446.61248113388086,PIT
315968403.5345253,00000000-0000-0000-0000-000000006391,OTHERS,1749.6883406355216,445.56054853571715,PIT
315968403.5345253,00000000-0000-0000-0000-000000006994,OTHERS,1706.0144690628467,499.46122632574316,PIT
315968403.5345253,00000000-0000-0000-0000-000000006981,AGENT,1742.8427597710113,468.0140178564467,PIT
315968403.5345253,00000000-0000-0000-0000-000000006872,OTHERS,1756.6463983701153,479.0228357418663,PIT
315968403.5345253,00000000-0000-0000-0000-000000006857,OTHERS,1715.6362335172528,451.2868263868292,PIT
315968403.5345253,00000000-0000-0000-0000-000000006931,OTHERS,1771.6291690608234,425.5810365412781,PIT
315968403.5345253,00000000-0000-0000-0000-000000007018,OTHERS,1728.0306066408966,478.97263443817263,PIT
315968403.5345253,00000000-0000-0000-0000-000000006799,OTHERS,1764.0729878395825,435.3837461508169,PIT
315968403.5345253,00000000-0000-0000-0000-000000006955,OTHERS,1764.0224049704334,422.0988371750008,PIT
315968403.5345253,00000000-0000-0000-0000-000000006961,OTHERS,1747.5180095062576,477.88071636491514,PIT
315968403.5345253,00000000-0000-0000-0000-000000006800,OTHERS,1768.0917286948122,429.90339845945573,PIT
315968403.5345253,00000000-0000-0000-0000-000000006986,OTHERS,1750.3641858754486,464.15537019418633,PIT
315968403.5345253,00000000-0000-0000-0000-000000006995,OTHERS,1700.5850101968067,509.70506980507207,PIT
315968403.5345253,00000000-0000-0000-0000-000000006964,OTHERS,1753.7098607733374,440.991990530986,PIT
315968403.6321848,00000000-0000-0000-0000-000000000000,AV,1746.3853070263858,449.7687319558181,PIT
315968403.6321848,00000000-0000-0000-0000-000000006882,OTHERS,1761.5191306349411,489.6059504036357,PIT
315968403.6321848,00000000-0000-0000-0000-000000006845,OTHERS,1720.2687690017042,454.9480131518975,PIT
315968403.6321848,00000000-0000-0000-0000-000000006860,OTHERS,1714.968406773899,445.9877675471072,PIT
315968403.6321848,00000000-0000-0000-0000-000000006391,OTHERS,1749.6859420201272,445.56076175042136,PIT
315968403.6321848,00000000-0000-0000-0000-000000006994,OTHERS,1705.76206728832,499.7171484168503,PIT
315968403.6321848,00000000-0000-0000-0000-000000007018,OTHERS,1728.0078613475657,478.9318020545597,PIT
315968403.6321848,00000000-0000-0000-0000-000000006799,OTHERS,1764.0611127215564,435.38969526807165,PIT
315968403.6321848,00000000-0000-0000-0000-000000006955,OTHERS,1764.5446916483186,421.4750862366522,PIT
315968403.6321848,00000000-0000-0000-0000-000000006961,OTHERS,1747.495076368931,477.87146877215866,PIT
315968403.6321848,00000000-0000-0000-0000-000000006981,AGENT,1742.5698506393653,467.7443691852982,PIT
315968403.6321848,00000000-0000-0000-0000-000000006800,OTHERS,1768.1195993098056,429.87821314226096,PIT
315968403.6321848,00000000-0000-0000-0000-000000006986,OTHERS,1750.1305978269086,463.9375392634568,PIT
315968403.6321848,00000000-0000-0000-0000-000000006995,OTHERS,1700.3717615296978,509.7583728551474,PIT
315968403.6321848,00000000-0000-0000-0000-000000006964,OTHERS,1753.7266525818052,440.9674857955165,PIT
315968403.6321848,00000000-0000-0000-0000-000000006872,OTHERS,1756.5536146782456,478.9591013921231,PIT
315968403.6321848,00000000-0000-0000-0000-000000006857,OTHERS,1715.6884013434046,451.389913970504,PIT
315968403.6321848,00000000-0000-0000-0000-000000006931,OTHERS,1771.9472342836152,424.9988166681603,PIT
315968403.7372255,00000000-0000-0000-0000-000000000000,AV,1746.3852856043686,449.7684444482836,PIT
315968403.7372255,00000000-0000-0000-0000-000000006882,OTHERS,1761.4930662141876,489.6010325356051,PIT
315968403.7372255,00000000-0000-0000-0000-000000006845,OTHERS,1720.2547993457224,454.91950350756485,PIT
315968403.7372255,00000000-0000-0000-0000-000000006860,OTHERS,1714.5757049518375,445.5613955333329,PIT
315968403.7372255,00000000-0000-0000-0000-000000006391,OTHERS,1749.6843208758505,445.56301893305687,PIT
315968403.7372255,00000000-0000-0000-0000-000000006994,OTHERS,1705.4908692221998,499.89901334507937,PIT
315968403.7372255,00000000-0000-0000-0000-000000006872,OTHERS,1756.2178636516846,478.53490519633385,PIT
315968403.7372255,00000000-0000-0000-0000-000000006857,OTHERS,1715.598551466977,451.31652097577285,PIT
315968403.7372255,00000000-0000-0000-0000-000000006931,OTHERS,1772.0290507047782,425.061621660248,PIT
315968403.7372255,00000000-0000-0000-0000-000000007018,OTHERS,1727.9279291732978,478.8278968332773,PIT
315968403.7372255,00000000-0000-0000-0000-000000006799,OTHERS,1764.1405640586422,435.3178546128002,PIT
315968403.7372255,00000000-0000-0000-0000-000000006955,OTHERS,1765.0677902129,420.83461426694123,PIT
315968403.7372255,00000000-0000-0000-0000-000000006961,OTHERS,1747.5295053581867,477.9115921572985,PIT
315968403.7372255,00000000-0000-0000-0000-000000006981,AGENT,1742.1635070050268,467.1780963676738,PIT
315968403.7372255,00000000-0000-0000-0000-000000006800,OTHERS,1768.0787345425836,429.91277894429,PIT
315968403.7372255,00000000-0000-0000-0000-000000006986,OTHERS,1750.0523820598612,463.76873321976836,PIT
315968403.7372255,00000000-0000-0000-0000-000000006995,OTHERS,1700.414259659389,510.03823043915855,PIT
315968403.7372255,00000000-0000-0000-0000-000000006964,OTHERS,1753.6940639173306,441.0565562255793,PIT
315968403.83210945,00000000-0000-0000-0000-000000000000,AV,1746.3851674926816,449.7683788839427,PIT
315968403.83210945,00000000-0000-0000-0000-000000006882,OTHERS,1761.7232161185284,489.6688902340384,PIT
315968403.83210945,00000000-0000-0000-0000-000000006845,OTHERS,1720.277133346649,454.9349075435842,PIT
315968403.83210945,00000000-0000-0000-0000-000000006860,OTHERS,1713.9875006360758,445.2673096516446,PIT
315968403.83210945,00000000-0000-0000-0000-000000006391,OTHERS,1749.7056209238758,445.5478852948812,PIT
315968403.83210945,00000000-0000-0000-0000-000000006994,OTHERS,1705.4168069695272,500.26386461205374,PIT
315968403.83210945,00000000-0000-0000-0000-000000006872,OTHERS,1755.8982006153456,478.17998620503784,PIT
315968403.83210945,00000000-0000-0000-0000-000000006857,OTHERS,1715.6419025353257,451.3584076605806,PIT
315968403.83210945,00000000-0000-0000-0000-000000006931,OTHERS,1770.8198124182336,426.185700573675,PIT
315968403.83210945,00000000-0000-0000-0000-000000007022,OTHERS,1764.5342728327616,491.5692952108975,PIT
315968403.83210945,00000000-0000-0000-0000-000000007018,OTHERS,1727.9279291732978,478.8278968332773,PIT
315968403.83210945,00000000-0000-0000-0000-000000006799,OTHERS,1764.0643601376464,435.3833798617504,PIT
315968403.83210945,00000000-0000-0000-0000-000000007024,OTHERS,1711.5653478347692,447.10069497202034,PIT
315968403.83210945,00000000-0000-0000-0000-000000006955,OTHERS,1765.0677902128875,420.83461426692816,PIT
315968403.83210945,00000000-0000-0000-0000-000000006961,OTHERS,1747.4665652955448,477.8955311982722,PIT
315968403.83210945,00000000-0000-0000-0000-000000006981,AGENT,1741.8587538494153,466.77135787213456,PIT
315968403.83210945,00000000-0000-0000-0000-000000006800,OTHERS,1768.0370666281005,429.9766000820144,PIT
315968403.83210945,00000000-0000-0000-0000-000000006986,OTHERS,1749.9259424093475,463.6315404698557,PIT
315968403.83210945,00000000-0000-0000-0000-000000006995,OTHERS,1700.262330447559,510.21565506389913,PIT
315968403.83210945,00000000-0000-0000-0000-000000006964,OTHERS,1753.668197924592,440.90246526074674,PIT
315968403.9290921,00000000-0000-0000-0000-000000000000,AV,1746.3851377617718,449.7683998096203,PIT
315968403.9290921,00000000-0000-0000-0000-000000006882,OTHERS,1761.7205713484036,489.6306520755482,PIT
315968403.9290921,00000000-0000-0000-0000-000000006845,OTHERS,1720.2441720761415,454.92631194228295,PIT
315968403.9290921,00000000-0000-0000-0000-000000006860,OTHERS,1713.1738597917506,444.6816682529573,PIT
315968403.9290921,00000000-0000-0000-0000-000000006391,OTHERS,1749.701525236001,445.5539829347591,PIT
315968403.9290921,00000000-0000-0000-0000-000000006994,OTHERS,1705.1127713385833,500.5156844083593,PIT
315968403.9290921,00000000-0000-0000-0000-000000006872,OTHERS,1755.6830971924353,477.89175095534216,PIT
315968403.9290921,00000000-0000-0000-0000-000000006857,OTHERS,1715.6266645342548,451.31349824847166,PIT
315968403.9290921,00000000-0000-0000-0000-000000006931,OTHERS,1771.5272789953622,425.63626578450624,PIT
315968403.9290921,00000000-0000-0000-0000-000000007022,OTHERS,1764.4549596140155,491.56261565056,PIT
315968403.9290921,00000000-0000-0000-0000-000000007018,OTHERS,1727.9279291732978,478.8278968332773,PIT
315968403.9290921,00000000-0000-0000-0000-000000006799,OTHERS,1764.127029938676,435.3137285010382,PIT
315968403.9290921,00000000-0000-0000-0000-000000007024,OTHERS,1711.2137349990244,446.763270839602,PIT
315968403.9290921,00000000-0000-0000-0000-000000006955,OTHERS,1765.0677902128755,420.834614266916,PIT
315968403.9290921,00000000-0000-0000-0000-000000006961,OTHERS,1747.4827884490255,477.9190555863312,PIT
315968403.9290921,00000000-0000-0000-0000-000000006981,AGENT,1741.467118734067,466.19224252581085,PIT
315968403.9290921,00000000-0000-0000-0000-000000006800,OTHERS,1768.0072122141712,430.02324626295166,PIT
315968403.9290921,00000000-0000-0000-0000-000000006986,OTHERS,1749.9259424093475,463.6315404698557,PIT
315968403.9290921,00000000-0000-0000-0000-000000006995,OTHERS,1700.1993373828464,510.416272676778,PIT
315968403.9290921,00000000-0000-0000-0000-000000006964,OTHERS,1753.719922815575,440.9975157448522,PIT
315968404.03006715,00000000-0000-0000-0000-000000000000,AV,1746.3852032766101,449.76845232961404,PIT
315968404.03006715,00000000-0000-0000-0000-000000006882,OTHERS,1761.6168448750775,489.4019506658432,PIT
315968404.03006715,00000000-0000-0000-0000-000000006845,OTHERS,1720.2709405993273,454.9750267872744,PIT
315968404.03006715,00000000-0000-0000-0000-000000006860,OTHERS,1712.935075933657,444.4077450246858,PIT
315968404.03006715,00000000-0000-0000-0000-000000006391,OTHERS,1749.6927176093188,445.56103235594014,PIT
315968404.03006715,00000000-0000-0000-0000-000000006994,OTHERS,1704.8943241254615,500.8354337377315,PIT
315968404.03006715,00000000-0000-0000-0000-000000006872,OTHERS,1754.645540888915,477.3503912810845,PIT
315968404.03006715,00000000-0000-0000-0000-000000006857,OTHERS,1715.7242275350054,451.33385058966337,PIT
315968404.03006715,00000000-0000-0000-0000-000000006931,OTHERS,1771.5717056622918,425.5832062771842,PIT
315968404.03006715,00000000-0000-0000-0000-000000007022,OTHERS,1764.6290916538485,491.68705791884605,PIT
315968404.03006715,00000000-0000-0000-0000-000000006799,OTHERS,1764.106721734995,435.3341722834048,PIT
315968404.03006715,00000000-0000-0000-0000-000000007024,OTHERS,1711.1418321353433,446.6936532116157,PIT
315968404.03006715,00000000-0000-0000-0000-000000006955,OTHERS,1765.0677902128632,420.8346142669027,PIT
315968404.03006715,00000000-0000-0000-0000-000000006961,OTHERS,1747.432494522585,477.91525182235137,PIT
315968404.03006715,00000000-0000-0000-0000-000000006981,AGENT,1741.2276114549582,465.7444131194388,PIT
315968404.03006715,00000000-0000-0000-0000-000000006800,OTHERS,1768.039204536341,429.9885411607255,PIT
315968404.03006715,00000000-0000-0000-0000-000000006986,OTHERS,1749.666867127223,463.3546362479455,PIT
315968404.03006715,00000000-0000-0000-0000-000000006995,OTHERS,1700.0239077587494,510.5001530603265,PIT
315968404.03006715,00000000-0000-0000-0000-000000006964,OTHERS,1753.7349646928108,440.90894546986885,PIT
315968404.1326992,00000000-0000-0000-0000-000000000000,AV,1746.3852876597318,449.7682343434471,PIT
315968404.1326992,00000000-0000-0000-0000-000000006882,OTHERS,1761.4334911622257,489.1816336025978,PIT
315968404.1326992,00000000-0000-0000-0000-000000006845,OTHERS,1720.2616181461872,454.9496176917849,PIT
315968404.1326992,00000000-0000-0000-0000-000000006860,OTHERS,1712.0789888184809,443.8276195374138,PIT
315968404.1326992,00000000-0000-0000-0000-000000006391,OTHERS,1749.6797991002848,445.57279965064384,PIT
315968404.1326992,00000000-0000-0000-0000-000000006994,OTHERS,1704.5962319629532,501.02969039703277,PIT
315968404.1326992,00000000-0000-0000-0000-000000006872,OTHERS,1754.0497316040094,476.92888613457313,PIT
315968404.1326992,00000000-0000-0000-0000-000000006857,OTHERS,1715.728810349888,451.34284049773095,PIT
315968404.1326992,00000000-0000-0000-0000-000000006931,OTHERS,1770.8710270127444,425.9975776963875,PIT
315968404.1326992,00000000-0000-0000-0000-000000006799,OTHERS,1764.0908558662973,435.3170301070355,PIT
315968404.1326992,00000000-0000-0000-0000-000000007024,OTHERS,1711.1533012931845,446.7172869609448,PIT
315968404.1326992,00000000-0000-0000-0000-000000006800,OTHERS,1768.025382202163,429.9754519853402,PIT
315968404.1326992,00000000-0000-0000-0000-000000006986,OTHERS,1749.57264306778,463.1952898534142,PIT
315968404.1326992,00000000-0000-0000-0000-000000007022,OTHERS,1764.5720334207322,491.67626745407057,PIT
315968404.1326992,00000000-0000-0000-0000-000000006961,OTHERS,1747.4987112579174,477.88368291638494,PIT
315968404.1326992,00000000-0000-0000-0000-000000006981,AGENT,1740.8681024377127,465.1942756665262,PIT
315968404.1326992,00000000-0000-0000-0000-000000006995,OTHERS,1699.9519260291079,510.7056160967563,PIT
315968404.1326992,00000000-0000-0000-0000-000000006964,OTHERS,1753.7616814953813,440.88316784333136,PIT
315968404.23140526,00000000-0000-0000-0000-000000000000,AV,1746.385283229081,449.7681026702442,PIT
315968404.23140526,00000000-0000-0000-0000-000000006882,OTHERS,1761.2070500515372,488.99299416786164,PIT
315968404.23140526,00000000-0000-0000-0000-000000006845,OTHERS,1720.3002152166598,454.9545974652201,PIT
315968404.23140526,00000000-0000-0000-0000-000000006860,OTHERS,1711.0018244353412,443.39611321509597,PIT
315968404.23140526,00000000-0000-0000-0000-000000006391,OTHERS,1749.6873888408445,445.5612057024157,PIT
315968404.23140526,00000000-0000-0000-0000-000000006994,OTHERS,1704.295945103727,501.28948030197165,PIT
315968404.23140526,00000000-0000-0000-0000-000000007027,OTHERS,1769.9124904574555,489.84085074251436,PIT
315968404.23140526,00000000-0000-0000-0000-000000006872,OTHERS,1753.5436050061246,476.4472154959145,PIT
315968404.23140526,00000000-0000-0000-0000-000000006857,OTHERS,1715.7170499522103,451.38083027701896,PIT
315968404.23140526,00000000-0000-0000-0000-000000006931,OTHERS,1770.8342946938187,426.1699798023747,PIT
315968404.23140526,00000000-0000-0000-0000-000000006799,OTHERS,1764.1160622409332,435.3519816646743,PIT
315968404.23140526,00000000-0000-0000-0000-000000007024,OTHERS,1711.1725167815466,446.6815859663124,PIT
315968404.23140526,00000000-0000-0000-0000-000000006800,OTHERS,1768.0329279992725,429.9965299944605,PIT
315968404.23140526,00000000-0000-0000-0000-000000006986,OTHERS,1749.4806348371005,463.08356938238495,PIT
315968404.23140526,00000000-0000-0000-0000-000000007022,OTHERS,1764.456085818818,491.5336408572922,PIT
315968404.23140526,00000000-0000-0000-0000-000000006961,OTHERS,1747.556785112286,477.9233126272502,PIT
315968404.23140526,00000000-0000-0000-0000-000000006981,AGENT,1740.627342103209,464.71972017157134,PIT
315968404.23140526,00000000-0000-0000-0000-000000006995,OTHERS,1699.9180737004058,510.7732349601812,PIT
315968404.23140526,00000000-0000-0000-0000-000000006964,OTHERS,1753.7037869094586,441.03394290506674,PIT
315968404.3315217,00000000-0000-0000-0000-000000000000,AV,1746.3851893496521,449.76811857210436,PIT
315968404.3315217,00000000-0000-0000-0000-000000006882,OTHERS,1761.0031381894494,488.8005648720609,PIT
315968404.3315217,00000000-0000-0000-0000-000000006845,OTHERS,1720.2651539565154,454.9179563446903,PIT
315968404.3315217,00000000-0000-0000-0000-000000006860,OTHERS,1709.9373642214475,442.9301322788616,PIT
315968404.3315217,00000000-0000-0000-0000-000000006391,OTHERS,1749.687973061859,445.5605359117197,PIT
315968404.3315217,00000000-0000-0000-0000-000000006994,OTHERS,1704.1549858528022,501.5820411446577,PIT
315968404.3315217,00000000-0000-0000-0000-000000007027,OTHERS,1769.8636983890588,489.7757894888199,PIT
315968404.3315217,00000000-0000-0000-0000-000000007022,OTHERS,1764.4402678894528,491.4698186604757,PIT
315968404.3315217,00000000-0000-0000-0000-000000007031,OTHERS,1690.4912361004529,529.7867841524875,PIT
315968404.3315217,00000000-0000-0000-0000-000000006800,OTHERS,1768.0365617946961,429.99877880350266,PIT
315968404.3315217,00000000-0000-0000-0000-000000006986,OTHERS,1749.4806348371005,463.08356938238495,PIT
315968404.3315217,00000000-0000-0000-0000-000000006799,OTHERS,1764.05450937714,435.4124466983957,PIT
315968404.3315217,00000000-0000-0000-0000-000000007024,OTHERS,1711.1880048732455,446.70897682658966,PIT
315968404.3315217,00000000-0000-0000-0000-000000007023,OTHERS,1711.8324885583468,448.96146348959655,PIT
315968404.3315217,00000000-0000-0000-0000-000000006961,OTHERS,1747.5850845585996,477.94984556291985,PIT
315968404.3315217,00000000-0000-0000-0000-000000006981,AGENT,1740.3679102586175,464.2115053640648,PIT
315968404.3315217,00000000-0000-0000-0000-000000006872,OTHERS,1753.1530820848172,476.27109364647606,PIT
315968404.3315217,00000000-0000-0000-0000-000000006857,OTHERS,1715.6661351262046,451.373530262062,PIT
315968404.3315217,00000000-0000-0000-0000-000000006931,OTHERS,1770.851801579949,426.11348281102767,PIT
315968404.3315217,00000000-0000-0000-0000-000000006995,OTHERS,1699.9005105126114,510.98741299506537,PIT
315968404.3315217,00000000-0000-0000-0000-000000006964,OTHERS,1753.706193477854,441.04022913229886,PIT
315968404.43192345,00000000-0000-0000-0000-000000000000,AV,1746.3851163680347,449.7681962855055,PIT
315968404.43192345,00000000-0000-0000-0000-000000006882,OTHERS,1760.7862648513405,488.7334445565136,PIT
315968404.43192345,00000000-0000-0000-0000-000000006845,OTHERS,1720.2868352202509,454.95500674107774,PIT
315968404.43192345,00000000-0000-0000-0000-000000006860,OTHERS,1706.396063934706,437.778167005886,PIT
315968404.43192345,00000000-0000-0000-0000-000000006391,OTHERS,1749.6925011770727,445.55970745986815,PIT
315968404.43192345,00000000-0000-0000-0000-000000006994,OTHERS,1703.8246285237265,501.6950531930584,PIT
315968404.43192345,00000000-0000-0000-0000-000000007027,OTHERS,1770.1239981360293,490.0052939890711,PIT
315968404.43192345,00000000-0000-0000-0000-000000006872,OTHERS,1752.638863752489,475.804296894048,PIT
315968404.43192345,00000000-0000-0000-0000-000000006857,OTHERS,1715.6671239596994,451.3363691498531,PIT
315968404.43192345,00000000-0000-0000-0000-000000006931,OTHERS,1772.0889216853134,424.9921932331336,PIT
315968404.43192345,00000000-0000-0000-0000-000000007022,OTHERS,1764.4432384161566,491.5491300884932,PIT
315968404.43192345,00000000-0000-0000-0000-000000006799,OTHERS,1764.1060783986773,435.2945442289836,PIT
315968404.43192345,00000000-0000-0000-0000-000000007024,OTHERS,1711.1638269573873,446.702256695622,PIT
315968404.43192345,00000000-0000-0000-0000-000000007031,OTHERS,1690.5093828778852,529.8861546612578,PIT
315968404.43192345,00000000-0000-0000-0000-000000006800,OTHERS,1768.0943869371977,429.87184537390806,PIT
315968404.43192345,00000000-0000-0000-0000-000000006986,OTHERS,1749.2024619562735,462.7865590743837,PIT
315968404.43192345,00000000-0000-0000-0000-000000007023,OTHERS,1711.8324885583468,448.96146348959655,PIT
315968404.43192345,00000000-0000-0000-0000-000000006961,OTHERS,1747.5341865235905,477.97385870349336,PIT
315968404.43192345,00000000-0000-0000-0000-000000006981,AGENT,1740.1376262097833,463.61190807649217,PIT
315968404.43192345,00000000-0000-0000-0000-000000007026,OTHERS,1743.6442527441834,479.40177935670107,PIT
315968404.43192345,00000000-0000-0000-0000-000000006995,OTHERS,1699.7128441818338,510.93740509086564,PIT
315968404.43192345,00000000-0000-0000-0000-000000006964,OTHERS,1753.7673432603117,440.8941880529582,PIT
315968404.5387137,00000000-0000-0000-0000-000000000000,AV,1746.3850781536817,449.7677649368396,PIT
315968404.5387137,00000000-0000-0000-0000-000000006882,OTHERS,1760.6462122234784,488.73490445853736,PIT
315968404.5387137,00000000-0000-0000-0000-000000006845,OTHERS,1720.2914538149735,454.961148233802,PIT
315968404.5387137,00000000-0000-0000-0000-000000006860,OTHERS,1706.5405495890811,437.8776071878124,PIT
315968404.5387137,00000000-0000-0000-0000-000000006391,OTHERS,1749.7145873865604,445.54548123520965,PIT
315968404.5387137,00000000-0000-0000-0000-000000006994,OTHERS,1703.6368512544566,501.9907781629177,PIT
315968404.5387137,00000000-0000-0000-0000-000000007027,OTHERS,1769.2759123686585,489.3155965313511,PIT
315968404.5387137,00000000-0000-0000-0000-000000006898,OTHERS,1765.7186392569806,487.6602727699657,PIT
315968404.5387137,00000000-0000-0000-0000-000000006872,OTHERS,1752.229259119642,475.4262996355913,PIT
315968404.5387137,00000000-0000-0000-0000-000000006857,OTHERS,1715.689766047396,451.3701528819177,PIT
315968404.5387137,00000000-0000-0000-0000-000000006931,OTHERS,1771.813372657542,425.05686567163434,PIT
315968404.5387137,00000000-0000-0000-0000-000000006799,OTHERS,1764.1505767086426,435.3007763175451,PIT
315968404.5387137,00000000-0000-0000-0000-000000007024,OTHERS,1711.1735104579557,446.70509134972434,PIT
315968404.5387137,00000000-0000-0000-0000-000000007031,OTHERS,1691.0204095008792,530.3000871105406,PIT
315968404.5387137,00000000-0000-0000-0000-000000006800,OTHERS,1768.037873860924,429.97453587333746,PIT
315968404.5387137,00000000-0000-0000-0000-000000006986,OTHERS,1748.9466828738668,462.5879821608909,PIT
315968404.5387137,00000000-0000-0000-0000-000000006981,AGENT,1739.9392168671634,463.08415305119485,PIT
315968404.5387137,00000000-0000-0000-0000-000000007026,OTHERS,1743.4443763515756,479.27834731927095,PIT
315968404.5387137,00000000-0000-0000-0000-000000007022,OTHERS,1764.6073433095166,491.72779256580367,PIT
315968404.5387137,00000000-0000-0000-0000-000000007023,OTHERS,1711.8324885583468,448.96146348959655,PIT
315968404.5387137,00000000-0000-0000-0000-000000006961,OTHERS,1747.547383450053,477.98275336901656,PIT
315968404.5387137,00000000-0000-0000-0000-000000006995,OTHERS,1699.6558647680606,510.92178078292085,PIT
315968404.5387137,00000000-0000-0000-0000-000000006964,OTHERS,1753.713664814536,441.02213887201276,PIT
315968404.63593113,00000000-0000-0000-0000-000000000000,AV,1746.3849265285328,449.76804258857055,PIT
315968404.63593113,00000000-0000-0000-0000-000000006882,OTHERS,1760.5643906744187,488.72813245507416,PIT
315968404.63593113,00000000-0000-0000-0000-000000006845,OTHERS,1720.2520003548334,454.95180643331906,PIT
315968404.63593113,00000000-0000-0000-0000-000000006860,OTHERS,1706.5405495890427,437.87760718786797,PIT
315968404.63593113,00000000-0000-0000-0000-000000006391,OTHERS,1749.6819343654633,445.5681923044501,PIT
315968404.63593113,00000000-0000-0000-0000-000000006994,OTHERS,1703.4256019077984,502.3660531673655,PIT
315968404.63593113,00000000-0000-0000-0000-000000007027,OTHERS,1769.2418924727076,489.2858088197652,PIT
315968404.63593113,00000000-0000-0000-0000-000000006898,OTHERS,1765.5566929408515,487.6425139728247,PIT
315968404.63593113,00000000-0000-0000-0000-000000006872,OTHERS,1751.9116956554606,475.0489687517388,PIT
315968404.63593113,00000000-0000-0000-0000-000000006857,OTHERS,1715.6779695107723,451.37324958768266,PIT
315968404.63593113,00000000-0000-0000-0000-000000006931,OTHERS,1770.8232431042734,426.1678184482032,PIT
315968404.63593113,00000000-0000-0000-0000-000000006799,OTHERS,1764.0346650251126,435.41335156556397,PIT
315968404.63593113,00000000-0000-0000-0000-000000007024,OTHERS,1711.1689281666231,446.7301399561388,PIT
315968404.63593113,00000000-0000-0000-0000-000000007031,OTHERS,1691.3440274653785,530.6257402042327,PIT
315968404.63593113,00000000-0000-0000-0000-000000006800,OTHERS,1768.0488919203049,429.988230881969,PIT
315968404.63593113,00000000-0000-0000-0000-000000006986,OTHERS,1748.9466828738668,462.5879821608909,PIT
315968404.63593113,00000000-0000-0000-0000-000000006981,AGENT,1739.7594591464585,462.52372222142753,PIT
315968404.63593113,00000000-0000-0000-0000-000000007026,OTHERS,1743.4443763515756,479.27834731927095,PIT
315968404.63593113,00000000-0000-0000-0000-000000007022,OTHERS,1764.6215161562507,491.64968839384835,PIT
315968404.63593113,00000000-0000-0000-0000-000000007023,OTHERS,1711.8332153177994,448.969336842399,PIT
315968404.63593113,00000000-0000-0000-0000-000000006961,OTHERS,1747.489242223408,477.8853909110016,PIT
315968404.63593113,00000000-0000-0000-0000-000000006995,OTHERS,1699.655864768147,510.9217807829882,PIT
315968404.63593113,00000000-0000-0000-0000-000000006964,OTHERS,1753.7060445870734,441.03362813360224,PIT
315968404.73025817,00000000-0000-0000-0000-000000000000,AV,1746.384823691093,449.7679040449495,PIT
315968404.73025817,00000000-0000-0000-0000-000000006882,OTHERS,1760.5597005028233,488.7491295059221,PIT
315968404.73025817,00000000-0000-0000-0000-000000006845,OTHERS,1720.252717260702,454.9473631040272,PIT
315968404.73025817,00000000-0000-0000-0000-000000006860,OTHERS,1706.340350771219,437.8179490666539,PIT
315968404.73025817,00000000-0000-0000-0000-000000006391,OTHERS,1749.6989008961414,445.5572194448111,PIT
315968404.73025817,00000000-0000-0000-0000-000000006994,OTHERS,1703.3052526293743,502.5421242008374,PIT
315968404.73025817,00000000-0000-0000-0000-000000007027,OTHERS,1768.795206189635,488.93260359051084,PIT
315968404.73025817,00000000-0000-0000-0000-000000006898,OTHERS,1765.259971153264,487.4570130135783,PIT
315968404.73025817,00000000-0000-0000-0000-000000006872,OTHERS,1750.7906777554715,474.3386333941866,PIT
315968404.73025817,00000000-0000-0000-0000-000000006857,OTHERS,1715.60982403892,451.25412974809234,PIT
315968404.73025817,00000000-0000-0000-0000-000000006931,OTHERS,1771.4925387774551,425.528813417872,PIT
315968404.73025817,00000000-0000-0000-0000-000000006799,OTHERS,1763.9748326523654,435.45437207900636,PIT
315968404.73025817,00000000-0000-0000-0000-000000007024,OTHERS,1711.2156973441504,446.70698811350127,PIT
315968404.73025817,00000000-0000-0000-0000-000000007031,OTHERS,1691.707357907542,530.8967055940586,PIT
315968404.73025817,00000000-0000-0000-0000-000000006800,OTHERS,1768.0550359649267,429.9717492665432,PIT
315968404.73025817,00000000-0000-0000-0000-000000006986,OTHERS,1748.9466828738668,462.5879821608909,PIT
315968404.73025817,00000000-0000-0000-0000-000000006981,AGENT,1739.6053423571905,461.99389137045165,PIT
315968404.73025817,00000000-0000-0000-0000-000000007026,OTHERS,1743.4443763515756,479.27834731927095,PIT
315968404.73025817,00000000-0000-0000-0000-000000007022,OTHERS,1764.5943642880206,491.6637265263138,PIT
315968404.73025817,00000000-0000-0000-0000-000000007023,OTHERS,1711.8304650048597,449.0235147141945,PIT
315968404.73025817,00000000-0000-0000-0000-000000006961,OTHERS,1747.4965739237584,477.8854949686383,PIT
315968404.73025817,00000000-0000-0000-0000-000000006995,OTHERS,1699.5321184717327,511.05392765479,PIT
315968404.73025817,00000000-0000-0000-0000-000000006964,OTHERS,1753.7169631694628,441.00667801646006,PIT
315968404.8325333,00000000-0000-0000-0000-000000000000,AV,1746.384964055311,449.7682503476098,PIT
315968404.8325333,00000000-0000-0000-0000-000000006882,OTHERS,1760.5488834292544,488.7741364784488,PIT
315968404.8325333,00000000-0000-0000-0000-000000006845,OTHERS,1720.2906134564969,454.9576912251452,PIT
315968404.8325333,00000000-0000-0000-0000-000000006860,OTHERS,1706.176906814097,437.7119653797274,PIT
315968404.8325333,00000000-0000-0000-0000-000000006391,OTHERS,1749.6876939238552,445.5682031839153,PIT
315968404.8325333,00000000-0000-0000-0000-000000006994,OTHERS,1702.9844378595265,502.7957366637249,PIT
315968404.8325333,00000000-0000-0000-0000-000000007027,OTHERS,1768.9079861339847,489.0066361270255,PIT
315968404.8325333,00000000-0000-0000-0000-000000006898,OTHERS,1765.2000619196951,487.35706793154725,PIT
315968404.8325333,00000000-0000-0000-0000-000000006872,OTHERS,1750.4369450364582,473.9536468699369,PIT
315968404.8325333,00000000-0000-0000-0000-000000006857,OTHERS,1715.672148915246,451.4042153414408,PIT
315968404.8325333,00000000-0000-0000-0000-000000006931,OTHERS,1772.0095754934423,425.1309819976832,PIT
315968404.8325333,00000000-0000-0000-0000-000000006799,OTHERS,1764.1298757436198,435.2747595815284,PIT
315968404.8325333,00000000-0000-0000-0000-000000007024,OTHERS,1711.224370631196,446.7363378338707,PIT
315968404.8325333,00000000-0000-0000-0000-000000007031,OTHERS,1691.7073579076464,530.8967055941272,PIT
315968404.8325333,00000000-0000-0000-0000-000000006800,OTHERS,1768.1065205745856,429.8910789824554,PIT
315968404.8325333,00000000-0000-0000-0000-000000006986,OTHERS,1748.7021062409433,462.38924375692665,PIT
315968404.8325333,00000000-0000-0000-0000-000000006981,AGENT,1739.47793418474,461.40357459597664,PIT
315968404.8325333,00000000-0000-0000-0000-000000007026,OTHERS,1743.31850628659,479.1934822907232,PIT
315968404.8325333,00000000-0000-0000-0000-000000007022,OTHERS,1764.533414600581,491.63015211053664,PIT
315968404.8325333,00000000-0000-0000-0000-000000007023,OTHERS,1711.8304650048428,449.02351471423333,PIT
315968404.8325333,00000000-0000-0000-0000-000000006961,OTHERS,1747.4453664311357,477.8692538772013,PIT
315968404.8325333,00000000-0000-0000-0000-000000006995,OTHERS,1699.412476041297,511.05198924202455,PIT
315968404.8325333,00000000-0000-0000-0000-000000006964,OTHERS,1753.6737440058844,440.9028053207096,PIT
315968404.9350879,00000000-0000-0000-0000-000000000000,AV,1746.3850538608015,449.7680608072982,PIT
315968404.9350879,00000000-0000-0000-0000-000000006882,OTHERS,1760.5403058083366,488.65561218050857,PIT
315968404.9350879,00000000-0000-0000-0000-000000006845,OTHERS,1720.257691980648,454.924962219607,PIT
315968404.9350879,00000000-0000-0000-0000-000000006860,OTHERS,1705.4374423847241,437.52572191738227,PIT
315968404.9350879,00000000-0000-0000-0000-000000006391,OTHERS,1749.6783224454828,445.5716651079225,PIT
315968404.9350879,00000000-0000-0000-0000-000000006994,OTHERS,1702.7748067261057,503.0529040553157,PIT
315968404.9350879,00000000-0000-0000-0000-000000007027,OTHERS,1768.7658404200738,488.91036914401224,PIT
315968404.9350879,00000000-0000-0000-0000-000000006799,OTHERS,1764.2056953944013,435.2580426683371,PIT
315968404.9350879,00000000-0000-0000-0000-000000007024,OTHERS,1711.1714250920554,446.75442138348,PIT
315968404.9350879,00000000-0000-0000-0000-000000007022,OTHERS,1764.5187940544931,491.59247614504926,PIT
315968404.9350879,00000000-0000-0000-0000-000000007037,OTHERS,1682.3508651503214,522.6336358845307,PIT
315968404.9350879,00000000-0000-0000-0000-000000006872,OTHERS,1750.069565430675,473.62604493632375,PIT
315968404.9350879,00000000-0000-0000-0000-000000006857,OTHERS,1715.6511282313593,451.34939684047686,PIT
315968404.9350879,00000000-0000-0000-0000-000000006931,OTHERS,1772.0388762416296,425.32759344062583,PIT
315968404.9350879,00000000-0000-0000-0000-000000007031,OTHERS,1691.7073579077514,530.896705594197,PIT
315968404.9350879,00000000-0000-0000-0000-000000006800,OTHERS,1767.9908171492066,430.0727469476103,PIT
315968404.9350879,00000000-0000-0000-0000-000000006986,OTHERS,1748.4255255905966,462.1288765320834,PIT
315968404.9350879,00000000-0000-0000-0000-000000007023,OTHERS,1711.8304650048276,449.0235147142733,PIT
315968404.9350879,00000000-0000-0000-0000-000000006961,OTHERS,1747.420749123437,477.8252574571141,PIT
315968404.9350879,00000000-0000-0000-0000-000000006995,OTHERS,1699.2988884345548,511.0089257306678,PIT
315968404.9350879,00000000-0000-0000-0000-000000006964,OTHERS,1753.704913007397,441.02851765702513,PIT
315968404.9350879,00000000-0000-0000-0000-000000007026,OTHERS,1743.1949918996474,479.0992014296472,PIT
315968404.9350879,00000000-0000-0000-0000-000000006981,AGENT,1739.3692782935839,460.8528297601561,PIT
315968404.9350879,00000000-0000-0000-0000-000000006898,OTHERS,1764.96108968559,487.2608685517037,PIT
315968405.0390567,00000000-0000-0000-0000-000000000000,AV,1746.3848829343665,449.7683397664616,PIT
315968405.0390567,00000000-0000-0000-0000-000000006882,OTHERS,1760.5370946125327,488.69668428693535,PIT
315968405.0390567,00000000-0000-0000-0000-000000006845,OTHERS,1720.245053869341,454.9349282830827,PIT
315968405.0390567,00000000-0000-0000-0000-000000006860,OTHERS,1704.4872640722135,437.2060862552625,PIT
315968405.0390567,00000000-0000-0000-0000-000000006391,OTHERS,1749.6861474399584,445.57158774967763,PIT
315968405.0390567,00000000-0000-0000-0000-000000006994,OTHERS,1702.5000498731993,503.29128729277,PIT
315968405.0390567,00000000-0000-0000-0000-000000007027,OTHERS,1768.4499747539621,488.66261909566094,PIT
315968405.0390567,00000000-0000-0000-0000-000000006799,OTHERS,1764.213652653387,435.25086465075935,PIT
315968405.0390567,00000000-0000-0000-0000-000000007024,OTHERS,1711.1686028140805,446.68806041402496,PIT
315968405.0390567,00000000-0000-0000-0000-000000007022,OTHERS,1764.5897455842724,491.66816760640313,PIT
315968405.0390567,00000000-0000-0000-0000-000000007037,OTHERS,1682.5363086318287,522.9231536711621,PIT
315968405.0390567,00000000-0000-0000-0000-000000006872,OTHERS,1749.6246364185315,473.2912706030524,PIT
315968405.0390567,00000000-0000-0000-0000-000000006857,OTHERS,1715.6256898987147,451.3253268808885,PIT
315968405.0390567,00000000-0000-0000-0000-000000006931,OTHERS,1772.0388762415705,425.3275934405728,PIT
315968405.0390567,00000000-0000-0000-0000-000000007031,OTHERS,1691.7073579078574,530.8967055942667,PIT
315968405.0390567,00000000-0000-0000-0000-000000006800,OTHERS,1768.0106590680462,429.9844680757786,PIT
315968405.0390567,00000000-0000-0000-0000-000000006986,OTHERS,1748.4255255905966,462.1288765320834,PIT
315968405.0390567,00000000-0000-0000-0000-000000007023,OTHERS,1711.8293699535543,449.0280729903228,PIT
315968405.0390567,00000000-0000-0000-0000-000000006961,OTHERS,1747.2015020636572,477.65818885327036,PIT
315968405.0390567,00000000-0000-0000-0000-000000006995,OTHERS,1699.4840521666863,511.1746726011956,PIT
315968405.0390567,00000000-0000-0000-0000-000000006964,OTHERS,1753.7042253304733,441.0500570082078,PIT
315968405.0390567,00000000-0000-0000-0000-000000007026,OTHERS,1743.1949918996474,479.0992014296472,PIT
315968405.0390567,00000000-0000-0000-0000-000000006981,AGENT,1739.2668525994854,460.2544982034864,PIT
315968405.0390567,00000000-0000-0000-0000-000000006898,OTHERS,1764.6766252406344,487.05364876871596,PIT
315968405.13687474,00000000-0000-0000-0000-000000000000,AV,1746.3851355672382,449.76814169835853,PIT
315968405.13687474,00000000-0000-0000-0000-000000006882,OTHERS,1760.568685604137,488.74885772310654,PIT
315968405.13687474,00000000-0000-0000-0000-000000006845,OTHERS,1720.2466127545672,454.9500969455285,PIT
315968405.13687474,00000000-0000-0000-0000-000000006860,OTHERS,1703.3120215767715,436.80722785799566,PIT
315968405.13687474,00000000-0000-0000-0000-000000006391,OTHERS,1749.672362322435,445.57988247524247,PIT
315968405.13687474,00000000-0000-0000-0000-000000006994,OTHERS,1702.3305561723764,503.5410198180992,PIT
315968405.13687474,00000000-0000-0000-0000-000000007023,OTHERS,1711.9579552284094,448.9707015913834,PIT
315968405.13687474,00000000-0000-0000-0000-000000006961,OTHERS,1747.0277941133124,477.5591172150654,PIT
315968405.13687474,00000000-0000-0000-0000-000000007022,OTHERS,1764.3691552696341,491.47208390078765,PIT
315968405.13687474,00000000-0000-0000-0000-000000007037,OTHERS,1683.1154437715668,523.3876691712304,PIT
315968405.13687474,00000000-0000-0000-0000-000000006872,OTHERS,1749.1134369774586,472.93046102794517,PIT
315968405.13687474,00000000-0000-0000-0000-000000006857,OTHERS,1715.659442456529,451.3184361359562,PIT
315968405.13687474,00000000-0000-0000-0000-000000006931,OTHERS,1772.1264713054572,425.0445053216947,PIT
315968405.13687474,00000000-0000-0000-0000-000000006799,OTHERS,1763.9752600849731,435.39037978321295,PIT
315968405.13687474,00000000-0000-0000-0000-000000007024,OTHERS,1711.1927213531244,446.6877243120797,PIT
315968405.13687474,00000000-0000-0000-0000-000000006800,OTHERS,1768.0264544130869,429.9792348768648,PIT
315968405.13687474,00000000-0000-0000-0000-000000006986,OTHERS,1748.4255255905966,462.1288765320834,PIT
315968405.13687474,00000000-0000-0000-0000-000000006995,OTHERS,1699.178924903888,511.00233412623567,PIT
315968405.13687474,00000000-0000-0000-0000-000000006964,OTHERS,1753.750586037135,440.87157303324165,PIT
315968405.13687474,00000000-0000-0000-0000-000000007026,OTHERS,1743.1949918996474,479.0992014296472,PIT
315968405.13687474,00000000-0000-0000-0000-000000006981,AGENT,1739.198181030064,459.6965743046558,PIT
315968405.13687474,00000000-0000-0000-0000-000000006898,OTHERS,1765.0766664293506,487.1597816829468,PIT
315968405.13687474,00000000-0000-0000-0000-000000007027,OTHERS,1768.7240974515232,488.86504000565424,PIT
315968405.2328192,00000000-0000-0000-0000-000000000000,AV,1746.3849810144784,449.7681361908432,PIT
315968405.2328192,00000000-0000-0000-0000-000000006882,OTHERS,1760.5498740619955,488.7302103080476,PIT
315968405.2328192,00000000-0000-0000-0000-000000006845,OTHERS,1720.2535072829446,454.9468924072898,PIT
315968405.2328192,00000000-0000-0000-0000-000000006860,OTHERS,1702.131487539382,436.37487269279717,PIT
315968405.2328192,00000000-0000-0000-0000-000000006391,OTHERS,1749.7025144626464,445.5468481911141,PIT
315968405.2328192,00000000-0000-0000-0000-000000006994,OTHERS,1701.7747560230075,503.5823381284922,PIT
315968405.2328192,00000000-0000-0000-0000-000000007027,OTHERS,1767.9731230641833,488.2566052627697,PIT
315968405.2328192,00000000-0000-0000-0000-000000006799,OTHERS,1764.1791237487055,435.2906981761698,PIT
315968405.2328192,00000000-0000-0000-0000-000000007024,OTHERS,1711.096265324271,446.60133415419716,PIT
315968405.2328192,00000000-0000-0000-0000-000000007022,OTHERS,1764.3536649854889,491.47194877688884,PIT
315968405.2328192,00000000-0000-0000-0000-000000007037,OTHERS,1683.3148249530852,523.6260362124139,PIT
315968405.2328192,00000000-0000-0000-0000-000000006872,OTHERS,1748.5845836128174,472.3915688385589,PIT
315968405.2328192,00000000-0000-0000-0000-000000006857,OTHERS,1715.6223904037238,451.3231262436363,PIT
315968405.2328192,00000000-0000-0000-0000-000000006931,OTHERS,1772.126471305426,425.04450532166663,PIT
315968405.2328192,00000000-0000-0000-0000-000000007023,OTHERS,1711.9579552283938,448.9707015913955,PIT
315968405.2328192,00000000-0000-0000-0000-000000006961,OTHERS,1746.9885754438596,477.56347083357286,PIT
315968405.2328192,00000000-0000-0000-0000-000000006964,OTHERS,1753.7267379343527,441.00592401386564,PIT
315968405.2328192,00000000-0000-0000-0000-000000006995,OTHERS,1699.1789249039139,511.0023341262562,PIT
315968405.2328192,00000000-0000-0000-0000-000000006800,OTHERS,1768.051077848943,429.99602797085913,PIT
315968405.2328192,00000000-0000-0000-0000-000000006986,OTHERS,1748.06378064837,461.86664746342,PIT
315968405.2328192,00000000-0000-0000-0000-000000007026,OTHERS,1743.013227617613,478.9467744169714,PIT
315968405.2328192,00000000-0000-0000-0000-000000006981,AGENT,1739.1443546863845,459.11367019901866,PIT
315968405.2328192,00000000-0000-0000-0000-000000006898,OTHERS,1764.1343296472626,486.5045149652218,PIT
315968405.33319795,00000000-0000-0000-0000-000000000000,AV,1746.3848899055286,449.76800395572775,PIT
315968405.33319795,00000000-0000-0000-0000-000000006882,OTHERS,1760.5222419154086,488.7029617274456,PIT
315968405.33319795,00000000-0000-0000-0000-000000006845,OTHERS,1720.2999254701244,454.9516960736462,PIT
315968405.33319795,00000000-0000-0000-0000-000000006860,OTHERS,1702.131487539382,436.37487269279717,PIT
315968405.33319795,00000000-0000-0000-0000-000000006391,OTHERS,1749.6846412082384,445.5601035378714,PIT
315968405.33319795,00000000-0000-0000-0000-000000006994,OTHERS,1701.7747560230239,503.5823381285099,PIT
315968405.33319795,00000000-0000-0000-0000-000000007027,OTHERS,1768.2899262440906,488.53449403659926,PIT
315968405.33319795,00000000-0000-0000-0000-000000006799,OTHERS,1764.067470424727,435.4060481423338,PIT
315968405.33319795,00000000-0000-0000-0000-000000007024,OTHERS,1711.1645250523227,446.6739013993308,PIT
315968405.33319795,00000000-0000-0000-0000-000000007022,OTHERS,1764.319672964245,491.41567251438096,PIT
315968405.33319795,00000000-0000-0000-0000-000000007037,OTHERS,1683.3148249531132,523.6260362124422,PIT
315968405.33319795,00000000-0000-0000-0000-000000006872,OTHERS,1747.5862703948605,471.7047465299098,PIT
315968405.33319795,00000000-0000-0000-0000-000000006857,OTHERS,1715.65524106616,451.37553717850824,PIT
315968405.33319795,00000000-0000-0000-0000-000000006931,OTHERS,1771.811417200671,425.003609063702,PIT
315968405.33319795,00000000-0000-0000-0000-000000007023,OTHERS,1711.9579552283785,448.97070159140793,PIT
315968405.33319795,00000000-0000-0000-0000-000000006961,OTHERS,1746.9297202979644,477.5928139761969,PIT
315968405.33319795,00000000-0000-0000-0000-000000006964,OTHERS,1753.7049887087073,440.994894283078,PIT
315968405.33319795,00000000-0000-0000-0000-000000006995,OTHERS,1699.1789249039407,511.00233412627716,PIT
315968405.33319795,00000000-0000-0000-0000-000000006800,OTHERS,1768.0668408423558,429.93181778602883,PIT
315968405.33319795,00000000-0000-0000-0000-000000006986,OTHERS,1747.9946879464878,461.8110674576132,PIT
315968405.33319795,00000000-0000-0000-0000-000000007026,OTHERS,1742.9170857929835,478.85760535905365,PIT
315968405.33319795,00000000-0000-0000-0000-000000006981,AGENT,1739.1501451106092,458.52832859738,PIT
315968405.33319795,00000000-0000-0000-0000-000000006898,OTHERS,1764.4645839380985,486.58943593344435,PIT
