TIMESTAMP,TRACK_ID,OBJECT_TYPE,X,Y,CITY_NAME
315996793.8167471,00000000-0000-0000-0000-000000000000,AV,1989.4441545970237,566.5220012401505,PIT
315996793.8167471,00000000-0000-0000-0000-000000002357,AGENT,1949.918257240493,533.7309948708022,PIT
315996793.8167471,00000000-0000-0000-0000-000000002385,OTHERS,2025.9855900449827,605.3672142527228,PIT
315996793.8167471,00000000-0000-0000-0000-000000002290,OTHERS,1937.559880165162,534.3387946976468,PIT
315996793.8167471,00000000-0000-0000-0000-000000002379,OTHERS,1983.4474706244973,612.3151415468848,PIT
315996793.8167471,00000000-0000-0000-0000-000000002381,OTHERS,1999.6348270099493,586.1532078726218,PIT
315996793.8167471,00000000-0000-0000-0000-000000002318,OTHERS,1958.2276040394227,551.5460908158053,PIT
315996793.8167471,00000000-0000-0000-0000-000000002363,OTHERS,1991.035396569724,603.085043763798,PIT
315996793.8167471,00000000-0000-0000-0000-000000002372,OTHERS,1987.3217888033846,571.7557420522054,PIT
315996793.9139867,00000000-0000-0000-0000-000000000000,AV,1990.2744856127522,567.2086183401726,PIT
315996793.9139867,00000000-0000-0000-0000-000000002357,AGENT,1951.899882653211,535.3422792755335,PIT
315996793.9139867,00000000-0000-0000-0000-000000002385,OTHERS,2024.7069515790465,604.4674275884828,PIT
315996793.9139867,00000000-0000-0000-0000-000000002290,OTHERS,1936.5735069914533,533.4445566491295,PIT
315996793.9139867,00000000-0000-0000-0000-000000002379,OTHERS,1983.297619582422,612.5055529629392,PIT
315996793.9139867,00000000-0000-0000-0000-000000002381,OTHERS,1998.5146527128313,585.2107259921959,PIT
315996793.9139867,00000000-0000-0000-0000-000000002318,OTHERS,1957.178964231148,550.638007043572,PIT
315996793.9139867,00000000-0000-0000-0000-000000002363,OTHERS,1990.8634570975355,603.2902058588528,PIT
315996793.9139867,00000000-0000-0000-0000-000000002372,OTHERS,1986.416695715572,571.0989448436061,PIT
315996794.00947416,00000000-0000-0000-0000-000000000000,AV,1991.0870220443253,567.8980952587813,PIT
315996794.00947416,00000000-0000-0000-0000-000000002357,AGENT,1951.899882653211,535.3422792755335,PIT
315996794.00947416,00000000-0000-0000-0000-000000002385,OTHERS,2024.7069515790465,604.4674275884828,PIT
315996794.00947416,00000000-0000-0000-0000-000000002290,OTHERS,1936.5735069914533,533.4445566491295,PIT
315996794.00947416,00000000-0000-0000-0000-000000002379,OTHERS,1983.297619582422,612.5055529629392,PIT
315996794.00947416,00000000-0000-0000-0000-000000002381,OTHERS,1998.5146527128313,585.2107259921959,PIT
315996794.00947416,00000000-0000-0000-0000-000000002318,OTHERS,1957.178964231148,550.638007043572,PIT
315996794.00947416,00000000-0000-0000-0000-000000002363,OTHERS,1990.8634570975355,603.2902058588528,PIT
315996794.00947416,00000000-0000-0000-0000-000000002372,OTHERS,1986.416695715572,571.0989448436061,PIT
315996794.1149518,00000000-0000-0000-0000-000000000000,AV,1991.983442132299,568.6614722879094,PIT
315996794.1149518,00000000-0000-0000-0000-000000002318,OTHERS,1956.183521378233,549.884542495312,PIT
315996794.1149518,00000000-0000-0000-0000-000000002363,OTHERS,1990.8677029739108,603.2283615047494,PIT
315996794.1149518,00000000-0000-0000-0000-000000002372,OTHERS,1985.5508761908045,570.211662092036,PIT
315996794.1149518,00000000-0000-0000-0000-000000002357,AGENT,1953.1800553717346,536.4775746512385,PIT
315996794.1149518,00000000-0000-0000-0000-000000002385,OTHERS,2023.5482187950245,603.5226942114938,PIT
315996794.1149518,00000000-0000-0000-0000-000000002290,OTHERS,1935.3426359782159,532.7532537382641,PIT
315996794.1149518,00000000-0000-0000-0000-000000002379,OTHERS,1983.5705483696759,612.2703915897102,PIT
315996794.1149518,00000000-0000-0000-0000-000000002381,OTHERS,1997.2032005161645,584.1367547101918,PIT
315996794.2152583,00000000-0000-0000-0000-000000000000,AV,1992.8005233451183,569.3568050114018,PIT
315996794.2152583,00000000-0000-0000-0000-000000002318,OTHERS,1955.451772486012,549.3125644573912,PIT
315996794.2152583,00000000-0000-0000-0000-000000002363,OTHERS,1990.678733955941,603.31471982211,PIT
315996794.2152583,00000000-0000-0000-0000-000000002372,OTHERS,1984.614301866364,569.3146739847741,PIT
315996794.2152583,00000000-0000-0000-0000-000000002357,AGENT,1953.7847002762194,536.9528544645457,PIT
315996794.2152583,00000000-0000-0000-0000-000000002388,OTHERS,1974.8727916843466,622.5333866198629,PIT
315996794.2152583,00000000-0000-0000-0000-000000002387,OTHERS,1983.504339182829,569.8150140782477,PIT
315996794.2152583,00000000-0000-0000-0000-000000002385,OTHERS,2022.2142374886319,602.6853306761219,PIT
315996794.2152583,00000000-0000-0000-0000-000000002290,OTHERS,1934.2701983810446,531.8134506002144,PIT
315996794.2152583,00000000-0000-0000-0000-000000002379,OTHERS,1983.4077124513733,612.4241734591335,PIT
315996794.2152583,00000000-0000-0000-0000-000000002381,OTHERS,1996.0204939691987,583.1149033608317,PIT
315996794.3160965,00000000-0000-0000-0000-000000000000,AV,1993.6981187785125,570.1238345940112,PIT
315996794.3160965,00000000-0000-0000-0000-000000002357,AGENT,1956.499015274832,539.1599952860424,PIT
315996794.3160965,00000000-0000-0000-0000-000000002388,OTHERS,1974.9785128069839,622.6565017424738,PIT
315996794.3160965,00000000-0000-0000-0000-000000002389,OTHERS,1977.324266610356,604.4791990133725,PIT
315996794.3160965,00000000-0000-0000-0000-000000002385,OTHERS,2019.7140202384592,600.9154494642395,PIT
315996794.3160965,00000000-0000-0000-0000-000000002290,OTHERS,1932.0748683837849,529.6362958636843,PIT
315996794.3160965,00000000-0000-0000-0000-000000002379,OTHERS,1983.5961999833166,612.2528162290529,PIT
315996794.3160965,00000000-0000-0000-0000-000000002381,OTHERS,1993.6449061693656,581.1602648823454,PIT
315996794.3160965,00000000-0000-0000-0000-000000002318,OTHERS,1953.2674781688745,547.4815027904275,PIT
315996794.3160965,00000000-0000-0000-0000-000000002363,OTHERS,1991.0635672435528,603.0657470781346,PIT
315996794.3160965,00000000-0000-0000-0000-000000002372,OTHERS,1982.226137380813,567.3410648458338,PIT
315996794.4073588,00000000-0000-0000-0000-000000000000,AV,1994.432156661936,570.7488750627916,PIT
315996794.4073588,00000000-0000-0000-0000-000000002357,AGENT,1956.499015274832,539.1599952860424,PIT
315996794.4073588,00000000-0000-0000-0000-000000002388,OTHERS,1974.9785128069839,622.6565017424738,PIT
315996794.4073588,00000000-0000-0000-0000-000000002389,OTHERS,1977.324266610356,604.4791990133725,PIT
315996794.4073588,00000000-0000-0000-0000-000000002385,OTHERS,2019.7140202384592,600.9154494642395,PIT
315996794.4073588,00000000-0000-0000-0000-000000002290,OTHERS,1932.0748683837849,529.6362958636843,PIT
315996794.4073588,00000000-0000-0000-0000-000000002379,OTHERS,1983.5961999833166,612.2528162290529,PIT
315996794.4073588,00000000-0000-0000-0000-000000002381,OTHERS,1993.6449061693656,581.1602648823454,PIT
315996794.4073588,00000000-0000-0000-0000-000000002318,OTHERS,1953.2674781688745,547.4815027904275,PIT
315996794.4073588,00000000-0000-0000-0000-000000002363,OTHERS,1991.0635672435528,603.0657470781346,PIT
315996794.4073588,00000000-0000-0000-0000-000000002372,OTHERS,1982.226137380813,567.3410648458338,PIT
315996794.5196116,00000000-0000-0000-0000-000000000000,AV,1995.3320655849125,571.5157814690523,PIT
315996794.5196116,00000000-0000-0000-0000-000000002389,OTHERS,1977.374190371648,604.350236492984,PIT
315996794.5196116,00000000-0000-0000-0000-000000002318,OTHERS,1951.095751166811,545.7982450326261,PIT
315996794.5196116,00000000-0000-0000-0000-000000002363,OTHERS,1990.967627216128,603.2245731611564,PIT
315996794.5196116,00000000-0000-0000-0000-000000002372,OTHERS,1979.7333003770066,565.3403412585967,PIT
315996794.5196116,00000000-0000-0000-0000-000000002357,AGENT,1959.1558568885107,541.6738939264336,PIT
315996794.5196116,00000000-0000-0000-0000-000000002388,OTHERS,1975.2988823717105,622.4902758863177,PIT
315996794.5196116,00000000-0000-0000-0000-000000002385,OTHERS,2017.4860613759986,599.2327368683923,PIT
315996794.5196116,00000000-0000-0000-0000-000000002290,OTHERS,1929.9355858865838,527.725812072952,PIT
315996794.5196116,00000000-0000-0000-0000-000000002379,OTHERS,1983.3829354662385,612.1559389185479,PIT
315996794.5196116,00000000-0000-0000-0000-000000002381,OTHERS,1991.6098429729736,579.5198108785518,PIT
315996794.62340486,00000000-0000-0000-0000-000000000000,AV,1996.2389507059106,572.2888662742497,PIT
315996794.62340486,00000000-0000-0000-0000-000000002389,OTHERS,1977.5638477362588,604.3563773983523,PIT
315996794.62340486,00000000-0000-0000-0000-000000002318,OTHERS,1950.14610479123,544.8831749270237,PIT
315996794.62340486,00000000-0000-0000-0000-000000002363,OTHERS,1991.0510324461166,603.2245710893236,PIT
315996794.62340486,00000000-0000-0000-0000-000000002372,OTHERS,1978.4978724643447,564.2965359837258,PIT
315996794.62340486,00000000-0000-0000-0000-000000002391,OTHERS,1972.848357589736,609.8037835677726,PIT
315996794.62340486,00000000-0000-0000-0000-000000002357,AGENT,1960.3036777549007,542.5173750691933,PIT
315996794.62340486,00000000-0000-0000-0000-000000002388,OTHERS,1975.2034085841406,622.5327371693847,PIT
315996794.62340486,00000000-0000-0000-0000-000000002385,OTHERS,2016.200732651179,598.3047638940631,PIT
315996794.62340486,00000000-0000-0000-0000-000000002290,OTHERS,1928.7035105886448,526.9232698385557,PIT
315996794.62340486,00000000-0000-0000-0000-000000002379,OTHERS,1983.7383584345248,612.1696725440218,PIT
315996794.62340486,00000000-0000-0000-0000-000000002381,OTHERS,1990.626537840101,578.3420020632319,PIT
315996794.71227366,00000000-0000-0000-0000-000000000000,AV,1996.977226839735,572.915088480611,PIT
315996794.71227366,00000000-0000-0000-0000-000000002389,OTHERS,1977.5318154083511,604.4974109786841,PIT
315996794.71227366,00000000-0000-0000-0000-000000002318,OTHERS,1948.9154663555994,543.914220885192,PIT
315996794.71227366,00000000-0000-0000-0000-000000002363,OTHERS,1991.0919221942347,603.3434220959617,PIT
315996794.71227366,00000000-0000-0000-0000-000000002372,OTHERS,1977.2672518126333,563.2521853353828,PIT
315996794.71227366,00000000-0000-0000-0000-000000002391,OTHERS,1972.848357589736,609.8037835677726,PIT
315996794.71227366,00000000-0000-0000-0000-000000002357,AGENT,1961.6414827146973,543.4705961316904,PIT
315996794.71227366,00000000-0000-0000-0000-000000002388,OTHERS,1975.2034085926389,622.5327371766156,PIT
315996794.71227366,00000000-0000-0000-0000-000000002385,OTHERS,2015.0986347892904,597.5327500769213,PIT
315996794.71227366,00000000-0000-0000-0000-000000002290,OTHERS,1927.7222764734681,526.0819249641013,PIT
315996794.71227366,00000000-0000-0000-0000-000000002379,OTHERS,1983.5712472630985,612.2595781151872,PIT
315996794.71227366,00000000-0000-0000-0000-000000002381,OTHERS,1989.2805021736688,577.4707429258734,PIT
315996794.8157834,00000000-0000-0000-0000-000000000000,AV,1997.8856132821493,573.6853627064557,PIT
315996794.8157834,00000000-0000-0000-0000-000000002389,OTHERS,1977.260865585964,604.5162172879051,PIT
315996794.8157834,00000000-0000-0000-0000-000000002318,OTHERS,1947.8200361849729,543.0408838244133,PIT
315996794.8157834,00000000-0000-0000-0000-000000002363,OTHERS,1991.0297562449798,603.1979016695371,PIT
315996794.8157834,00000000-0000-0000-0000-000000002372,OTHERS,1976.0641740101835,562.2954593417916,PIT
315996794.8157834,00000000-0000-0000-0000-000000002391,OTHERS,1972.848357589736,609.8037835677726,PIT
315996794.8157834,00000000-0000-0000-0000-000000002357,AGENT,1963.0541753563746,544.9498502117759,PIT
315996794.8157834,00000000-0000-0000-0000-000000002388,OTHERS,1975.2024866961108,622.6246371670387,PIT
315996794.8157834,00000000-0000-0000-0000-000000002385,OTHERS,2013.8345402312161,596.5278799784694,PIT
315996794.8157834,00000000-0000-0000-0000-000000002290,OTHERS,1926.6769365905639,525.4824263094999,PIT
315996794.8157834,00000000-0000-0000-0000-000000002379,OTHERS,1983.76831851814,612.0947621608109,PIT
315996794.8157834,00000000-0000-0000-0000-000000002381,OTHERS,1988.5664212941253,576.8045773735239,PIT
315996794.91343915,00000000-0000-0000-0000-000000000000,AV,1998.7114382226944,574.3833366566603,PIT
315996794.91343915,00000000-0000-0000-0000-000000002389,OTHERS,1977.2098542312472,604.6584134588443,PIT
315996794.91343915,00000000-0000-0000-0000-000000002318,OTHERS,1946.6437730558466,542.032432094572,PIT
315996794.91343915,00000000-0000-0000-0000-000000002363,OTHERS,1990.9669562591384,603.338228824821,PIT
315996794.91343915,00000000-0000-0000-0000-000000002372,OTHERS,1974.87651817044,561.3490802695459,PIT
315996794.91343915,00000000-0000-0000-0000-000000002391,OTHERS,1972.848357589736,609.8037835677726,PIT
315996794.91343915,00000000-0000-0000-0000-000000002357,AGENT,1964.2912891841825,545.7987592317373,PIT
315996794.91343915,00000000-0000-0000-0000-000000002388,OTHERS,1975.349582385268,622.6207214360078,PIT
315996794.91343915,00000000-0000-0000-0000-000000002385,OTHERS,2012.7251824514385,595.8539395204701,PIT
315996794.91343915,00000000-0000-0000-0000-000000002290,OTHERS,1925.598025855946,524.3708551173661,PIT
315996794.91343915,00000000-0000-0000-0000-000000002379,OTHERS,1983.636495809937,612.2370047378017,PIT
315996794.91343915,00000000-0000-0000-0000-000000002381,OTHERS,1987.4608224124665,575.8847514201736,PIT
315996795.0136925,00000000-0000-0000-0000-000000000000,AV,1999.5385687156838,575.0805796892313,PIT
315996795.0136925,00000000-0000-0000-0000-000000002318,OTHERS,1946.643773063904,542.0324321023977,PIT
315996795.0136925,00000000-0000-0000-0000-000000002363,OTHERS,1991.0612349124985,603.1900925714308,PIT
315996795.0136925,00000000-0000-0000-0000-000000002372,OTHERS,1973.693824062547,560.3410619400868,PIT
315996795.0136925,00000000-0000-0000-0000-000000002290,OTHERS,1924.758924110964,523.4502489310748,PIT
315996795.0136925,00000000-0000-0000-0000-000000002379,OTHERS,1984.0441615204104,611.8725341696711,PIT
315996795.0136925,00000000-0000-0000-0000-000000002389,OTHERS,1977.1367900040145,605.0327635136302,PIT
315996795.0136925,00000000-0000-0000-0000-000000002357,AGENT,1965.590216295861,546.8253149112678,PIT
315996795.0136925,00000000-0000-0000-0000-000000002388,OTHERS,1975.1353305327088,622.5396817307848,PIT
315996795.0136925,00000000-0000-0000-0000-000000002385,OTHERS,2011.3410841502755,594.720900630904,PIT
315996795.0136925,00000000-0000-0000-0000-000000002381,OTHERS,1986.2813326632113,574.9035785229529,PIT
315996795.11376137,00000000-0000-0000-0000-000000000000,AV,2000.3700671772951,575.7782764494688,PIT
315996795.11376137,00000000-0000-0000-0000-000000002318,OTHERS,1944.7301067605881,540.091643603565,PIT
315996795.11376137,00000000-0000-0000-0000-000000002363,OTHERS,1991.1076559157173,603.1717148560892,PIT
315996795.11376137,00000000-0000-0000-0000-000000002372,OTHERS,1972.4918776036527,559.3546069012442,PIT
315996795.11376137,00000000-0000-0000-0000-000000002290,OTHERS,1923.5695654121805,522.7041678398964,PIT
315996795.11376137,00000000-0000-0000-0000-000000002379,OTHERS,1983.7976745542933,612.0739734324459,PIT
315996795.11376137,00000000-0000-0000-0000-000000002392,OTHERS,1968.0500017878353,621.2254190918817,PIT
315996795.11376137,00000000-0000-0000-0000-000000002389,OTHERS,1977.207984583677,604.6928196196957,PIT
315996795.11376137,00000000-0000-0000-0000-000000002357,AGENT,1967.0017204506448,548.0468648114513,PIT
315996795.11376137,00000000-0000-0000-0000-000000002388,OTHERS,1975.1547561870948,622.6112994142135,PIT
315996795.11376137,00000000-0000-0000-0000-000000002385,OTHERS,2010.310833058033,594.015001911491,PIT
315996795.11376137,00000000-0000-0000-0000-000000002381,OTHERS,1985.1342083781456,573.9272213434729,PIT
315996795.21013397,00000000-0000-0000-0000-000000000000,AV,2001.203522596015,576.4752862524917,PIT
315996795.21013397,00000000-0000-0000-0000-000000002318,OTHERS,1944.7301067605881,540.091643603565,PIT
315996795.21013397,00000000-0000-0000-0000-000000002363,OTHERS,1991.1076559157173,603.1717148560892,PIT
315996795.21013397,00000000-0000-0000-0000-000000002372,OTHERS,1972.4918776036527,559.3546069012442,PIT
315996795.21013397,00000000-0000-0000-0000-000000002290,OTHERS,1923.5695654121805,522.7041678398964,PIT
315996795.21013397,00000000-0000-0000-0000-000000002379,OTHERS,1983.7976745542933,612.0739734324459,PIT
315996795.21013397,00000000-0000-0000-0000-000000002392,OTHERS,1968.0500017878353,621.2254190918817,PIT
315996795.21013397,00000000-0000-0000-0000-000000002389,OTHERS,1977.207984583677,604.6928196196957,PIT
315996795.21013397,00000000-0000-0000-0000-000000002357,AGENT,1967.0017204506448,548.0468648114513,PIT
315996795.21013397,00000000-0000-0000-0000-000000002388,OTHERS,1975.1547561870948,622.6112994142135,PIT
315996795.21013397,00000000-0000-0000-0000-000000002385,OTHERS,2010.310833058033,594.015001911491,PIT
315996795.21013397,00000000-0000-0000-0000-000000002381,OTHERS,1985.1342083781456,573.9272213434729,PIT
315996795.31782925,00000000-0000-0000-0000-000000000000,AV,2002.1193463719721,577.238340151687,PIT
315996795.31782925,00000000-0000-0000-0000-000000002318,OTHERS,1944.7301067764374,540.0916436195988,PIT
315996795.31782925,00000000-0000-0000-0000-000000002363,OTHERS,1991.063416133486,603.2526792006211,PIT
315996795.31782925,00000000-0000-0000-0000-000000002372,OTHERS,1970.5475144062616,557.838927844661,PIT
315996795.31782925,00000000-0000-0000-0000-000000002290,OTHERS,1921.5910362446607,520.916024591547,PIT
315996795.31782925,00000000-0000-0000-0000-000000002379,OTHERS,1984.073444130489,611.9735867954435,PIT
315996795.31782925,00000000-0000-0000-0000-000000002381,OTHERS,1982.8151106481216,571.973178096164,PIT
315996795.31782925,00000000-0000-0000-0000-000000002385,OTHERS,2007.8222877204998,592.3015065313418,PIT
315996795.31782925,00000000-0000-0000-0000-000000002392,OTHERS,1968.4445026776748,620.6333227018404,PIT
315996795.31782925,00000000-0000-0000-0000-000000002389,OTHERS,1977.1629750521079,605.0321947515879,PIT
315996795.31782925,00000000-0000-0000-0000-000000002357,AGENT,1969.5326203993893,550.2563063034912,PIT
315996795.31782925,00000000-0000-0000-0000-000000002388,OTHERS,1975.1547562054525,622.6112994293227,PIT
315996795.4122873,00000000-0000-0000-0000-000000000000,AV,2002.9542336988195,577.9306562783743,PIT
315996795.4122873,00000000-0000-0000-0000-000000002318,OTHERS,1944.7301067843616,540.0916436276153,PIT
315996795.4122873,00000000-0000-0000-0000-000000002363,OTHERS,1991.1417280128487,603.2231376218582,PIT
315996795.4122873,00000000-0000-0000-0000-000000002372,OTHERS,1969.4675864758667,556.8749857404608,PIT
315996795.4122873,00000000-0000-0000-0000-000000002290,OTHERS,1920.4769500031725,520.2027861763904,PIT
315996795.4122873,00000000-0000-0000-0000-000000002379,OTHERS,1983.952076655123,611.9740931884729,PIT
315996795.4122873,00000000-0000-0000-0000-000000002381,OTHERS,1981.553457537188,570.9300993836692,PIT
315996795.4122873,00000000-0000-0000-0000-000000002385,OTHERS,2006.7303023179238,591.3234619602492,PIT
315996795.4122873,00000000-0000-0000-0000-000000002392,OTHERS,1968.444502686873,620.6333227095192,PIT
315996795.4122873,00000000-0000-0000-0000-000000002389,OTHERS,1976.9651059063326,605.1952247483026,PIT
315996795.4122873,00000000-0000-0000-0000-000000002357,AGENT,1970.9727299952488,551.4444936512739,PIT
315996795.4122873,00000000-0000-0000-0000-000000002388,OTHERS,1975.154756214631,622.6112994368765,PIT
315996795.51314306,00000000-0000-0000-0000-000000000000,AV,2003.7903099710568,578.6212905960207,PIT
315996795.51314306,00000000-0000-0000-0000-000000002357,AGENT,1972.2727856960275,552.557022436502,PIT
315996795.51314306,00000000-0000-0000-0000-000000002363,OTHERS,1991.2913303693438,603.1245015859162,PIT
315996795.51314306,00000000-0000-0000-0000-000000002372,OTHERS,1968.0520627073192,555.7717856002678,PIT
315996795.51314306,00000000-0000-0000-0000-000000002290,OTHERS,1919.4549545640045,519.1789105013082,PIT
315996795.51314306,00000000-0000-0000-0000-000000002379,OTHERS,1984.1040565099408,611.91046430705,PIT
315996795.51314306,00000000-0000-0000-0000-000000002381,OTHERS,1980.4209466531024,569.9139693409073,PIT
315996795.51314306,00000000-0000-0000-0000-000000002385,OTHERS,2005.4907833492766,590.3939296470247,PIT
315996795.51314306,00000000-0000-0000-0000-000000002399,OTHERS,2033.2531151317194,608.2413336440087,PIT
315996795.51314306,00000000-0000-0000-0000-000000002392,OTHERS,1968.4445026960727,620.633322717198,PIT
315996795.51314306,00000000-0000-0000-0000-000000002389,OTHERS,1977.0524314043075,605.0923157609523,PIT
315996795.61251444,00000000-0000-0000-0000-000000000000,AV,2004.7074855801363,579.3768823389673,PIT
315996795.61251444,00000000-0000-0000-0000-000000002357,AGENT,1973.4682714613305,553.6024529237645,PIT
315996795.61251444,00000000-0000-0000-0000-000000002363,OTHERS,1991.4251373507464,603.0838199665426,PIT
315996795.61251444,00000000-0000-0000-0000-000000002372,OTHERS,1966.849152090633,554.9684199822501,PIT
315996795.61251444,00000000-0000-0000-0000-000000002290,OTHERS,1918.2931845399496,518.1108769566804,PIT
315996795.61251444,00000000-0000-0000-0000-000000002379,OTHERS,1984.0369297976144,611.9360275819159,PIT
315996795.61251444,00000000-0000-0000-0000-000000002399,OTHERS,2031.9892201008145,607.2491268940233,PIT
315996795.61251444,00000000-0000-0000-0000-000000002385,OTHERS,2004.4436998365948,589.588116505976,PIT
315996795.61251444,00000000-0000-0000-0000-000000002389,OTHERS,1977.204052455725,605.199224856896,PIT
315996795.61251444,00000000-0000-0000-0000-000000002381,OTHERS,1979.187310998975,568.8772957795647,PIT
315996795.7106203,00000000-0000-0000-0000-000000000000,AV,2005.548872730868,580.0661713344498,PIT
315996795.7106203,00000000-0000-0000-0000-000000002357,AGENT,1974.835665528172,554.6556958729872,PIT
315996795.7106203,00000000-0000-0000-0000-000000002363,OTHERS,1991.4312421055545,603.1790667990903,PIT
315996795.7106203,00000000-0000-0000-0000-000000002372,OTHERS,1965.616939837581,553.8064078901125,PIT
315996795.7106203,00000000-0000-0000-0000-000000002389,OTHERS,1977.452127425715,604.7060930531858,PIT
315996795.7106203,00000000-0000-0000-0000-000000002399,OTHERS,2030.5479142075887,606.2499252137172,PIT
315996795.7106203,00000000-0000-0000-0000-000000002385,OTHERS,2003.2662156952526,588.6899818036712,PIT
315996795.7106203,00000000-0000-0000-0000-000000002290,OTHERS,1917.4915528122465,517.5411615807373,PIT
315996795.7106203,00000000-0000-0000-0000-000000002379,OTHERS,1984.0401109206653,611.8115267370631,PIT
315996795.7106203,00000000-0000-0000-0000-000000002381,OTHERS,1978.1401321808426,568.0230932585805,PIT
315996795.81127644,00000000-0000-0000-0000-000000000000,AV,2006.3886632263645,580.7507303820253,PIT
315996795.81127644,00000000-0000-0000-0000-000000002357,AGENT,1976.213825371352,555.9732331408267,PIT
315996795.81127644,00000000-0000-0000-0000-000000002363,OTHERS,1991.4013205912147,603.0980560227986,PIT
315996795.81127644,00000000-0000-0000-0000-000000002372,OTHERS,1964.3139218629733,552.9677168293431,PIT
315996795.81127644,00000000-0000-0000-0000-000000002290,OTHERS,1916.27724916888,516.9557649451713,PIT
315996795.81127644,00000000-0000-0000-0000-000000002379,OTHERS,1983.9673954885761,611.7124178169827,PIT
315996795.81127644,00000000-0000-0000-0000-000000002381,OTHERS,1977.0069593521305,567.1322582968551,PIT
315996795.81127644,00000000-0000-0000-0000-000000002389,OTHERS,1977.306530077648,604.8619482183824,PIT
315996795.81127644,00000000-0000-0000-0000-000000002399,OTHERS,2029.898895227474,605.7676903763431,PIT
315996795.81127644,00000000-0000-0000-0000-000000002385,OTHERS,2002.3019239005635,587.9123518537758,PIT
315996795.9038928,00000000-0000-0000-0000-000000000000,AV,2007.1437055765352,581.363351212407,PIT
315996795.9038928,00000000-0000-0000-0000-000000002357,AGENT,1976.213825371352,555.9732331408267,PIT
315996795.9038928,00000000-0000-0000-0000-000000002363,OTHERS,1991.4013205912147,603.0980560227986,PIT
315996795.9038928,00000000-0000-0000-0000-000000002372,OTHERS,1964.3139218629733,552.9677168293431,PIT
315996795.9038928,00000000-0000-0000-0000-000000002290,OTHERS,1916.27724916888,516.9557649451713,PIT
315996795.9038928,00000000-0000-0000-0000-000000002379,OTHERS,1983.9673954885761,611.7124178169827,PIT
315996795.9038928,00000000-0000-0000-0000-000000002381,OTHERS,1977.0069593521305,567.1322582968551,PIT
315996795.9038928,00000000-0000-0000-0000-000000002389,OTHERS,1977.306530077648,604.8619482183824,PIT
315996795.9038928,00000000-0000-0000-0000-000000002399,OTHERS,2029.898895227474,605.7676903763431,PIT
315996795.9038928,00000000-0000-0000-0000-000000002385,OTHERS,2002.3019239005635,587.9123518537758,PIT
315996796.01758635,00000000-0000-0000-0000-000000000000,AV,2008.1555675793993,582.1811457721408,PIT
315996796.01758635,00000000-0000-0000-0000-000000002363,OTHERS,1991.5831412282143,603.1957231860232,PIT
315996796.01758635,00000000-0000-0000-0000-000000002372,OTHERS,1961.9216739690078,550.8217504506781,PIT
315996796.01758635,00000000-0000-0000-0000-000000002290,OTHERS,1914.6273160596008,514.9238414679194,PIT
315996796.01758635,00000000-0000-0000-0000-000000002379,OTHERS,1983.9673955073056,611.712417832176,PIT
315996796.01758635,00000000-0000-0000-0000-000000002381,OTHERS,1975.1170547126362,565.7428004089568,PIT
315996796.01758635,00000000-0000-0000-0000-000000002389,OTHERS,1977.3938202754125,604.6655143816067,PIT
315996796.01758635,00000000-0000-0000-0000-000000002403,OTHERS,2055.2897660087733,628.5239397869965,PIT
315996796.01758635,00000000-0000-0000-0000-000000002357,AGENT,1978.730651419642,558.0171592995454,PIT
315996796.01758635,00000000-0000-0000-0000-000000002399,OTHERS,2027.6516268162854,604.039784066641,PIT
315996796.01758635,00000000-0000-0000-0000-000000002385,OTHERS,2000.096662166776,586.188264911646,PIT
315996796.1130911,00000000-0000-0000-0000-000000000000,AV,2008.9969244541144,582.8571681628165,PIT
315996796.1130911,00000000-0000-0000-0000-000000002363,OTHERS,1991.5966206528574,603.1584512777408,PIT
315996796.1130911,00000000-0000-0000-0000-000000002372,OTHERS,1960.6420871272528,549.7943881671595,PIT
315996796.1130911,00000000-0000-0000-0000-000000002290,OTHERS,1913.726233743417,514.0983989032237,PIT
315996796.1130911,00000000-0000-0000-0000-000000002379,OTHERS,1983.9673955166704,611.7124178397734,PIT
315996796.1130911,00000000-0000-0000-0000-000000002381,OTHERS,1973.7216360899201,564.3390930794902,PIT
315996796.1130911,00000000-0000-0000-0000-000000002399,OTHERS,2026.283135916996,603.0809378227815,PIT
315996796.1130911,00000000-0000-0000-0000-000000002404,OTHERS,1974.546110087773,609.2290267485366,PIT
315996796.1130911,00000000-0000-0000-0000-000000002403,OTHERS,2055.2897660186213,628.5239397927278,PIT
315996796.1130911,00000000-0000-0000-0000-000000002389,OTHERS,1976.9927646829249,605.4133123296388,PIT
315996796.1130911,00000000-0000-0000-0000-000000002357,AGENT,1980.150998282906,559.3661859499783,PIT
315996796.1130911,00000000-0000-0000-0000-000000002406,OTHERS,1972.9674700912376,615.4330979942663,PIT
315996796.1130911,00000000-0000-0000-0000-000000002385,OTHERS,1999.1161267201944,585.3670976689949,PIT
315996796.1130911,00000000-0000-0000-0000-000000002402,OTHERS,1971.9147547373666,616.7958733514228,PIT
315996796.21212023,00000000-0000-0000-0000-000000000000,AV,2009.8431333095816,583.5371473653166,PIT
315996796.21212023,00000000-0000-0000-0000-000000002290,OTHERS,1913.726233750123,514.0983989129163,PIT
315996796.21212023,00000000-0000-0000-0000-000000002363,OTHERS,1991.69541343392,603.25578516808,PIT
315996796.21212023,00000000-0000-0000-0000-000000002372,OTHERS,1959.6621930972683,548.8256554044748,PIT
315996796.21212023,00000000-0000-0000-0000-000000002381,OTHERS,1972.9266559147345,563.7244801499411,PIT
315996796.21212023,00000000-0000-0000-0000-000000002399,OTHERS,2024.9719008911688,602.0706346329919,PIT
315996796.21212023,00000000-0000-0000-0000-000000002404,OTHERS,1974.547208800533,609.0673270359124,PIT
315996796.21212023,00000000-0000-0000-0000-000000002403,OTHERS,2055.28976602847,628.5239397984598,PIT
315996796.21212023,00000000-0000-0000-0000-000000002407,OTHERS,2052.2103899511767,625.7361381875105,PIT
315996796.21212023,00000000-0000-0000-0000-000000002389,OTHERS,1977.162970593498,605.0724875634445,PIT
315996796.21212023,00000000-0000-0000-0000-000000002405,OTHERS,1973.6350252460998,610.6424293984386,PIT
315996796.21212023,00000000-0000-0000-0000-000000002357,AGENT,1981.4242047798514,560.5246817855883,PIT
315996796.21212023,00000000-0000-0000-0000-000000002406,OTHERS,1973.5770489820984,614.8947585249042,PIT
315996796.21212023,00000000-0000-0000-0000-000000002385,OTHERS,1997.8998300840487,584.4662524338452,PIT
315996796.21212023,00000000-0000-0000-0000-000000002402,OTHERS,1971.9147547373666,616.7958733514228,PIT
315996796.31458914,00000000-0000-0000-0000-000000000000,AV,2010.769436943452,584.2766779666598,PIT
315996796.31458914,00000000-0000-0000-0000-000000002290,OTHERS,1913.7262337568286,514.0983989226077,PIT
315996796.31458914,00000000-0000-0000-0000-000000002363,OTHERS,1991.8026234983429,603.1794712379233,PIT
315996796.31458914,00000000-0000-0000-0000-000000002372,OTHERS,1958.4869872131974,547.7516833520566,PIT
315996796.31458914,00000000-0000-0000-0000-000000002381,OTHERS,1971.858059160305,562.9461651935901,PIT
315996796.31458914,00000000-0000-0000-0000-000000002399,OTHERS,2023.804662619481,601.2286625868652,PIT
315996796.31458914,00000000-0000-0000-0000-000000002404,OTHERS,1974.303205468153,609.446626422804,PIT
315996796.31458914,00000000-0000-0000-0000-000000002403,OTHERS,2055.289766038318,628.5239398041917,PIT
315996796.31458914,00000000-0000-0000-0000-000000002407,OTHERS,2052.210389960952,625.7361381933523,PIT
315996796.31458914,00000000-0000-0000-0000-000000002389,OTHERS,1977.1428140674168,605.1707401753838,PIT
315996796.31458914,00000000-0000-0000-0000-000000002405,OTHERS,1973.6350252554807,610.6424294063352,PIT
315996796.31458914,00000000-0000-0000-0000-000000002357,AGENT,1982.8749506733884,561.8057388079031,PIT
315996796.31458914,00000000-0000-0000-0000-000000002406,OTHERS,1974.0287104159286,614.1262526215455,PIT
315996796.31458914,00000000-0000-0000-0000-000000002385,OTHERS,1996.9938035245416,583.6015322541181,PIT
315996796.31458914,00000000-0000-0000-0000-000000002402,OTHERS,1971.9147547373666,616.7958733514228,PIT
315996796.41371715,00000000-0000-0000-0000-000000000000,AV,2011.6171706243604,584.9489781366892,PIT
315996796.41371715,00000000-0000-0000-0000-000000002290,OTHERS,1913.7262337635327,514.0983989322998,PIT
315996796.41371715,00000000-0000-0000-0000-000000002363,OTHERS,1991.658500913216,603.3275779201934,PIT
315996796.41371715,00000000-0000-0000-0000-000000002372,OTHERS,1956.8437095479278,547.1327792916908,PIT
315996796.41371715,00000000-0000-0000-0000-000000002381,OTHERS,1970.710689937989,561.7971227524245,PIT
315996796.41371715,00000000-0000-0000-0000-000000002407,OTHERS,2052.2103899707267,625.736138199194,PIT
315996796.41371715,00000000-0000-0000-0000-000000002399,OTHERS,2022.4429754222385,600.1830136725835,PIT
315996796.41371715,00000000-0000-0000-0000-000000002404,OTHERS,1973.3783713565122,610.9125070011161,PIT
315996796.41371715,00000000-0000-0000-0000-000000002389,OTHERS,1977.2736809898056,605.1124946492026,PIT
315996796.41371715,00000000-0000-0000-0000-000000002405,OTHERS,1974.5061732117506,609.0849245592634,PIT
315996796.41371715,00000000-0000-0000-0000-000000002357,AGENT,1984.1580094103933,562.9559634691661,PIT
315996796.41371715,00000000-0000-0000-0000-000000002406,OTHERS,1974.591047395891,613.8014015970659,PIT
315996796.41371715,00000000-0000-0000-0000-000000002385,OTHERS,1995.785062889862,582.7289206640006,PIT
315996796.41371715,00000000-0000-0000-0000-000000002402,OTHERS,1971.9147547373666,616.7958733514228,PIT
315996796.5103743,00000000-0000-0000-0000-000000000000,AV,2012.4670758266607,585.6173295354242,PIT
315996796.5103743,00000000-0000-0000-0000-000000002363,OTHERS,1991.641632178982,603.4034434460208,PIT
315996796.5103743,00000000-0000-0000-0000-000000002372,OTHERS,1955.882313592896,545.8410583241126,PIT
315996796.5103743,00000000-0000-0000-0000-000000002381,OTHERS,1969.4295637366129,561.0060152535722,PIT
315996796.5103743,00000000-0000-0000-0000-000000002385,OTHERS,1994.6385431609922,581.8327210217243,PIT
315996796.5103743,00000000-0000-0000-0000-000000002407,OTHERS,2049.6429716553057,623.6521938876417,PIT
315996796.5103743,00000000-0000-0000-0000-000000002408,OTHERS,1984.3028699902275,612.0785791016388,PIT
315996796.5103743,00000000-0000-0000-0000-000000002389,OTHERS,1977.09975518604,605.335906033954,PIT
315996796.5103743,00000000-0000-0000-0000-000000002405,OTHERS,1974.5061732209326,609.0849245669443,PIT
315996796.5103743,00000000-0000-0000-0000-000000002357,AGENT,1985.5661678405008,564.2696857220268,PIT
315996796.5103743,00000000-0000-0000-0000-000000002406,OTHERS,1974.8652890441879,613.3956168891207,PIT
315996796.5103743,00000000-0000-0000-0000-000000002404,OTHERS,1973.5115912599967,610.0132323638624,PIT
315996796.5103743,00000000-0000-0000-0000-000000002399,OTHERS,2021.2165260788986,599.3105536064379,PIT
315996796.6132308,00000000-0000-0000-0000-000000000000,AV,2013.3167190408967,586.2847775735327,PIT
315996796.6132308,00000000-0000-0000-0000-000000002363,OTHERS,1991.6850204487484,603.4707143881005,PIT
315996796.6132308,00000000-0000-0000-0000-000000002372,OTHERS,1954.7510926739835,544.7550432250366,PIT
315996796.6132308,00000000-0000-0000-0000-000000002381,OTHERS,1968.5307993269723,559.5927256789263,PIT
315996796.6132308,00000000-0000-0000-0000-000000002385,OTHERS,1993.4354438376322,580.8615702942187,PIT
315996796.6132308,00000000-0000-0000-0000-000000002357,AGENT,1986.8732505885168,565.3936498194363,PIT
315996796.6132308,00000000-0000-0000-0000-000000002406,OTHERS,1975.620959430389,612.5161625193484,PIT
315996796.6132308,00000000-0000-0000-0000-000000002408,OTHERS,1984.286437091712,611.9318491249811,PIT
315996796.6132308,00000000-0000-0000-0000-000000002407,OTHERS,2049.186892264852,623.676015619288,PIT
315996796.6132308,00000000-0000-0000-0000-000000002399,OTHERS,2019.9095986891448,598.331515071952,PIT
315996796.6132308,00000000-0000-0000-0000-000000002404,OTHERS,1973.7994751080048,610.1500895231352,PIT
315996796.6132308,00000000-0000-0000-0000-000000002389,OTHERS,1977.1231190863284,605.2770733326205,PIT
315996796.6132308,00000000-0000-0000-0000-000000002405,OTHERS,1974.5061732301147,609.0849245746255,PIT
315996796.71031564,00000000-0000-0000-0000-000000000000,AV,2014.1676132813266,586.9494042868198,PIT
315996796.71031564,00000000-0000-0000-0000-000000002363,OTHERS,1991.6850204487484,603.4707143881005,PIT
315996796.71031564,00000000-0000-0000-0000-000000002372,OTHERS,1954.7510926739835,544.7550432250366,PIT
315996796.71031564,00000000-0000-0000-0000-000000002381,OTHERS,1968.5307993269723,559.5927256789263,PIT
315996796.71031564,00000000-0000-0000-0000-000000002385,OTHERS,1993.4354438376322,580.8615702942187,PIT
315996796.71031564,00000000-0000-0000-0000-000000002357,AGENT,1986.8732505885168,565.3936498194363,PIT
315996796.71031564,00000000-0000-0000-0000-000000002406,OTHERS,1975.620959430389,612.5161625193484,PIT
315996796.71031564,00000000-0000-0000-0000-000000002408,OTHERS,1984.286437091712,611.9318491249811,PIT
315996796.71031564,00000000-0000-0000-0000-000000002407,OTHERS,2049.186892264852,623.676015619288,PIT
315996796.71031564,00000000-0000-0000-0000-000000002399,OTHERS,2019.9095986891448,598.331515071952,PIT
315996796.71031564,00000000-0000-0000-0000-000000002404,OTHERS,1973.7994751080048,610.1500895231352,PIT
315996796.71031564,00000000-0000-0000-0000-000000002389,OTHERS,1977.1231190863284,605.2770733326205,PIT
315996796.71031564,00000000-0000-0000-0000-000000002405,OTHERS,1974.5061732301147,609.0849245746255,PIT
315996796.8154714,00000000-0000-0000-0000-000000000000,AV,2015.103256500865,587.6772250707904,PIT
315996796.8154714,00000000-0000-0000-0000-000000002363,OTHERS,1991.7764777296293,603.4277731296786,PIT
315996796.8154714,00000000-0000-0000-0000-000000002372,OTHERS,1952.159098989896,542.832712531285,PIT
315996796.8154714,00000000-0000-0000-0000-000000002381,OTHERS,1965.664051697957,557.7759883103085,PIT
315996796.8154714,00000000-0000-0000-0000-000000002385,OTHERS,1991.2137052405465,578.9722640128757,PIT
315996796.8154714,00000000-0000-0000-0000-000000002357,AGENT,1989.484012350574,567.7944341288113,PIT
315996796.8154714,00000000-0000-0000-0000-000000002406,OTHERS,1976.5141274960986,611.3313824316058,PIT
315996796.8154714,00000000-0000-0000-0000-000000002408,OTHERS,1984.244815209565,611.9360850885176,PIT
315996796.8154714,00000000-0000-0000-0000-000000002407,OTHERS,2047.470019159777,622.3110234875268,PIT
315996796.8154714,00000000-0000-0000-0000-000000002399,OTHERS,2017.2661005773086,596.2495288534412,PIT
315996796.8154714,00000000-0000-0000-0000-000000002404,OTHERS,1972.8413142393515,611.5777385622855,PIT
315996796.8154714,00000000-0000-0000-0000-000000002389,OTHERS,1977.2231483250475,605.0298835522292,PIT
315996796.8154714,00000000-0000-0000-0000-000000002405,OTHERS,1973.7095833535736,610.1057585965705,PIT
315996796.91494155,00000000-0000-0000-0000-000000000000,AV,2015.960306498552,588.3387968230968,PIT
315996796.91494155,00000000-0000-0000-0000-000000002363,OTHERS,1991.7110967026688,603.3071105418403,PIT
315996796.91494155,00000000-0000-0000-0000-000000002372,OTHERS,1950.746233657713,541.9118566320706,PIT
315996796.91494155,00000000-0000-0000-0000-000000002381,OTHERS,1965.6640517060046,557.7759883183089,PIT
315996796.91494155,00000000-0000-0000-0000-000000002385,OTHERS,1990.1236624995126,578.0666069274413,PIT
315996796.91494155,00000000-0000-0000-0000-000000002357,AGENT,1990.7579546234927,568.8915633216787,PIT
315996796.91494155,00000000-0000-0000-0000-000000002406,OTHERS,1976.9207072345816,610.3268791303133,PIT
315996796.91494155,00000000-0000-0000-0000-000000002408,OTHERS,1984.2245408290798,611.8478287629442,PIT
315996796.91494155,00000000-0000-0000-0000-000000002407,OTHERS,2046.547918711152,621.6514725031393,PIT
315996796.91494155,00000000-0000-0000-0000-000000002399,OTHERS,2016.2669523730976,595.5261826862727,PIT
315996796.91494155,00000000-0000-0000-0000-000000002404,OTHERS,1974.61386202682,608.7431062415737,PIT
315996796.91494155,00000000-0000-0000-0000-000000002389,OTHERS,1977.0503017186145,605.211370738705,PIT
315996796.91494155,00000000-0000-0000-0000-000000002405,OTHERS,1973.485176639116,610.692628855917,PIT
315996797.01316583,00000000-0000-0000-0000-000000000000,AV,2016.8123329824896,588.9907358837011,PIT
315996797.01316583,00000000-0000-0000-0000-000000002363,OTHERS,1991.7145856733994,603.3011718600675,PIT
315996797.01316583,00000000-0000-0000-0000-000000002372,OTHERS,1949.5145290325727,540.9871436762207,PIT
315996797.01316583,00000000-0000-0000-0000-000000002381,OTHERS,1965.6640517140527,557.7759883263103,PIT
315996797.01316583,00000000-0000-0000-0000-000000002385,OTHERS,1988.8589257507986,576.9802672664068,PIT
315996797.01316583,00000000-0000-0000-0000-000000002408,OTHERS,1983.9967538570695,611.7449031257411,PIT
315996797.01316583,00000000-0000-0000-0000-000000002389,OTHERS,1977.252727623501,605.2293170864848,PIT
315996797.01316583,00000000-0000-0000-0000-000000002405,OTHERS,1973.9298631683814,609.7066372788082,PIT
315996797.01316583,00000000-0000-0000-0000-000000002407,OTHERS,2045.712721719837,621.0517677705798,PIT
315996797.01316583,00000000-0000-0000-0000-000000002399,OTHERS,2015.0222995882143,594.5201602112207,PIT
315996797.01316583,00000000-0000-0000-0000-000000002404,OTHERS,1974.6138620362885,608.7431062498118,PIT
315996797.01316583,00000000-0000-0000-0000-000000002357,AGENT,1992.4177904659048,570.2930870003443,PIT
315996797.01316583,00000000-0000-0000-0000-000000002406,OTHERS,1977.2264291200024,609.6787584267888,PIT
315996797.1135753,00000000-0000-0000-0000-000000000000,AV,2017.671158518696,589.6441940424461,PIT
315996797.1135753,00000000-0000-0000-0000-000000002363,OTHERS,1991.7203967754065,603.2476845979369,PIT
315996797.1135753,00000000-0000-0000-0000-000000002372,OTHERS,1948.3839311037664,539.9031100443717,PIT
315996797.1135753,00000000-0000-0000-0000-000000002381,OTHERS,1965.6640517221008,557.775988334311,PIT
315996797.1135753,00000000-0000-0000-0000-000000002385,OTHERS,1987.7838178102768,576.0790100716092,PIT
315996797.1135753,00000000-0000-0000-0000-000000002408,OTHERS,1984.0073175991326,611.7181930150149,PIT
315996797.1135753,00000000-0000-0000-0000-000000002389,OTHERS,1977.069399674099,605.2440278507556,PIT
315996797.1135753,00000000-0000-0000-0000-000000002405,OTHERS,1974.2950955532813,609.3412094355406,PIT
315996797.1135753,00000000-0000-0000-0000-000000002407,OTHERS,2044.8077593020066,620.2263372327877,PIT
315996797.1135753,00000000-0000-0000-0000-000000002399,OTHERS,2013.8948990814806,593.8937078361803,PIT
315996797.1135753,00000000-0000-0000-0000-000000002404,OTHERS,1974.6138620457568,608.7431062580506,PIT
315996797.1135753,00000000-0000-0000-0000-000000002357,AGENT,1993.6921569225158,571.5575257110213,PIT
315996797.1135753,00000000-0000-0000-0000-000000002406,OTHERS,1977.6817251372825,609.2400467438515,PIT
315996797.2119246,00000000-0000-0000-0000-000000000000,AV,2018.616806937944,590.3612989868598,PIT
315996797.2119246,00000000-0000-0000-0000-000000002363,OTHERS,1991.827208285489,603.3756958728889,PIT
315996797.2119246,00000000-0000-0000-0000-000000002372,OTHERS,1948.383931111236,539.9031100529056,PIT
315996797.2119246,00000000-0000-0000-0000-000000002385,OTHERS,1986.6723070050282,575.1769853281726,PIT
315996797.2119246,00000000-0000-0000-0000-000000002357,AGENT,1994.9367572362976,572.6291900550567,PIT
315996797.2119246,00000000-0000-0000-0000-000000002406,OTHERS,1977.6817251465666,609.2400467516184,PIT
315996797.2119246,00000000-0000-0000-0000-000000002389,OTHERS,1977.2781855995843,605.1230303128922,PIT
315996797.2119246,00000000-0000-0000-0000-000000002405,OTHERS,1974.5021126600773,608.4818711988048,PIT
315996797.2119246,00000000-0000-0000-0000-000000002407,OTHERS,2043.9455819323377,619.6431560768627,PIT
315996797.2119246,00000000-0000-0000-0000-000000002408,OTHERS,1984.0073176084823,611.7181930226162,PIT
315996797.2119246,00000000-0000-0000-0000-000000002399,OTHERS,2012.964996810089,592.9344253665872,PIT
315996797.2119246,00000000-0000-0000-0000-000000002404,OTHERS,1974.613862055224,608.7431062662894,PIT
315996797.31698287,00000000-0000-0000-0000-000000000000,AV,2019.4765726016644,591.0104161188592,PIT
315996797.31698287,00000000-0000-0000-0000-000000002363,OTHERS,1991.9466335596826,603.2443335739348,PIT
315996797.31698287,00000000-0000-0000-0000-000000002372,OTHERS,1948.3839311187048,539.9031100614402,PIT
315996797.31698287,00000000-0000-0000-0000-000000002385,OTHERS,1985.6508617903992,574.3296021381551,PIT
315996797.31698287,00000000-0000-0000-0000-000000002389,OTHERS,1977.707765932644,604.2392551401837,PIT
315996797.31698287,00000000-0000-0000-0000-000000002405,OTHERS,1975.445948700583,607.8619804747992,PIT
315996797.31698287,00000000-0000-0000-0000-000000002357,AGENT,1996.2950260660434,573.8453313278742,PIT
315996797.31698287,00000000-0000-0000-0000-000000002406,OTHERS,1977.6817251558505,609.2400467593859,PIT
315996797.31698287,00000000-0000-0000-0000-000000002408,OTHERS,1984.0073176178312,611.7181930302182,PIT
315996797.31698287,00000000-0000-0000-0000-000000002399,OTHERS,2011.8203978414213,592.0646700643106,PIT
315996797.31698287,00000000-0000-0000-0000-000000002407,OTHERS,2043.1687172450754,619.0048777325427,PIT
315996797.4154785,00000000-0000-0000-0000-000000000000,AV,2020.3368721842728,591.6576259355808,PIT
315996797.4154785,00000000-0000-0000-0000-000000002363,OTHERS,1991.881985516385,603.1939634612241,PIT
315996797.4154785,00000000-0000-0000-0000-000000002372,OTHERS,1948.3839311261734,539.9031100699748,PIT
315996797.4154785,00000000-0000-0000-0000-000000002389,OTHERS,1977.2398850575848,605.1979032640231,PIT
315996797.4154785,00000000-0000-0000-0000-000000002405,OTHERS,1975.445948709672,607.8619804822331,PIT
315996797.4154785,00000000-0000-0000-0000-000000002385,OTHERS,1984.60377405704,573.399416170069,PIT
315996797.4154785,00000000-0000-0000-0000-000000002357,AGENT,1997.6472884310147,575.117019541731,PIT
315996797.4154785,00000000-0000-0000-0000-000000002406,OTHERS,1977.6817251651348,609.2400467671538,PIT
315996797.4154785,00000000-0000-0000-0000-000000002408,OTHERS,1984.0073176271808,611.7181930378201,PIT
315996797.4154785,00000000-0000-0000-0000-000000002399,OTHERS,2010.718689225044,591.1585178526952,PIT
315996797.4154785,00000000-0000-0000-0000-000000002407,OTHERS,2042.3419124858526,618.4061476431518,PIT
315996797.5192812,00000000-0000-0000-0000-000000000000,AV,2021.2835794988694,592.3682422187135,PIT
315996797.5192812,00000000-0000-0000-0000-000000002389,OTHERS,1977.3154912935565,605.1817244182711,PIT
315996797.5192812,00000000-0000-0000-0000-000000002405,OTHERS,1975.4459487187607,607.861980489667,PIT
315996797.5192812,00000000-0000-0000-0000-000000002407,OTHERS,2041.7007697592826,617.8497787364701,PIT
315996797.5192812,00000000-0000-0000-0000-000000002399,OTHERS,2009.564867300149,590.3037003714531,PIT
315996797.5192812,00000000-0000-0000-0000-000000002363,OTHERS,1991.8587127025269,603.3191502062928,PIT
315996797.5192812,00000000-0000-0000-0000-000000002385,OTHERS,1983.648468390626,572.8308507607503,PIT
315996797.5192812,00000000-0000-0000-0000-000000002357,AGENT,1999.2205379542875,576.5239518468433,PIT
315996797.61073166,00000000-0000-0000-0000-000000000000,AV,2022.0612343642435,592.9496941548535,PIT
315996797.61073166,00000000-0000-0000-0000-000000002399,OTHERS,2008.1490137841395,589.1930739288291,PIT
315996797.61073166,00000000-0000-0000-0000-000000002389,OTHERS,1977.3361984020776,605.0730938374196,PIT
315996797.61073166,00000000-0000-0000-0000-000000002405,OTHERS,1975.4459487278507,607.8619804971007,PIT
315996797.61073166,00000000-0000-0000-0000-000000002407,OTHERS,2040.8191746575726,617.1895147936139,PIT
315996797.61073166,00000000-0000-0000-0000-000000002357,AGENT,2000.4883374031533,577.5852441166053,PIT
315996797.61073166,00000000-0000-0000-0000-000000002363,OTHERS,1991.9126337785306,603.2896474275923,PIT
315996797.61073166,00000000-0000-0000-0000-000000002423,OTHERS,1990.5998657793805,605.41280681247,PIT
315996797.61073166,00000000-0000-0000-0000-000000002385,OTHERS,1982.491330763885,571.750108678213,PIT
315996797.71155363,00000000-0000-0000-0000-000000000000,AV,2023.011954639385,593.6604897667372,PIT
315996797.71155363,00000000-0000-0000-0000-000000002363,OTHERS,1991.8789354225848,603.2500732256162,PIT
315996797.71155363,00000000-0000-0000-0000-000000002389,OTHERS,1977.655965051216,604.7109932178843,PIT
315996797.71155363,00000000-0000-0000-0000-000000002399,OTHERS,2007.1247756197079,588.3962637778448,PIT
315996797.71155363,00000000-0000-0000-0000-000000002385,OTHERS,1981.491727689167,570.8182585417346,PIT
315996797.71155363,00000000-0000-0000-0000-000000002407,OTHERS,2039.7873544760228,616.4437302756477,PIT
315996797.71155363,00000000-0000-0000-0000-000000002357,AGENT,2001.8698880971285,578.9046503249398,PIT
315996797.81337565,00000000-0000-0000-0000-000000000000,AV,2023.875043234423,594.3068907182873,PIT
315996797.81337565,00000000-0000-0000-0000-000000002363,OTHERS,1991.6641070875103,603.6073928976638,PIT
315996797.81337565,00000000-0000-0000-0000-000000002389,OTHERS,1977.8478953918561,604.4863763375516,PIT
315996797.81337565,00000000-0000-0000-0000-000000002399,OTHERS,2005.899234923624,587.4523639597212,PIT
315996797.81337565,00000000-0000-0000-0000-000000002357,AGENT,2003.0438578791006,579.7834906333719,PIT
315996797.81337565,00000000-0000-0000-0000-000000002385,OTHERS,1980.1973013966626,570.0117220421395,PIT
315996797.81337565,00000000-0000-0000-0000-000000002407,OTHERS,2038.9584442488892,615.8510219651288,PIT
315996797.9151942,00000000-0000-0000-0000-000000000000,AV,2024.8256496507322,595.0170185423874,PIT
315996797.9151942,00000000-0000-0000-0000-000000002357,AGENT,2004.478055865905,581.0424935244415,PIT
315996797.9151942,00000000-0000-0000-0000-000000002363,OTHERS,1992.0144778920835,603.3668277170754,PIT
315996797.9151942,00000000-0000-0000-0000-000000002399,OTHERS,2004.7089824303828,586.528770517898,PIT
315996797.9151942,00000000-0000-0000-0000-000000002407,OTHERS,2038.0326072720638,615.1612221119311,PIT
315996797.9151942,00000000-0000-0000-0000-000000002389,OTHERS,1977.8140039940427,604.2059774715109,PIT
315996797.9151942,00000000-0000-0000-0000-000000002385,OTHERS,1979.0603514047439,569.0185328376863,PIT
315996798.0177568,00000000-0000-0000-0000-000000000000,AV,2025.6928786828448,595.6644231254537,PIT
315996798.0177568,00000000-0000-0000-0000-000000002363,OTHERS,1992.094536581677,603.2190200008249,PIT
315996798.0177568,00000000-0000-0000-0000-000000002399,OTHERS,2003.4941652425305,585.5433975104971,PIT
315996798.0177568,00000000-0000-0000-0000-000000002385,OTHERS,1977.8341436627732,568.2275146015927,PIT
315996798.0177568,00000000-0000-0000-0000-000000002357,AGENT,2006.0548808138567,582.446954004723,PIT
315996798.0177568,00000000-0000-0000-0000-000000002407,OTHERS,2037.2065110541712,614.4861001545579,PIT
315996798.0177568,00000000-0000-0000-0000-000000002389,OTHERS,1977.7652223981681,603.9073802713175,PIT
315996798.0177568,00000000-0000-0000-0000-000000002432,OTHERS,1986.872058816053,564.7722694545513,PIT
315996798.1169024,00000000-0000-0000-0000-000000000000,AV,2026.5578656271048,596.3104411084872,PIT
315996798.1169024,00000000-0000-0000-0000-000000002357,AGENT,2007.3846856961216,583.6284882787469,PIT
315996798.1169024,00000000-0000-0000-0000-000000002407,OTHERS,2036.2995808406747,613.8733358584606,PIT
315996798.1169024,00000000-0000-0000-0000-000000002389,OTHERS,1977.765222407003,603.9073802780049,PIT
315996798.1169024,00000000-0000-0000-0000-000000002432,OTHERS,1986.872058816053,564.7722694545513,PIT
315996798.1169024,00000000-0000-0000-0000-000000002385,OTHERS,1977.834143671572,568.2275146082802,PIT
315996798.1169024,00000000-0000-0000-0000-000000002433,OTHERS,1982.8995225980027,603.6620087278446,PIT
315996798.1169024,00000000-0000-0000-0000-000000002399,OTHERS,2002.1908401068,584.5076590533264,PIT
315996798.1169024,00000000-0000-0000-0000-000000002363,OTHERS,1991.974883582476,603.2553038665866,PIT
315996798.2190893,00000000-0000-0000-0000-000000000000,AV,2027.5087926538013,597.0232733836264,PIT
315996798.2190893,00000000-0000-0000-0000-000000002357,AGENT,2008.5933707850693,584.632950677097,PIT
315996798.2190893,00000000-0000-0000-0000-000000002438,OTHERS,1989.8479000748987,567.4558968724567,PIT
315996798.2190893,00000000-0000-0000-0000-000000002363,OTHERS,1991.885924934605,603.2433572551903,PIT
315996798.2190893,00000000-0000-0000-0000-000000002407,OTHERS,2035.5760357695017,613.3844682692528,PIT
315996798.2190893,00000000-0000-0000-0000-000000002389,OTHERS,1977.7652224158373,603.9073802846922,PIT
315996798.2190893,00000000-0000-0000-0000-000000002432,OTHERS,1986.872058816053,564.7722694545513,PIT
315996798.2190893,00000000-0000-0000-0000-000000002433,OTHERS,1983.5609030911794,603.2397991840481,PIT
315996798.2190893,00000000-0000-0000-0000-000000002399,OTHERS,2000.9649328176529,583.5162971170422,PIT
315996798.2190893,00000000-0000-0000-0000-000000002385,OTHERS,1977.8341436803705,568.2275146149674,PIT
315996798.3162092,00000000-0000-0000-0000-000000000000,AV,2028.375039519991,597.6719970689066,PIT
315996798.3162092,00000000-0000-0000-0000-000000002357,AGENT,2010.1645409183154,586.0249227625341,PIT
315996798.3162092,00000000-0000-0000-0000-000000002438,OTHERS,1991.0353372206146,568.3419573312478,PIT
315996798.3162092,00000000-0000-0000-0000-000000002441,OTHERS,1992.420535955145,569.3925922822748,PIT
315996798.3162092,00000000-0000-0000-0000-000000002363,OTHERS,1991.997780373647,603.1488528140833,PIT
315996798.3162092,00000000-0000-0000-0000-000000002407,OTHERS,2034.555771655193,612.5864646178733,PIT
315996798.3162092,00000000-0000-0000-0000-000000002432,OTHERS,1986.872058816053,564.7722694545513,PIT
315996798.3162092,00000000-0000-0000-0000-000000002433,OTHERS,1983.9744488986075,602.7698101568423,PIT
315996798.3162092,00000000-0000-0000-0000-000000002399,OTHERS,2000.1542670600104,582.9169047942428,PIT
315996798.3162092,00000000-0000-0000-0000-000000002389,OTHERS,1977.7652224246729,603.9073802913798,PIT
315996798.3162092,00000000-0000-0000-0000-000000002385,OTHERS,1977.8341436891697,568.2275146216549,PIT
315996798.4139145,00000000-0000-0000-0000-000000000000,AV,2029.241041018517,598.3201804857068,PIT
315996798.4139145,00000000-0000-0000-0000-000000002357,AGENT,2011.7396849609922,587.3863578812858,PIT
315996798.4139145,00000000-0000-0000-0000-000000002399,OTHERS,1998.6702055470969,581.9899870912948,PIT
315996798.4139145,00000000-0000-0000-0000-000000002407,OTHERS,2033.748588871319,611.9069697084526,PIT
315996798.4139145,00000000-0000-0000-0000-000000002363,OTHERS,1992.1150635207355,603.1556400539133,PIT
315996798.4139145,00000000-0000-0000-0000-000000002441,OTHERS,1993.7280771821854,570.4714395908321,PIT
315996798.4139145,00000000-0000-0000-0000-000000002443,OTHERS,2073.2708353477638,637.9297937005817,PIT
315996798.4139145,00000000-0000-0000-0000-000000002433,OTHERS,1984.02031152574,602.6174429437651,PIT
315996798.4139145,00000000-0000-0000-0000-000000002438,OTHERS,1992.3711986866158,569.3244375214558,PIT
315996798.51374215,00000000-0000-0000-0000-000000000000,AV,2030.1075132080448,598.9668662551525,PIT
315996798.51374215,00000000-0000-0000-0000-000000002357,AGENT,2013.0317320085026,588.4108973337654,PIT
315996798.51374215,00000000-0000-0000-0000-000000002399,OTHERS,1998.670205555892,581.9899870981022,PIT
315996798.51374215,00000000-0000-0000-0000-000000002407,OTHERS,2032.7898609807032,611.2376106601113,PIT
315996798.51374215,00000000-0000-0000-0000-000000002443,OTHERS,2072.0587793060463,637.1765884952265,PIT
315996798.51374215,00000000-0000-0000-0000-000000002363,OTHERS,1992.1186401277587,603.1745413221221,PIT
315996798.51374215,00000000-0000-0000-0000-000000002441,OTHERS,1995.0272551145722,571.5315702397711,PIT
315996798.51374215,00000000-0000-0000-0000-000000002433,OTHERS,1984.5462468123874,602.1389055876086,PIT
315996798.51374215,00000000-0000-0000-0000-000000002438,OTHERS,1993.6769399366947,570.5191375697316,PIT
315996798.6114038,00000000-0000-0000-0000-000000000000,AV,2030.975740077365,599.6134456152246,PIT
315996798.6114038,00000000-0000-0000-0000-000000002357,AGENT,2014.545421935829,589.6980363529252,PIT
315996798.6114038,00000000-0000-0000-0000-000000002399,OTHERS,1998.6702055646874,581.98998710491,PIT
315996798.6114038,00000000-0000-0000-0000-000000002443,OTHERS,2071.0815381592265,636.3417093343345,PIT
315996798.6114038,00000000-0000-0000-0000-000000002363,OTHERS,1992.069853989702,603.0757704815196,PIT
315996798.6114038,00000000-0000-0000-0000-000000002441,OTHERS,1996.2894585205966,572.5795397302952,PIT
315996798.6114038,00000000-0000-0000-0000-000000002433,OTHERS,1984.8424989176688,601.7244072616862,PIT
315996798.6114038,00000000-0000-0000-0000-000000002407,OTHERS,2032.07103179575,610.707195957285,PIT
315996798.71423846,00000000-0000-0000-0000-000000000000,AV,2031.9299489100745,600.3229815720264,PIT
315996798.71423846,00000000-0000-0000-0000-000000002357,AGENT,2015.9483341482853,590.8813780816797,PIT
315996798.71423846,00000000-0000-0000-0000-000000002399,OTHERS,1998.6702055734827,581.9899871117179,PIT
315996798.71423846,00000000-0000-0000-0000-000000002443,OTHERS,2069.9421423981867,635.7140697176861,PIT
315996798.71423846,00000000-0000-0000-0000-000000002363,OTHERS,1992.1977224263267,603.1076604283634,PIT
315996798.71423846,00000000-0000-0000-0000-000000002441,OTHERS,1997.598334160692,573.6232084696628,PIT
315996798.71423846,00000000-0000-0000-0000-000000002433,OTHERS,1985.352237329804,601.2515042392666,PIT
315996798.71423846,00000000-0000-0000-0000-000000002407,OTHERS,2031.2363780274732,610.133224395931,PIT
