TIMESTAMP,TRACK_ID,OBJECT_TYPE,X,Y,CITY_NAME
315976186.2127736,00000000-0000-0000-0000-000000000000,AV,731.4267823268492,1373.087363730232,MIA
315976186.2127736,00000000-0000-0000-0000-000000082430,OTHERS,746.0764088481156,1392.6869113843632,MIA
315976186.2127736,00000000-0000-0000-0000-000000082131,AGENT,733.1473488050726,1406.0369947060635,MIA
315976186.2127736,00000000-0000-0000-0000-000000082357,OTHERS,769.4800338921252,1391.7198589165216,MIA
315976186.2127736,00000000-0000-0000-0000-000000082364,OTHERS,760.4929064831148,1389.811615198606,MIA
315976186.2127736,00000000-0000-0000-0000-000000082447,OTHERS,741.014344597737,1421.612766808821,MIA
315976186.2127736,00000000-0000-0000-0000-000000082054,OTHERS,730.3880610312573,1395.7413290547586,MIA
315976186.2127736,00000000-0000-0000-0000-000000082370,OTHERS,743.0944619122822,1443.9439503660328,MIA
315976186.2127736,00000000-0000-0000-0000-000000082339,OTHERS,740.2123099184656,1452.9379438761498,MIA
315976186.2127736,00000000-0000-0000-0000-000000082388,OTHERS,763.2066908647638,1384.7888371281858,MIA
315976186.2127736,00000000-0000-0000-0000-000000082450,OTHERS,749.0900909853964,1346.9429454037845,MIA
315976186.2127736,00000000-0000-0000-0000-000000081991,OTHERS,734.1808193429524,1382.3035698170029,MIA
315976186.2127736,00000000-0000-0000-0000-000000082042,OTHERS,738.8646787394383,1357.1332062636093,MIA
315976186.2127736,00000000-0000-0000-0000-000000082241,OTHERS,737.6573878672984,1382.0989979239941,MIA
315976186.2127736,00000000-0000-0000-0000-000000082366,OTHERS,743.3291429601683,1455.6005149290438,MIA
315976186.2127736,00000000-0000-0000-0000-000000082439,OTHERS,702.5176031652212,1218.6990685783223,MIA
315976186.2127736,00000000-0000-0000-0000-000000082456,OTHERS,745.3806841290642,1349.98059958782,MIA
315976186.2127736,00000000-0000-0000-0000-000000081715,OTHERS,735.9695861549193,1341.241994021377,MIA
315976186.2127736,00000000-0000-0000-0000-000000082409,OTHERS,742.4170787427388,1392.5682359918521,MIA
315976186.2127736,00000000-0000-0000-0000-000000082443,OTHERS,770.7775401078751,1384.1920573813316,MIA
315976186.2127736,00000000-0000-0000-0000-000000082437,OTHERS,753.5448938969025,1350.6973923751132,MIA
315976186.2127736,00000000-0000-0000-0000-000000082431,OTHERS,747.3980141629297,1371.0555045010508,MIA
315976186.2127736,00000000-0000-0000-0000-000000082451,OTHERS,748.4919895100755,1344.0948272016674,MIA
315976186.2127736,00000000-0000-0000-0000-000000082422,OTHERS,746.3278924051068,1317.289572211888,MIA
315976186.2127736,00000000-0000-0000-0000-000000082417,OTHERS,729.5107943380992,1416.3041190280344,MIA
315976186.2127736,00000000-0000-0000-0000-000000082442,OTHERS,771.2661187772592,1388.9193390229252,MIA
315976186.2127736,00000000-0000-0000-0000-000000082405,OTHERS,732.1327476193318,1427.3706395451197,MIA
315976186.2127736,00000000-0000-0000-0000-000000081753,OTHERS,733.5185478914107,1321.7495415169471,MIA
315976186.2127736,00000000-0000-0000-0000-000000081979,OTHERS,734.9636003440481,1362.4391459111087,MIA
315976186.2127736,00000000-0000-0000-0000-000000082396,OTHERS,740.6915029047203,1412.0418872649955,MIA
315976186.32905465,00000000-0000-0000-0000-000000000000,AV,731.4851044890187,1371.7714241473484,MIA
315976186.32905465,00000000-0000-0000-0000-000000082430,OTHERS,745.8609276625722,1394.292533044322,MIA
315976186.32905465,00000000-0000-0000-0000-000000081991,OTHERS,734.3088441192913,1379.9095665867496,MIA
315976186.32905465,00000000-0000-0000-0000-000000082042,OTHERS,738.9538268108869,1354.6354059736666,MIA
315976186.32905465,00000000-0000-0000-0000-000000082241,OTHERS,737.7701419944832,1379.9559480836353,MIA
315976186.32905465,00000000-0000-0000-0000-000000082364,OTHERS,760.5166893929968,1389.8378901233227,MIA
315976186.32905465,00000000-0000-0000-0000-000000082447,OTHERS,741.0293399344963,1423.2990261916464,MIA
315976186.32905465,00000000-0000-0000-0000-000000082442,OTHERS,771.2415490033518,1389.1250480695576,MIA
315976186.32905465,00000000-0000-0000-0000-000000081753,OTHERS,733.6093859174265,1318.8433363189627,MIA
315976186.32905465,00000000-0000-0000-0000-000000081979,OTHERS,735.0520350006976,1360.396135493987,MIA
315976186.32905465,00000000-0000-0000-0000-000000082396,OTHERS,741.2602511479114,1412.0991067193604,MIA
315976186.32905465,00000000-0000-0000-0000-000000082339,OTHERS,740.2123099184656,1452.9379438761498,MIA
315976186.32905465,00000000-0000-0000-0000-000000082388,OTHERS,763.3338656737077,1384.6559924107346,MIA
315976186.32905465,00000000-0000-0000-0000-000000081715,OTHERS,736.0543226088322,1338.7758532080413,MIA
315976186.32905465,00000000-0000-0000-0000-000000082409,OTHERS,742.4614304243446,1393.686566390364,MIA
315976186.32905465,00000000-0000-0000-0000-000000082443,OTHERS,771.085954319097,1384.3891147617571,MIA
315976186.32905465,00000000-0000-0000-0000-000000082451,OTHERS,748.503092853832,1345.2746854819275,MIA
315976186.32905465,00000000-0000-0000-0000-000000082422,OTHERS,746.312430621843,1318.5427410665238,MIA
315976186.32905465,00000000-0000-0000-0000-000000082405,OTHERS,732.2562003407138,1426.0910434418918,MIA
315976186.32905465,00000000-0000-0000-0000-000000082437,OTHERS,753.7745394069811,1350.9148821793895,MIA
315976186.32905465,00000000-0000-0000-0000-000000082131,AGENT,733.2866842378752,1404.598284138156,MIA
315976186.32905465,00000000-0000-0000-0000-000000082054,OTHERS,730.3762942951622,1393.849573141685,MIA
315976186.32905465,00000000-0000-0000-0000-000000082370,OTHERS,742.977711411248,1445.8123028698444,MIA
315976186.32905465,00000000-0000-0000-0000-000000082417,OTHERS,729.0650913312131,1414.4491332710047,MIA
315976186.32905465,00000000-0000-0000-0000-000000082456,OTHERS,745.1207473838138,1351.2411263859244,MIA
315976186.32905465,00000000-0000-0000-0000-000000082454,OTHERS,779.349738424228,1393.0668860449834,MIA
315976186.32905465,00000000-0000-0000-0000-000000082450,OTHERS,748.9941691945128,1348.016148379775,MIA
315976186.32905465,00000000-0000-0000-0000-000000082431,OTHERS,747.3013323383807,1372.5277276537888,MIA
315976186.43187666,00000000-0000-0000-0000-000000000000,AV,731.5367118166371,1370.5913159947727,MIA
315976186.43187666,00000000-0000-0000-0000-000000082451,OTHERS,748.5057997649839,1346.1959691526165,MIA
315976186.43187666,00000000-0000-0000-0000-000000082456,OTHERS,745.0168144814038,1352.1421468526448,MIA
315976186.43187666,00000000-0000-0000-0000-000000082443,OTHERS,770.3188809270639,1384.6409554665195,MIA
315976186.43187666,00000000-0000-0000-0000-000000082388,OTHERS,763.1841870977522,1384.6275915348904,MIA
315976186.43187666,00000000-0000-0000-0000-000000081715,OTHERS,736.1068420791588,1337.5413690151904,MIA
315976186.43187666,00000000-0000-0000-0000-000000082409,OTHERS,742.4621886757768,1394.3939650383834,MIA
315976186.43187666,00000000-0000-0000-0000-000000082131,AGENT,733.3388446987497,1403.7708033883425,MIA
315976186.43187666,00000000-0000-0000-0000-000000082450,OTHERS,748.9850942036978,1349.2308978472993,MIA
315976186.43187666,00000000-0000-0000-0000-000000082442,OTHERS,770.1155445150267,1391.319261766527,MIA
315976186.43187666,00000000-0000-0000-0000-000000082437,OTHERS,753.6142123439023,1350.8111068834185,MIA
315976186.43187666,00000000-0000-0000-0000-000000082454,OTHERS,779.1314151029799,1393.0679604806535,MIA
315976186.43187666,00000000-0000-0000-0000-000000082405,OTHERS,732.1930907231572,1425.2286993033883,MIA
315976186.43187666,00000000-0000-0000-0000-000000082431,OTHERS,747.3121471552133,1373.3851985535014,MIA
315976186.43187666,00000000-0000-0000-0000-000000082422,OTHERS,746.2979575207968,1319.4094310005082,MIA
315976186.43187666,00000000-0000-0000-0000-000000082417,OTHERS,729.2188105107297,1413.9465348534977,MIA
315976186.43187666,00000000-0000-0000-0000-000000082396,OTHERS,741.2641154194904,1412.7704046865535,MIA
315976186.43187666,00000000-0000-0000-0000-000000081753,OTHERS,733.7131310075376,1317.2525684975176,MIA
315976186.43187666,00000000-0000-0000-0000-000000082370,OTHERS,743.0626696895479,1446.9616559222952,MIA
315976186.43187666,00000000-0000-0000-0000-000000081979,OTHERS,735.1037447622695,1359.2682966904054,MIA
315976186.43187666,00000000-0000-0000-0000-000000082241,OTHERS,737.9063031576183,1378.7612631016361,MIA
315976186.43187666,00000000-0000-0000-0000-000000082042,OTHERS,738.9692006308911,1353.3025493331502,MIA
315976186.43187666,00000000-0000-0000-0000-000000081991,OTHERS,734.3701515440712,1378.684044352516,MIA
315976186.43187666,00000000-0000-0000-0000-000000082054,OTHERS,730.4779998676437,1393.2803679150657,MIA
315976186.43187666,00000000-0000-0000-0000-000000082447,OTHERS,741.0286917000923,1424.0871214263086,MIA
315976186.43187666,00000000-0000-0000-0000-000000082364,OTHERS,760.5055843676912,1389.8417609795831,MIA
315976186.43187666,00000000-0000-0000-0000-000000082430,OTHERS,745.8311020772506,1395.1236890069406,MIA
315976186.53472906,00000000-0000-0000-0000-000000000000,AV,731.5833966550853,1369.5077031954395,MIA
315976186.53472906,00000000-0000-0000-0000-000000082430,OTHERS,745.9063635409967,1395.8618640087452,MIA
315976186.53472906,00000000-0000-0000-0000-000000081991,OTHERS,734.4014572931267,1377.5359637095605,MIA
315976186.53472906,00000000-0000-0000-0000-000000082042,OTHERS,739.0124421577167,1352.0621492178168,MIA
315976186.53472906,00000000-0000-0000-0000-000000082241,OTHERS,737.8636340455031,1377.5712078524136,MIA
315976186.53472906,00000000-0000-0000-0000-000000082364,OTHERS,760.4563898691322,1389.8581750424635,MIA
315976186.53472906,00000000-0000-0000-0000-000000082447,OTHERS,741.0969002446521,1424.9093409129143,MIA
315976186.53472906,00000000-0000-0000-0000-000000081753,OTHERS,733.7333327685913,1315.445821914706,MIA
315976186.53472906,00000000-0000-0000-0000-000000081979,OTHERS,735.1478441031662,1358.1890865865366,MIA
315976186.53472906,00000000-0000-0000-0000-000000082396,OTHERS,741.1654725620875,1413.5208587105747,MIA
315976186.53472906,00000000-0000-0000-0000-000000082417,OTHERS,729.2655311962752,1413.5285619699835,MIA
315976186.53472906,00000000-0000-0000-0000-000000082422,OTHERS,746.3111268782312,1319.9540290512807,MIA
315976186.53472906,00000000-0000-0000-0000-000000082405,OTHERS,732.3796048713565,1424.365965240065,MIA
315976186.53472906,00000000-0000-0000-0000-000000082437,OTHERS,753.6142123439023,1350.8111068834185,MIA
315976186.53472906,00000000-0000-0000-0000-000000082442,OTHERS,769.9750339259067,1391.3105801669642,MIA
315976186.53472906,00000000-0000-0000-0000-000000082450,OTHERS,748.879335393284,1349.4995268477287,MIA
315976186.53472906,00000000-0000-0000-0000-000000082131,AGENT,733.2955919592157,1402.7733757764718,MIA
315976186.53472906,00000000-0000-0000-0000-000000082388,OTHERS,763.1239004056343,1384.6520661081024,MIA
315976186.53472906,00000000-0000-0000-0000-000000081715,OTHERS,736.1763250425267,1336.073241279005,MIA
315976186.53472906,00000000-0000-0000-0000-000000082409,OTHERS,742.3884733134294,1395.0539674577815,MIA
315976186.53472906,00000000-0000-0000-0000-000000082443,OTHERS,770.3188809270639,1384.6409554665195,MIA
315976186.53472906,00000000-0000-0000-0000-000000082054,OTHERS,730.5426859697444,1392.4721982566375,MIA
315976186.53472906,00000000-0000-0000-0000-000000082370,OTHERS,742.9071749217154,1447.9058125631698,MIA
315976186.53472906,00000000-0000-0000-0000-000000082456,OTHERS,745.0747550549196,1352.9243057260835,MIA
315976186.53472906,00000000-0000-0000-0000-000000082454,OTHERS,779.1314151029799,1393.0679604806535,MIA
315976186.53472906,00000000-0000-0000-0000-000000082431,OTHERS,747.2038052037192,1374.2940822203434,MIA
315976186.6414357,00000000-0000-0000-0000-000000000000,AV,731.6332782080783,1368.3097297984473,MIA
315976186.6414357,00000000-0000-0000-0000-000000082430,OTHERS,746.0342461610231,1396.4881991117375,MIA
315976186.6414357,00000000-0000-0000-0000-000000081991,OTHERS,734.4704674053627,1376.2747680983073,MIA
315976186.6414357,00000000-0000-0000-0000-000000082042,OTHERS,739.0384096106218,1350.7109229070193,MIA
315976186.6414357,00000000-0000-0000-0000-000000082241,OTHERS,737.8940326522206,1376.3920490446853,MIA
315976186.6414357,00000000-0000-0000-0000-000000082364,OTHERS,760.4898959079982,1389.863285951132,MIA
315976186.6414357,00000000-0000-0000-0000-000000082447,OTHERS,741.0969002446521,1424.9093409129143,MIA
315976186.6414357,00000000-0000-0000-0000-000000081753,OTHERS,733.7447937162385,1314.1153173717112,MIA
315976186.6414357,00000000-0000-0000-0000-000000081979,OTHERS,735.2053492352047,1357.1303142416225,MIA
315976186.6414357,00000000-0000-0000-0000-000000082396,OTHERS,741.2445835193657,1414.5542655231948,MIA
315976186.6414357,00000000-0000-0000-0000-000000082417,OTHERS,729.2655311962752,1413.5285619699835,MIA
315976186.6414357,00000000-0000-0000-0000-000000082422,OTHERS,746.1322715406335,1321.146832293171,MIA
315976186.6414357,00000000-0000-0000-0000-000000082405,OTHERS,732.3841520427544,1423.7449436525376,MIA
315976186.6414357,00000000-0000-0000-0000-000000082437,OTHERS,753.6554463807498,1351.1311384925318,MIA
315976186.6414357,00000000-0000-0000-0000-000000082442,OTHERS,769.8039630022438,1391.475339660088,MIA
315976186.6414357,00000000-0000-0000-0000-000000082450,OTHERS,748.8674241420805,1350.3565650180865,MIA
315976186.6414357,00000000-0000-0000-0000-000000082131,AGENT,733.3054331061072,1401.9847844755511,MIA
315976186.6414357,00000000-0000-0000-0000-000000082388,OTHERS,762.9087667223732,1384.8793882100354,MIA
315976186.6414357,00000000-0000-0000-0000-000000082461,OTHERS,765.8248880648822,1384.7217473919634,MIA
315976186.6414357,00000000-0000-0000-0000-000000081715,OTHERS,736.2474307305531,1334.7631973034875,MIA
315976186.6414357,00000000-0000-0000-0000-000000082409,OTHERS,742.2771328203627,1395.9335502876556,MIA
315976186.6414357,00000000-0000-0000-0000-000000082443,OTHERS,770.3188809270639,1384.6409554665195,MIA
315976186.6414357,00000000-0000-0000-0000-000000082054,OTHERS,730.5749505617172,1391.3857242966392,MIA
315976186.6414357,00000000-0000-0000-0000-000000082370,OTHERS,742.9071749217154,1447.9058125631698,MIA
315976186.6414357,00000000-0000-0000-0000-000000082456,OTHERS,744.9933202987837,1354.054769015353,MIA
315976186.6414357,00000000-0000-0000-0000-000000082454,OTHERS,779.1314151029799,1393.0679604806535,MIA
315976186.6414357,00000000-0000-0000-0000-000000082431,OTHERS,747.2018112671843,1375.136790694015,MIA
315976186.73889494,00000000-0000-0000-0000-000000000000,AV,731.6805800473813,1367.2149561323477,MIA
315976186.73889494,00000000-0000-0000-0000-000000082430,OTHERS,745.9496812447502,1398.0477235637607,MIA
315976186.73889494,00000000-0000-0000-0000-000000082131,AGENT,733.5268629874338,1400.2641568632855,MIA
315976186.73889494,00000000-0000-0000-0000-000000081991,OTHERS,734.5222669627377,1375.0492005232682,MIA
315976186.73889494,00000000-0000-0000-0000-000000082042,OTHERS,739.1165994553029,1349.6151466545018,MIA
315976186.73889494,00000000-0000-0000-0000-000000082241,OTHERS,737.9829190939839,1375.1575617658145,MIA
315976186.73889494,00000000-0000-0000-0000-000000082364,OTHERS,760.4905281716466,1389.8249379228837,MIA
315976186.73889494,00000000-0000-0000-0000-000000082447,OTHERS,740.7040180631531,1426.504042925693,MIA
315976186.73889494,00000000-0000-0000-0000-000000081753,OTHERS,733.807336584901,1312.5441594505962,MIA
315976186.73889494,00000000-0000-0000-0000-000000081979,OTHERS,735.2612772423108,1356.0421707362225,MIA
315976186.73889494,00000000-0000-0000-0000-000000082396,OTHERS,741.1220462150238,1414.9491615582235,MIA
315976186.73889494,00000000-0000-0000-0000-000000082417,OTHERS,729.3501389275976,1411.6400994743826,MIA
315976186.73889494,00000000-0000-0000-0000-000000082422,OTHERS,746.0146308549432,1321.1122139294207,MIA
315976186.73889494,00000000-0000-0000-0000-000000082442,OTHERS,769.7021600576091,1391.3531742854057,MIA
315976186.73889494,00000000-0000-0000-0000-000000082450,OTHERS,748.8117461256136,1351.0835569097549,MIA
315976186.73889494,00000000-0000-0000-0000-000000082454,OTHERS,779.1314151029799,1393.0679604806535,MIA
315976186.73889494,00000000-0000-0000-0000-000000082405,OTHERS,732.209067958213,1423.0574451127225,MIA
315976186.73889494,00000000-0000-0000-0000-000000082437,OTHERS,753.7253118614373,1351.2676598638893,MIA
315976186.73889494,00000000-0000-0000-0000-000000082388,OTHERS,762.9087667223732,1384.8793882100354,MIA
315976186.73889494,00000000-0000-0000-0000-000000082461,OTHERS,765.8248880648822,1384.7217473919634,MIA
315976186.73889494,00000000-0000-0000-0000-000000081715,OTHERS,736.2803672134004,1333.57363291456,MIA
315976186.73889494,00000000-0000-0000-0000-000000082409,OTHERS,742.2342909295494,1396.8370027019569,MIA
315976186.73889494,00000000-0000-0000-0000-000000082443,OTHERS,770.3188809270639,1384.6409554665195,MIA
315976186.73889494,00000000-0000-0000-0000-000000082054,OTHERS,730.5847421309254,1390.3187351894824,MIA
315976186.73889494,00000000-0000-0000-0000-000000082370,OTHERS,742.9071749217154,1447.9058125631698,MIA
315976186.73889494,00000000-0000-0000-0000-000000082456,OTHERS,744.8614422451271,1355.2047391785404,MIA
315976186.73889494,00000000-0000-0000-0000-000000082431,OTHERS,747.1726511093843,1375.8922042258175,MIA
315976186.84709716,00000000-0000-0000-0000-000000000000,AV,731.7337442835737,1366.0015440576306,MIA
315976186.84709716,00000000-0000-0000-0000-000000082430,OTHERS,745.9496812447502,1398.0477235637607,MIA
315976186.84709716,00000000-0000-0000-0000-000000082131,AGENT,733.5640897315018,1399.448773750959,MIA
315976186.84709716,00000000-0000-0000-0000-000000081991,OTHERS,734.5811993298128,1373.784563036141,MIA
315976186.84709716,00000000-0000-0000-0000-000000082042,OTHERS,739.130821176379,1348.1730588885073,MIA
315976186.84709716,00000000-0000-0000-0000-000000082241,OTHERS,737.9934051042853,1374.029532622818,MIA
315976186.84709716,00000000-0000-0000-0000-000000082447,OTHERS,740.6888610713048,1427.2960730829273,MIA
315976186.84709716,00000000-0000-0000-0000-000000082054,OTHERS,730.6849193844643,1389.8117069679993,MIA
315976186.84709716,00000000-0000-0000-0000-000000082370,OTHERS,742.9071749217154,1447.9058125631698,MIA
315976186.84709716,00000000-0000-0000-0000-000000082453,OTHERS,755.3018495705472,1359.0266218095485,MIA
315976186.84709716,00000000-0000-0000-0000-000000081753,OTHERS,733.9250666275342,1310.7751377096479,MIA
315976186.84709716,00000000-0000-0000-0000-000000081979,OTHERS,735.3306341159123,1354.9480575059306,MIA
315976186.84709716,00000000-0000-0000-0000-000000082396,OTHERS,741.1356731939626,1415.5493506712878,MIA
315976186.84709716,00000000-0000-0000-0000-000000082442,OTHERS,769.7021600576091,1391.3531742854057,MIA
315976186.84709716,00000000-0000-0000-0000-000000082450,OTHERS,748.7657324361511,1351.7626282819838,MIA
315976186.84709716,00000000-0000-0000-0000-000000082388,OTHERS,762.9087667223732,1384.8793882100354,MIA
315976186.84709716,00000000-0000-0000-0000-000000082461,OTHERS,765.8248880648822,1384.7217473919634,MIA
315976186.84709716,00000000-0000-0000-0000-000000082364,OTHERS,760.0353540337732,1390.0892624677076,MIA
315976186.84709716,00000000-0000-0000-0000-000000082417,OTHERS,729.3501389275976,1411.6400994743826,MIA
315976186.84709716,00000000-0000-0000-0000-000000082405,OTHERS,732.3431872965764,1422.4603037760705,MIA
315976186.84709716,00000000-0000-0000-0000-000000082437,OTHERS,753.4868495431023,1351.4268191856254,MIA
315976186.84709716,00000000-0000-0000-0000-000000082456,OTHERS,744.8576279057402,1356.0630254616606,MIA
315976186.84709716,00000000-0000-0000-0000-000000081715,OTHERS,736.3616481994693,1332.2922677707372,MIA
315976186.84709716,00000000-0000-0000-0000-000000082409,OTHERS,741.9399069711153,1397.3815218197985,MIA
315976186.84709716,00000000-0000-0000-0000-000000082431,OTHERS,747.0052317479997,1376.528922705426,MIA
315976186.84709716,00000000-0000-0000-0000-000000082422,OTHERS,745.6668412840701,1322.1235105583808,MIA
315976186.93904936,00000000-0000-0000-0000-000000000000,AV,731.7833888528587,1364.8987983021948,MIA
315976186.93904936,00000000-0000-0000-0000-000000082054,OTHERS,730.6720720633074,1389.0576070740694,MIA
315976186.93904936,00000000-0000-0000-0000-000000082430,OTHERS,745.9496812447502,1398.0477235637607,MIA
315976186.93904936,00000000-0000-0000-0000-000000082131,AGENT,733.5132141767308,1398.9929660549717,MIA
315976186.93904936,00000000-0000-0000-0000-000000082447,OTHERS,740.6888610713048,1427.2960730829273,MIA
315976186.93904936,00000000-0000-0000-0000-000000082453,OTHERS,755.3018495705472,1359.0266218095485,MIA
315976186.93904936,00000000-0000-0000-0000-000000082405,OTHERS,732.2710877187652,1421.695544614505,MIA
315976186.93904936,00000000-0000-0000-0000-000000082364,OTHERS,760.1097594398462,1391.7402254390836,MIA
315976186.93904936,00000000-0000-0000-0000-000000082417,OTHERS,729.3501389275976,1411.6400994743826,MIA
315976186.93904936,00000000-0000-0000-0000-000000081991,OTHERS,734.6331438049831,1372.518344937375,MIA
315976186.93904936,00000000-0000-0000-0000-000000082042,OTHERS,739.1638904650688,1346.8858218521852,MIA
315976186.93904936,00000000-0000-0000-0000-000000082241,OTHERS,738.0889615123035,1372.82884060986,MIA
315976186.93904936,00000000-0000-0000-0000-000000082437,OTHERS,753.4868495431023,1351.4268191856254,MIA
315976186.93904936,00000000-0000-0000-0000-000000082442,OTHERS,769.7021600576091,1391.3531742854057,MIA
315976186.93904936,00000000-0000-0000-0000-000000082450,OTHERS,748.6516588759317,1352.269622631158,MIA
315976186.93904936,00000000-0000-0000-0000-000000082472,OTHERS,749.1515467192881,1263.0299456117505,MIA
315976186.93904936,00000000-0000-0000-0000-000000082388,OTHERS,762.9087667223732,1384.8793882100354,MIA
315976186.93904936,00000000-0000-0000-0000-000000082461,OTHERS,765.8248880648822,1384.7217473919634,MIA
315976186.93904936,00000000-0000-0000-0000-000000082456,OTHERS,744.7891714217668,1357.057818016653,MIA
315976186.93904936,00000000-0000-0000-0000-000000081715,OTHERS,736.3839679002823,1331.0608710671086,MIA
315976186.93904936,00000000-0000-0000-0000-000000082409,OTHERS,741.7387519580652,1398.888593710794,MIA
315976186.93904936,00000000-0000-0000-0000-000000082431,OTHERS,746.9587878749774,1377.1134623283515,MIA
315976186.93904936,00000000-0000-0000-0000-000000082422,OTHERS,745.7547236271766,1323.1044520441953,MIA
315976186.93904936,00000000-0000-0000-0000-000000081753,OTHERS,733.8445984684345,1309.2360171879218,MIA
315976186.93904936,00000000-0000-0000-0000-000000081979,OTHERS,735.3683248983667,1353.903919978689,MIA
315976186.93904936,00000000-0000-0000-0000-000000082396,OTHERS,741.0311583438572,1416.3824041416715,MIA
315976187.04290354,00000000-0000-0000-0000-000000000000,AV,731.8344261030983,1363.7896667142502,MIA
315976187.04290354,00000000-0000-0000-0000-000000082054,OTHERS,730.7538619913162,1387.8250835742954,MIA
315976187.04290354,00000000-0000-0000-0000-000000082430,OTHERS,745.9496812447502,1398.0477235637607,MIA
315976187.04290354,00000000-0000-0000-0000-000000082131,AGENT,733.5115713309026,1398.8993158434848,MIA
315976187.04290354,00000000-0000-0000-0000-000000082447,OTHERS,740.6000761727581,1428.804165399714,MIA
315976187.04290354,00000000-0000-0000-0000-000000082453,OTHERS,754.2279808571651,1358.7082108170953,MIA
315976187.04290354,00000000-0000-0000-0000-000000082470,OTHERS,578.9324221199888,1341.686173587364,MIA
315976187.04290354,00000000-0000-0000-0000-000000082405,OTHERS,732.6711222103224,1421.0367608093375,MIA
315976187.04290354,00000000-0000-0000-0000-000000082364,OTHERS,760.1097594398462,1391.7402254390836,MIA
315976187.04290354,00000000-0000-0000-0000-000000082417,OTHERS,729.3501389275976,1411.6400994743826,MIA
315976187.04290354,00000000-0000-0000-0000-000000082472,OTHERS,748.1150973339818,1263.968331707644,MIA
315976187.04290354,00000000-0000-0000-0000-000000081991,OTHERS,734.6942265326372,1371.2563382355925,MIA
315976187.04290354,00000000-0000-0000-0000-000000082042,OTHERS,739.1945108091459,1345.5371072658547,MIA
315976187.04290354,00000000-0000-0000-0000-000000082241,OTHERS,738.1166514323635,1371.6322775488966,MIA
315976187.04290354,00000000-0000-0000-0000-000000082437,OTHERS,753.6145406875506,1351.660452264417,MIA
315976187.04290354,00000000-0000-0000-0000-000000082442,OTHERS,769.8641476615254,1391.2354137915424,MIA
315976187.04290354,00000000-0000-0000-0000-000000082450,OTHERS,748.600963933465,1353.1295121645005,MIA
315976187.04290354,00000000-0000-0000-0000-000000082456,OTHERS,744.6868416853723,1358.1685070319015,MIA
315976187.04290354,00000000-0000-0000-0000-000000081715,OTHERS,736.4600257329497,1329.7415337615714,MIA
315976187.04290354,00000000-0000-0000-0000-000000082409,OTHERS,741.8534824039915,1399.5814594644926,MIA
315976187.04290354,00000000-0000-0000-0000-000000082431,OTHERS,746.9022080475441,1377.7944592793356,MIA
315976187.04290354,00000000-0000-0000-0000-000000082422,OTHERS,745.7547236271766,1323.1044520441953,MIA
315976187.04290354,00000000-0000-0000-0000-000000081753,OTHERS,733.9198200293573,1307.580683967448,MIA
315976187.04290354,00000000-0000-0000-0000-000000081979,OTHERS,735.4425485719001,1352.7313744675564,MIA
315976187.04290354,00000000-0000-0000-0000-000000082396,OTHERS,741.0654221367881,1417.2124776795374,MIA
315976187.1423465,00000000-0000-0000-0000-000000000000,AV,731.8921175065227,1362.5681096815065,MIA
315976187.1423465,00000000-0000-0000-0000-000000082054,OTHERS,730.7744800482451,1386.9910680553296,MIA
315976187.1423465,00000000-0000-0000-0000-000000082131,AGENT,733.6018488448703,1398.0015443879556,MIA
315976187.1423465,00000000-0000-0000-0000-000000082447,OTHERS,740.5738172207042,1429.857588660303,MIA
315976187.1423465,00000000-0000-0000-0000-000000082470,OTHERS,578.9324221199888,1341.686173587364,MIA
315976187.1423465,00000000-0000-0000-0000-000000082405,OTHERS,732.3542789564241,1420.3440031370533,MIA
315976187.1423465,00000000-0000-0000-0000-000000082364,OTHERS,761.4498491349823,1387.767588044715,MIA
315976187.1423465,00000000-0000-0000-0000-000000082472,OTHERS,748.7132419717004,1264.9546758940323,MIA
315976187.1423465,00000000-0000-0000-0000-000000081991,OTHERS,734.7169845619493,1370.0087989530782,MIA
315976187.1423465,00000000-0000-0000-0000-000000082042,OTHERS,739.2255629017113,1344.3777162723006,MIA
315976187.1423465,00000000-0000-0000-0000-000000082241,OTHERS,738.1530041953242,1370.4078057112727,MIA
315976187.1423465,00000000-0000-0000-0000-000000082437,OTHERS,753.6145406875506,1351.660452264417,MIA
315976187.1423465,00000000-0000-0000-0000-000000082453,OTHERS,754.2069042376824,1358.7272814685116,MIA
315976187.1423465,00000000-0000-0000-0000-000000082442,OTHERS,769.1666673220593,1391.5162090060583,MIA
315976187.1423465,00000000-0000-0000-0000-000000082450,OTHERS,748.542353877224,1354.008382498654,MIA
315976187.1423465,00000000-0000-0000-0000-000000082475,OTHERS,762.7096072653386,1384.6557603241863,MIA
315976187.1423465,00000000-0000-0000-0000-000000082456,OTHERS,744.6981235894208,1358.881874695168,MIA
315976187.1423465,00000000-0000-0000-0000-000000081715,OTHERS,736.5217344552783,1328.4126090322802,MIA
315976187.1423465,00000000-0000-0000-0000-000000082409,OTHERS,742.8937908744114,1400.8622928016684,MIA
315976187.1423465,00000000-0000-0000-0000-000000082431,OTHERS,746.8712154846196,1378.5692125669266,MIA
315976187.1423465,00000000-0000-0000-0000-000000082422,OTHERS,745.7547236271766,1323.1044520441953,MIA
315976187.1423465,00000000-0000-0000-0000-000000081753,OTHERS,733.9024801202299,1306.1792889502,MIA
315976187.1423465,00000000-0000-0000-0000-000000081979,OTHERS,735.4887270445952,1351.5528706452656,MIA
315976187.1423465,00000000-0000-0000-0000-000000082396,OTHERS,741.0074861219592,1418.1064531179395,MIA
315976187.2438305,00000000-0000-0000-0000-000000000000,AV,731.9464514222867,1361.4574088234908,MIA
315976187.2438305,00000000-0000-0000-0000-000000082054,OTHERS,730.748201485668,1386.252138381406,MIA
315976187.2438305,00000000-0000-0000-0000-000000082131,AGENT,733.4801297454535,1397.1391866432673,MIA
315976187.2438305,00000000-0000-0000-0000-000000082364,OTHERS,761.0442887313983,1389.2769403956815,MIA
315976187.2438305,00000000-0000-0000-0000-000000082447,OTHERS,740.9602124357941,1430.6816780680185,MIA
315976187.2438305,00000000-0000-0000-0000-000000082470,OTHERS,578.9324221199888,1341.686173587364,MIA
315976187.2438305,00000000-0000-0000-0000-000000082405,OTHERS,732.4433702360915,1419.559512961144,MIA
315976187.2438305,00000000-0000-0000-0000-000000082472,OTHERS,748.6666094251963,1266.1762833408338,MIA
315976187.2438305,00000000-0000-0000-0000-000000081991,OTHERS,734.757574294679,1368.7893884389473,MIA
315976187.2438305,00000000-0000-0000-0000-000000082042,OTHERS,739.2330897651076,1342.9619974654331,MIA
315976187.2438305,00000000-0000-0000-0000-000000082241,OTHERS,738.2331590886293,1369.1768699045913,MIA
315976187.2438305,00000000-0000-0000-0000-000000082437,OTHERS,753.6145406875506,1351.660452264417,MIA
315976187.2438305,00000000-0000-0000-0000-000000082475,OTHERS,763.2179290118335,1384.5913924748745,MIA
315976187.2438305,00000000-0000-0000-0000-000000082453,OTHERS,755.3074734457002,1359.038512242176,MIA
315976187.2438305,00000000-0000-0000-0000-000000082450,OTHERS,748.4451070268567,1354.9071550846554,MIA
315976187.2438305,00000000-0000-0000-0000-000000082456,OTHERS,744.6727079406694,1359.8342840805112,MIA
315976187.2438305,00000000-0000-0000-0000-000000081715,OTHERS,736.568582908228,1327.0998878979062,MIA
315976187.2438305,00000000-0000-0000-0000-000000082409,OTHERS,743.0364643962323,1402.1131143446887,MIA
315976187.2438305,00000000-0000-0000-0000-000000082431,OTHERS,746.7181934157802,1379.9265603721844,MIA
315976187.2438305,00000000-0000-0000-0000-000000082422,OTHERS,745.7547236271766,1323.1044520441953,MIA
315976187.2438305,00000000-0000-0000-0000-000000081753,OTHERS,733.8759343059004,1304.5486829612366,MIA
315976187.2438305,00000000-0000-0000-0000-000000081979,OTHERS,735.523759629309,1350.4739510537868,MIA
315976187.2438305,00000000-0000-0000-0000-000000082396,OTHERS,740.9507142165503,1418.8826810977469,MIA
315976187.2438305,00000000-0000-0000-0000-000000082465,OTHERS,756.1382958124412,1358.3322723736771,MIA
315976187.2438305,00000000-0000-0000-0000-000000082442,OTHERS,769.1772281170598,1391.4675824642886,MIA
315976187.3488833,00000000-0000-0000-0000-000000000000,AV,732.0069073939429,1360.2303973084174,MIA
315976187.3488833,00000000-0000-0000-0000-000000082054,OTHERS,730.8114317861093,1385.2632184407807,MIA
315976187.3488833,00000000-0000-0000-0000-000000082131,AGENT,733.525000091183,1396.1936112575534,MIA
315976187.3488833,00000000-0000-0000-0000-000000082364,OTHERS,760.8430586602492,1389.4365242439785,MIA
315976187.3488833,00000000-0000-0000-0000-000000082447,OTHERS,740.5427792804132,1431.4890684705267,MIA
315976187.3488833,00000000-0000-0000-0000-000000082475,OTHERS,763.3762815534775,1384.598544416274,MIA
315976187.3488833,00000000-0000-0000-0000-000000082453,OTHERS,755.3074734457002,1359.038512242176,MIA
315976187.3488833,00000000-0000-0000-0000-000000082442,OTHERS,768.5734925364767,1391.2821655694088,MIA
315976187.3488833,00000000-0000-0000-0000-000000082465,OTHERS,756.1382958124412,1358.3322723736771,MIA
315976187.3488833,00000000-0000-0000-0000-000000082450,OTHERS,748.453492631151,1355.9421924202181,MIA
315976187.3488833,00000000-0000-0000-0000-000000081991,OTHERS,734.8276454756633,1367.4911720948505,MIA
315976187.3488833,00000000-0000-0000-0000-000000082042,OTHERS,739.2790898235048,1341.6112839185464,MIA
315976187.3488833,00000000-0000-0000-0000-000000082241,OTHERS,738.2585529289647,1367.9950862780945,MIA
315976187.3488833,00000000-0000-0000-0000-000000082473,OTHERS,770.3502374684388,1384.6955133343165,MIA
315976187.3488833,00000000-0000-0000-0000-000000082472,OTHERS,749.1533896147084,1267.510741855994,MIA
315976187.3488833,00000000-0000-0000-0000-000000082470,OTHERS,578.9324221199888,1341.686173587364,MIA
315976187.3488833,00000000-0000-0000-0000-000000082405,OTHERS,732.3604947100857,1418.7452201252634,MIA
315976187.3488833,00000000-0000-0000-0000-000000082456,OTHERS,744.5423244078163,1360.7177562662794,MIA
315976187.3488833,00000000-0000-0000-0000-000000081715,OTHERS,736.6411947031578,1325.777796796262,MIA
315976187.3488833,00000000-0000-0000-0000-000000082409,OTHERS,743.1048310245317,1402.7445832523279,MIA
315976187.3488833,00000000-0000-0000-0000-000000082431,OTHERS,746.6193205804876,1380.6963215746298,MIA
315976187.3488833,00000000-0000-0000-0000-000000081753,OTHERS,733.8028719503845,1302.7418721448246,MIA
315976187.3488833,00000000-0000-0000-0000-000000081979,OTHERS,735.5848511464743,1349.407962017506,MIA
315976187.3488833,00000000-0000-0000-0000-000000082396,OTHERS,740.9639653671923,1419.6294696840982,MIA
315976187.45459163,00000000-0000-0000-0000-000000000000,AV,732.0693470429968,1359.001008725594,MIA
315976187.45459163,00000000-0000-0000-0000-000000082054,OTHERS,730.8685568704094,1384.4783131535034,MIA
315976187.45459163,00000000-0000-0000-0000-000000082131,AGENT,733.5816718045468,1394.5096186718313,MIA
315976187.45459163,00000000-0000-0000-0000-000000082364,OTHERS,760.5115600789841,1389.7682037033926,MIA
315976187.45459163,00000000-0000-0000-0000-000000082447,OTHERS,740.5427792804132,1431.4890684705267,MIA
315976187.45459163,00000000-0000-0000-0000-000000082453,OTHERS,755.3074734457002,1359.038512242176,MIA
315976187.45459163,00000000-0000-0000-0000-000000082476,OTHERS,767.3501031516944,1384.2102925620004,MIA
315976187.45459163,00000000-0000-0000-0000-000000082442,OTHERS,768.3774707889476,1391.37369492325,MIA
315976187.45459163,00000000-0000-0000-0000-000000082465,OTHERS,756.1382958124412,1358.3322723736771,MIA
315976187.45459163,00000000-0000-0000-0000-000000082450,OTHERS,748.3918617742627,1356.8301506852188,MIA
315976187.45459163,00000000-0000-0000-0000-000000082456,OTHERS,744.4876284380185,1361.6110540230902,MIA
315976187.45459163,00000000-0000-0000-0000-000000081715,OTHERS,736.7441238354767,1324.3965391590511,MIA
315976187.45459163,00000000-0000-0000-0000-000000082409,OTHERS,743.4334734797376,1403.34519811297,MIA
315976187.45459163,00000000-0000-0000-0000-000000082480,OTHERS,746.1468702543248,1329.1045247389695,MIA
315976187.45459163,00000000-0000-0000-0000-000000082475,OTHERS,763.3635959159018,1384.4575549882475,MIA
315976187.45459163,00000000-0000-0000-0000-000000081991,OTHERS,734.8955745384842,1366.2139428563478,MIA
315976187.45459163,00000000-0000-0000-0000-000000082042,OTHERS,739.3302325718297,1340.4857318762351,MIA
315976187.45459163,00000000-0000-0000-0000-000000082241,OTHERS,738.3167059410837,1366.7751335547596,MIA
315976187.45459163,00000000-0000-0000-0000-000000082473,OTHERS,770.3502374684388,1384.6955133343165,MIA
315976187.45459163,00000000-0000-0000-0000-000000082472,OTHERS,748.8999311491847,1268.9861510249914,MIA
315976187.45459163,00000000-0000-0000-0000-000000082431,OTHERS,746.7240596567557,1380.9621314852136,MIA
315976187.45459163,00000000-0000-0000-0000-000000082405,OTHERS,732.2043073795122,1417.9584453955704,MIA
315976187.45459163,00000000-0000-0000-0000-000000081753,OTHERS,733.8365213643973,1301.375291150727,MIA
315976187.45459163,00000000-0000-0000-0000-000000081979,OTHERS,735.6261064091364,1348.261294158515,MIA
315976187.45459163,00000000-0000-0000-0000-000000082396,OTHERS,740.6772702943448,1420.5457063224924,MIA
315976187.5459577,00000000-0000-0000-0000-000000000000,AV,732.1217571106741,1357.998638473376,MIA
315976187.5459577,00000000-0000-0000-0000-000000082054,OTHERS,730.9168130284779,1383.5400844090134,MIA
315976187.5459577,00000000-0000-0000-0000-000000082131,AGENT,733.6098025387723,1393.4810341968014,MIA
315976187.5459577,00000000-0000-0000-0000-000000082364,OTHERS,760.575543335394,1389.8691378596725,MIA
315976187.5459577,00000000-0000-0000-0000-000000082447,OTHERS,740.2424837334543,1433.186195698491,MIA
315976187.5459577,00000000-0000-0000-0000-000000082480,OTHERS,746.1608450768048,1329.9545087719368,MIA
315976187.5459577,00000000-0000-0000-0000-000000082475,OTHERS,763.2370714184593,1384.4298868885621,MIA
315976187.5459577,00000000-0000-0000-0000-000000081753,OTHERS,733.8666043529105,1299.568208859585,MIA
315976187.5459577,00000000-0000-0000-0000-000000081979,OTHERS,735.6861923302331,1347.118824370352,MIA
315976187.5459577,00000000-0000-0000-0000-000000082396,OTHERS,740.9218730614732,1421.3581072772674,MIA
315976187.5459577,00000000-0000-0000-0000-000000082456,OTHERS,744.4358254335752,1362.682006512699,MIA
315976187.5459577,00000000-0000-0000-0000-000000081715,OTHERS,736.7775185202955,1323.123623155946,MIA
315976187.5459577,00000000-0000-0000-0000-000000082409,OTHERS,743.3498724246422,1403.9845153396168,MIA
315976187.5459577,00000000-0000-0000-0000-000000082453,OTHERS,755.3074734457002,1359.038512242176,MIA
315976187.5459577,00000000-0000-0000-0000-000000082476,OTHERS,766.8707186900477,1384.2370168927835,MIA
315976187.5459577,00000000-0000-0000-0000-000000082442,OTHERS,767.5184383943492,1391.1979805075864,MIA
315976187.5459577,00000000-0000-0000-0000-000000082465,OTHERS,756.1382958124412,1358.3322723736771,MIA
315976187.5459577,00000000-0000-0000-0000-000000082450,OTHERS,748.3736283038211,1357.6500180187545,MIA
315976187.5459577,00000000-0000-0000-0000-000000081991,OTHERS,734.9091942696066,1365.0041587897872,MIA
315976187.5459577,00000000-0000-0000-0000-000000082042,OTHERS,739.3189656303615,1338.9386421789618,MIA
315976187.5459577,00000000-0000-0000-0000-000000082241,OTHERS,738.3904721675717,1365.5341943510728,MIA
315976187.5459577,00000000-0000-0000-0000-000000082473,OTHERS,770.3502374684388,1384.6955133343165,MIA
315976187.5459577,00000000-0000-0000-0000-000000082472,OTHERS,749.3253434119027,1269.9985723384234,MIA
315976187.5459577,00000000-0000-0000-0000-000000082431,OTHERS,746.6802698533452,1381.6149476337125,MIA
315976187.5459577,00000000-0000-0000-0000-000000082405,OTHERS,732.4142137279221,1417.0769365255558,MIA
315976187.64403313,00000000-0000-0000-0000-000000000000,AV,732.1797996655008,1356.880451998402,MIA
315976187.64403313,00000000-0000-0000-0000-000000082054,OTHERS,730.9632816880303,1382.6007914324439,MIA
315976187.64403313,00000000-0000-0000-0000-000000082131,AGENT,733.620300747441,1393.7826307154196,MIA
315976187.64403313,00000000-0000-0000-0000-000000082364,OTHERS,760.7455428520984,1389.8941419396122,MIA
315976187.64403313,00000000-0000-0000-0000-000000082447,OTHERS,740.2424837334543,1433.186195698491,MIA
315976187.64403313,00000000-0000-0000-0000-000000082442,OTHERS,767.2066384024778,1391.2174997206312,MIA
315976187.64403313,00000000-0000-0000-0000-000000082480,OTHERS,746.0715091515398,1330.2649841583318,MIA
315976187.64403313,00000000-0000-0000-0000-000000082456,OTHERS,744.4523301424471,1363.68290318703,MIA
315976187.64403313,00000000-0000-0000-0000-000000081715,OTHERS,736.7860401443411,1321.7382575949327,MIA
315976187.64403313,00000000-0000-0000-0000-000000082409,OTHERS,743.1992699741843,1404.7585227246445,MIA
315976187.64403313,00000000-0000-0000-0000-000000082476,OTHERS,767.0813383299243,1384.2668046352735,MIA
315976187.64403313,00000000-0000-0000-0000-000000082450,OTHERS,748.2556522286052,1358.3433858582518,MIA
315976187.64403313,00000000-0000-0000-0000-000000082482,OTHERS,747.8501580632584,1267.461976798259,MIA
315976187.64403313,00000000-0000-0000-0000-000000082475,OTHERS,763.1177765145007,1384.321471026864,MIA
315976187.64403313,00000000-0000-0000-0000-000000081991,OTHERS,734.9736232523493,1363.6604998570226,MIA
315976187.64403313,00000000-0000-0000-0000-000000082042,OTHERS,739.3511125529936,1337.6698204174238,MIA
315976187.64403313,00000000-0000-0000-0000-000000082241,OTHERS,738.4426890104526,1364.2907178256326,MIA
315976187.64403313,00000000-0000-0000-0000-000000082473,OTHERS,770.3502374684388,1384.6955133343165,MIA
315976187.64403313,00000000-0000-0000-0000-000000082472,OTHERS,749.5298516840967,1271.406506205736,MIA
315976187.64403313,00000000-0000-0000-0000-000000082431,OTHERS,746.6804219353293,1382.3946689335792,MIA
315976187.64403313,00000000-0000-0000-0000-000000082405,OTHERS,732.4142137279221,1417.0769365255558,MIA
315976187.64403313,00000000-0000-0000-0000-000000081753,OTHERS,733.6845182809415,1297.8208579436614,MIA
315976187.64403313,00000000-0000-0000-0000-000000081979,OTHERS,735.7389625288057,1345.9469987913901,MIA
315976187.64403313,00000000-0000-0000-0000-000000082396,OTHERS,740.8479454000573,1422.2379656757212,MIA
315976187.7427025,00000000-0000-0000-0000-000000000000,AV,732.2361089038229,1355.7619074645509,MIA
315976187.7427025,00000000-0000-0000-0000-000000082054,OTHERS,731.0225819895007,1381.7958598469975,MIA
315976187.7427025,00000000-0000-0000-0000-000000082131,AGENT,733.567160102444,1391.7045233283136,MIA
315976187.7427025,00000000-0000-0000-0000-000000081991,OTHERS,735.0442047237973,1362.3755885813964,MIA
315976187.7427025,00000000-0000-0000-0000-000000082042,OTHERS,739.3864046478833,1336.1672026663935,MIA
315976187.7427025,00000000-0000-0000-0000-000000082241,OTHERS,738.5116559698547,1363.1136991268245,MIA
315976187.7427025,00000000-0000-0000-0000-000000082364,OTHERS,760.5412685942682,1389.7114678510031,MIA
315976187.7427025,00000000-0000-0000-0000-000000082480,OTHERS,745.9921212651268,1331.0819334413552,MIA
315976187.7427025,00000000-0000-0000-0000-000000082456,OTHERS,744.4783119950374,1364.3083470843997,MIA
315976187.7427025,00000000-0000-0000-0000-000000081715,OTHERS,736.7788909523179,1320.4231261906605,MIA
315976187.7427025,00000000-0000-0000-0000-000000082409,OTHERS,743.2671351912953,1405.5989844610745,MIA
315976187.7427025,00000000-0000-0000-0000-000000082476,OTHERS,766.9501148628798,1384.3324625466846,MIA
315976187.7427025,00000000-0000-0000-0000-000000082450,OTHERS,748.2556965602208,1359.2367722000333,MIA
315976187.7427025,00000000-0000-0000-0000-000000082447,OTHERS,740.2424837334543,1433.186195698491,MIA
315976187.7427025,00000000-0000-0000-0000-000000082482,OTHERS,748.0151935426692,1268.9047873422835,MIA
315976187.7427025,00000000-0000-0000-0000-000000082475,OTHERS,763.1177765145007,1384.321471026864,MIA
315976187.7427025,00000000-0000-0000-0000-000000082472,OTHERS,749.5119797548981,1272.5639351572177,MIA
315976187.7427025,00000000-0000-0000-0000-000000082431,OTHERS,746.5505263098422,1383.6729738513434,MIA
315976187.7427025,00000000-0000-0000-0000-000000082405,OTHERS,732.7561363047217,1415.4491102410855,MIA
315976187.7427025,00000000-0000-0000-0000-000000081753,OTHERS,733.633489141228,1296.1988967621687,MIA
315976187.7427025,00000000-0000-0000-0000-000000081979,OTHERS,735.8012063006357,1344.8201780698812,MIA
315976187.7427025,00000000-0000-0000-0000-000000082396,OTHERS,740.9317796913649,1423.0550412839755,MIA
315976187.7427025,00000000-0000-0000-0000-000000082442,OTHERS,768.2753109788379,1391.1979090529874,MIA
315976187.8426573,00000000-0000-0000-0000-000000000000,AV,732.293223197895,1354.6433037821394,MIA
315976187.8426573,00000000-0000-0000-0000-000000082054,OTHERS,730.9960002168367,1381.0448973744476,MIA
315976187.8426573,00000000-0000-0000-0000-000000082131,AGENT,733.7026422891583,1390.9596194233825,MIA
315976187.8426573,00000000-0000-0000-0000-000000082364,OTHERS,760.6974335028874,1389.4506946684287,MIA
315976187.8426573,00000000-0000-0000-0000-000000082480,OTHERS,746.0522014835913,1331.5439312479687,MIA
315976187.8426573,00000000-0000-0000-0000-000000082476,OTHERS,766.9501148628798,1384.3324625466846,MIA
315976187.8426573,00000000-0000-0000-0000-000000082450,OTHERS,748.2878666470929,1359.9871707525826,MIA
315976187.8426573,00000000-0000-0000-0000-000000082447,OTHERS,740.3735744980793,1435.6283810230343,MIA
315976187.8426573,00000000-0000-0000-0000-000000082482,OTHERS,747.9431100002269,1267.8699792036673,MIA
315976187.8426573,00000000-0000-0000-0000-000000082475,OTHERS,763.1177765145007,1384.321471026864,MIA
315976187.8426573,00000000-0000-0000-0000-000000081991,OTHERS,735.0860737304274,1361.117761719624,MIA
315976187.8426573,00000000-0000-0000-0000-000000082042,OTHERS,739.3908129710478,1335.072730266333,MIA
315976187.8426573,00000000-0000-0000-0000-000000082241,OTHERS,738.5478552349077,1361.8080013436147,MIA
315976187.8426573,00000000-0000-0000-0000-000000082472,OTHERS,749.5692614455082,1273.7675935574375,MIA
315976187.8426573,00000000-0000-0000-0000-000000082456,OTHERS,744.359055861091,1364.5105811903486,MIA
315976187.8426573,00000000-0000-0000-0000-000000081715,OTHERS,736.8577168932248,1319.1327525791864,MIA
315976187.8426573,00000000-0000-0000-0000-000000082409,OTHERS,743.30256874098,1406.3954119195455,MIA
315976187.8426573,00000000-0000-0000-0000-000000082431,OTHERS,746.9194049221402,1384.2644564956865,MIA
315976187.8426573,00000000-0000-0000-0000-000000082405,OTHERS,732.3083700933465,1414.4915230108054,MIA
315976187.8426573,00000000-0000-0000-0000-000000081753,OTHERS,733.5969430609828,1294.6037002069068,MIA
315976187.8426573,00000000-0000-0000-0000-000000081979,OTHERS,735.8617328234433,1343.6163439152558,MIA
315976187.8426573,00000000-0000-0000-0000-000000082396,OTHERS,740.9283741572708,1423.9328212821365,MIA
315976187.8426573,00000000-0000-0000-0000-000000082442,OTHERS,767.8476833165953,1391.2842284487413,MIA
315976187.9413174,00000000-0000-0000-0000-000000000000,AV,732.3558107924467,1353.4086710644126,MIA
315976187.9413174,00000000-0000-0000-0000-000000082054,OTHERS,731.0590123180315,1380.0563928445245,MIA
315976187.9413174,00000000-0000-0000-0000-000000082131,AGENT,733.7192852124492,1390.4247796866978,MIA
315976187.9413174,00000000-0000-0000-0000-000000082364,OTHERS,760.4627895731128,1389.7260639027413,MIA
315976187.9413174,00000000-0000-0000-0000-000000082447,OTHERS,740.3735744980793,1435.6283810230343,MIA
315976187.9413174,00000000-0000-0000-0000-000000082480,OTHERS,745.9591044262718,1332.8868952024447,MIA
315976187.9413174,00000000-0000-0000-0000-000000082482,OTHERS,748.1142053657143,1270.660314725887,MIA
315976187.9413174,00000000-0000-0000-0000-000000082475,OTHERS,763.1177765145007,1384.321471026864,MIA
315976187.9413174,00000000-0000-0000-0000-000000082476,OTHERS,766.9501148628798,1384.3324625466846,MIA
315976187.9413174,00000000-0000-0000-0000-000000082450,OTHERS,748.2444873816322,1360.8192782312865,MIA
315976187.9413174,00000000-0000-0000-0000-000000081991,OTHERS,735.1477608040442,1359.911083181039,MIA
315976187.9413174,00000000-0000-0000-0000-000000082042,OTHERS,739.4204394199077,1333.6771089735096,MIA
315976187.9413174,00000000-0000-0000-0000-000000082241,OTHERS,738.6241532436345,1360.5673736805193,MIA
315976187.9413174,00000000-0000-0000-0000-000000082472,OTHERS,749.7397145759012,1274.9110795581084,MIA
315976187.9413174,00000000-0000-0000-0000-000000082456,OTHERS,744.3262495125783,1366.2281270616454,MIA
315976187.9413174,00000000-0000-0000-0000-000000081715,OTHERS,736.9270013806167,1317.8494644239875,MIA
315976187.9413174,00000000-0000-0000-0000-000000082409,OTHERS,743.3186705236908,1407.4021437662145,MIA
315976187.9413174,00000000-0000-0000-0000-000000082431,OTHERS,746.9194049221402,1384.2644564956865,MIA
315976187.9413174,00000000-0000-0000-0000-000000082405,OTHERS,732.4929526759057,1413.5961619199875,MIA
315976187.9413174,00000000-0000-0000-0000-000000081753,OTHERS,733.4620959136212,1293.0384392878545,MIA
315976187.9413174,00000000-0000-0000-0000-000000081979,OTHERS,735.9236015434599,1342.470775281418,MIA
315976187.9413174,00000000-0000-0000-0000-000000082396,OTHERS,740.815926281928,1424.899169055065,MIA
315976187.9413174,00000000-0000-0000-0000-000000082442,OTHERS,767.9032965309517,1391.455801633744,MIA
315976188.04349613,00000000-0000-0000-0000-000000000000,AV,732.414750862791,1352.2938587637966,MIA
315976188.04349613,00000000-0000-0000-0000-000000082054,OTHERS,731.0971309184363,1379.1118147036755,MIA
315976188.04349613,00000000-0000-0000-0000-000000082131,AGENT,733.7058654339278,1389.461281430253,MIA
315976188.04349613,00000000-0000-0000-0000-000000082364,OTHERS,760.5527083985781,1389.470950371093,MIA
315976188.04349613,00000000-0000-0000-0000-000000082447,OTHERS,740.3735744980793,1435.6283810230343,MIA
315976188.04349613,00000000-0000-0000-0000-000000082442,OTHERS,767.9032965309517,1391.455801633744,MIA
315976188.04349613,00000000-0000-0000-0000-000000081753,OTHERS,733.4166204613437,1291.342006779062,MIA
315976188.04349613,00000000-0000-0000-0000-000000081979,OTHERS,735.9649843393056,1341.2894340393204,MIA
315976188.04349613,00000000-0000-0000-0000-000000082396,OTHERS,740.8227039257551,1425.9357097919547,MIA
315976188.04349613,00000000-0000-0000-0000-000000081991,OTHERS,735.1890048411992,1358.6565773065474,MIA
315976188.04349613,00000000-0000-0000-0000-000000082042,OTHERS,739.4463295510385,1332.3213774483695,MIA
315976188.04349613,00000000-0000-0000-0000-000000082241,OTHERS,738.6484138987203,1359.326153694632,MIA
315976188.04349613,00000000-0000-0000-0000-000000082431,OTHERS,746.9194049221402,1384.2644564956865,MIA
315976188.04349613,00000000-0000-0000-0000-000000082476,OTHERS,766.9501148628798,1384.3324625466846,MIA
315976188.04349613,00000000-0000-0000-0000-000000082450,OTHERS,748.3174373340573,1361.2794678813464,MIA
315976188.04349613,00000000-0000-0000-0000-000000082482,OTHERS,748.2205227486023,1271.3937283351586,MIA
315976188.04349613,00000000-0000-0000-0000-000000082480,OTHERS,745.9268886779288,1333.7735027565961,MIA
315976188.04349613,00000000-0000-0000-0000-000000082472,OTHERS,749.7346688864802,1275.8368805540936,MIA
315976188.04349613,00000000-0000-0000-0000-000000082456,OTHERS,744.2052703394887,1367.3428761871194,MIA
315976188.04349613,00000000-0000-0000-0000-000000081715,OTHERS,736.9205240707489,1316.3973610650685,MIA
315976188.04349613,00000000-0000-0000-0000-000000082409,OTHERS,743.0973093906606,1407.7723720939807,MIA
315976188.04349613,00000000-0000-0000-0000-000000082405,OTHERS,732.422198079248,1412.6156866724245,MIA
315976188.13851386,00000000-0000-0000-0000-000000000000,AV,732.4706734330756,1351.1780066490946,MIA
315976188.13851386,00000000-0000-0000-0000-000000082054,OTHERS,731.129162175499,1378.2214950089926,MIA
315976188.13851386,00000000-0000-0000-0000-000000082131,AGENT,733.8531077246602,1388.4493450161817,MIA
315976188.13851386,00000000-0000-0000-0000-000000082364,OTHERS,761.540694333014,1389.4503030884134,MIA
315976188.13851386,00000000-0000-0000-0000-000000082447,OTHERS,740.3735744980793,1435.6283810230343,MIA
315976188.13851386,00000000-0000-0000-0000-000000082442,OTHERS,767.4056945954379,1391.2236456737742,MIA
315976188.13851386,00000000-0000-0000-0000-000000081991,OTHERS,735.2455539663594,1357.3875653224914,MIA
315976188.13851386,00000000-0000-0000-0000-000000082042,OTHERS,739.4387845541006,1330.9364511384088,MIA
315976188.13851386,00000000-0000-0000-0000-000000082241,OTHERS,738.7320942583882,1358.038437727965,MIA
315976188.13851386,00000000-0000-0000-0000-000000082489,OTHERS,748.2017365047943,1271.1333307887692,MIA
315976188.13851386,00000000-0000-0000-0000-000000082431,OTHERS,745.3514983363755,1389.741808564471,MIA
315976188.13851386,00000000-0000-0000-0000-000000082450,OTHERS,748.0871189250946,1361.446883621136,MIA
315976188.13851386,00000000-0000-0000-0000-000000082482,OTHERS,748.399451151958,1273.9678203107119,MIA
315976188.13851386,00000000-0000-0000-0000-000000082480,OTHERS,746.0491552998914,1334.1075988973344,MIA
315976188.13851386,00000000-0000-0000-0000-000000082472,OTHERS,749.7188604246911,1277.0570669264991,MIA
315976188.13851386,00000000-0000-0000-0000-000000082456,OTHERS,744.2749188486915,1367.5532355161351,MIA
315976188.13851386,00000000-0000-0000-0000-000000081715,OTHERS,736.9671538802022,1315.0709061979626,MIA
315976188.13851386,00000000-0000-0000-0000-000000082409,OTHERS,743.1025730217425,1408.7761279264655,MIA
315976188.13851386,00000000-0000-0000-0000-000000082405,OTHERS,732.309000742321,1411.7556682098254,MIA
315976188.13851386,00000000-0000-0000-0000-000000081753,OTHERS,733.1861936043588,1289.6206374730052,MIA
315976188.13851386,00000000-0000-0000-0000-000000081979,OTHERS,736.0148866960492,1340.1174049673634,MIA
315976188.13851386,00000000-0000-0000-0000-000000082396,OTHERS,740.6721189134802,1426.7469795650204,MIA
315976188.24333423,00000000-0000-0000-0000-000000000000,AV,732.5333191364374,1349.947338731395,MIA
315976188.24333423,00000000-0000-0000-0000-000000082054,OTHERS,731.1780077014588,1377.2950052222557,MIA
315976188.24333423,00000000-0000-0000-0000-000000082131,AGENT,733.8280200422389,1387.292333758891,MIA
315976188.24333423,00000000-0000-0000-0000-000000082364,OTHERS,761.4707926982663,1389.4286228910598,MIA
315976188.24333423,00000000-0000-0000-0000-000000082442,OTHERS,767.330709349504,1391.407192638911,MIA
315976188.24333423,00000000-0000-0000-0000-000000081753,OTHERS,733.0302786993393,1288.0850246365653,MIA
315976188.24333423,00000000-0000-0000-0000-000000081979,OTHERS,736.0654129042836,1338.916520600956,MIA
315976188.24333423,00000000-0000-0000-0000-000000082396,OTHERS,740.8601068210244,1427.8306052086286,MIA
315976188.24333423,00000000-0000-0000-0000-000000082489,OTHERS,748.2047716920447,1271.2472444071145,MIA
315976188.24333423,00000000-0000-0000-0000-000000082431,OTHERS,745.9523240074736,1388.5287224326655,MIA
315976188.24333423,00000000-0000-0000-0000-000000082480,OTHERS,746.0053761983893,1335.044215369651,MIA
315976188.24333423,00000000-0000-0000-0000-000000081991,OTHERS,735.278231369138,1356.0474062385856,MIA
315976188.24333423,00000000-0000-0000-0000-000000082042,OTHERS,739.4267868267357,1329.6460019814594,MIA
315976188.24333423,00000000-0000-0000-0000-000000082241,OTHERS,738.783768478822,1356.8304801077775,MIA
315976188.24333423,00000000-0000-0000-0000-000000082450,OTHERS,748.0760131465934,1362.351263673402,MIA
315976188.24333423,00000000-0000-0000-0000-000000082482,OTHERS,748.4532476831981,1274.2404871020676,MIA
315976188.24333423,00000000-0000-0000-0000-000000082472,OTHERS,749.7369272279252,1278.394060474561,MIA
315976188.24333423,00000000-0000-0000-0000-000000082456,OTHERS,744.228921937567,1369.2094962687456,MIA
315976188.24333423,00000000-0000-0000-0000-000000081715,OTHERS,736.9947376677937,1313.6976887492442,MIA
315976188.24333423,00000000-0000-0000-0000-000000082409,OTHERS,743.1693163257814,1410.0905292965624,MIA
315976188.24333423,00000000-0000-0000-0000-000000082405,OTHERS,732.3151758326483,1410.7928397299802,MIA
315976188.3357029,00000000-0000-0000-0000-000000000000,AV,732.5821673112657,1348.9448587925403,MIA
315976188.3357029,00000000-0000-0000-0000-000000082054,OTHERS,731.1977746194498,1376.3214396004034,MIA
315976188.3357029,00000000-0000-0000-0000-000000082131,AGENT,733.7193080608736,1387.2889230994342,MIA
315976188.3357029,00000000-0000-0000-0000-000000082364,OTHERS,761.9670970785202,1389.9183818478555,MIA
315976188.3357029,00000000-0000-0000-0000-000000082442,OTHERS,767.330709349504,1391.407192638911,MIA
315976188.3357029,00000000-0000-0000-0000-000000081991,OTHERS,735.3482582461818,1354.8772556663016,MIA
315976188.3357029,00000000-0000-0000-0000-000000082042,OTHERS,739.4702262445586,1328.1802553053742,MIA
315976188.3357029,00000000-0000-0000-0000-000000082241,OTHERS,738.8426253293297,1355.5591997174542,MIA
315976188.3357029,00000000-0000-0000-0000-000000082487,OTHERS,754.2127970226624,1358.6750492143765,MIA
315976188.3357029,00000000-0000-0000-0000-000000082489,OTHERS,748.5219109562809,1275.3523248806614,MIA
315976188.3357029,00000000-0000-0000-0000-000000082431,OTHERS,745.6070781521088,1388.5949036185227,MIA
315976188.3357029,00000000-0000-0000-0000-000000082480,OTHERS,745.9581488790813,1335.840760852495,MIA
315976188.3357029,00000000-0000-0000-0000-000000082450,OTHERS,748.0458815766814,1363.1647733833322,MIA
315976188.3357029,00000000-0000-0000-0000-000000082482,OTHERS,748.2512819456075,1272.1812700735734,MIA
315976188.3357029,00000000-0000-0000-0000-000000082472,OTHERS,749.3640416521512,1279.6442439284215,MIA
315976188.3357029,00000000-0000-0000-0000-000000082456,OTHERS,744.1841771304184,1370.376761365506,MIA
315976188.3357029,00000000-0000-0000-0000-000000081715,OTHERS,736.9441077361836,1312.1983804488702,MIA
315976188.3357029,00000000-0000-0000-0000-000000082409,OTHERS,743.3363984983603,1410.9730872496484,MIA
315976188.3357029,00000000-0000-0000-0000-000000082491,OTHERS,763.3173684268852,1384.1637566788345,MIA
315976188.3357029,00000000-0000-0000-0000-000000082405,OTHERS,732.4819345484561,1410.1313089367786,MIA
315976188.3357029,00000000-0000-0000-0000-000000081753,OTHERS,732.9757729281044,1286.479958010322,MIA
315976188.3357029,00000000-0000-0000-0000-000000081979,OTHERS,736.1337890600354,1337.7025099730874,MIA
315976188.3357029,00000000-0000-0000-0000-000000082396,OTHERS,740.7550338136442,1428.6678283304043,MIA
315976188.4369815,00000000-0000-0000-0000-000000000000,AV,732.6347903602507,1347.8361306369009,MIA
315976188.4369815,00000000-0000-0000-0000-000000082054,OTHERS,731.1960871412113,1375.6433238953634,MIA
315976188.4369815,00000000-0000-0000-0000-000000082131,AGENT,733.7076370400661,1385.2472137956727,MIA
315976188.4369815,00000000-0000-0000-0000-000000082364,OTHERS,761.3675299319937,1389.5098899633213,MIA
315976188.4369815,00000000-0000-0000-0000-000000081753,OTHERS,732.6798625291239,1284.8973396029262,MIA
315976188.4369815,00000000-0000-0000-0000-000000081979,OTHERS,736.1989237917418,1336.6004304008466,MIA
315976188.4369815,00000000-0000-0000-0000-000000082396,OTHERS,740.8288536204637,1429.7559823276858,MIA
315976188.4369815,00000000-0000-0000-0000-000000082431,OTHERS,745.9014281093017,1389.2376792482041,MIA
315976188.4369815,00000000-0000-0000-0000-000000082487,OTHERS,754.2127970226624,1358.6750492143765,MIA
315976188.4369815,00000000-0000-0000-0000-000000082405,OTHERS,732.7050193435061,1408.8035912241974,MIA
315976188.4369815,00000000-0000-0000-0000-000000082491,OTHERS,763.3173684268852,1384.1637566788345,MIA
315976188.4369815,00000000-0000-0000-0000-000000082480,OTHERS,745.8881029405353,1336.7099839996526,MIA
315976188.4369815,00000000-0000-0000-0000-000000082442,OTHERS,767.330709349504,1391.407192638911,MIA
315976188.4369815,00000000-0000-0000-0000-000000082482,OTHERS,748.6252967906461,1276.2140923577294,MIA
315976188.4369815,00000000-0000-0000-0000-000000081715,OTHERS,736.995096655859,1310.9592090656174,MIA
315976188.4369815,00000000-0000-0000-0000-000000082409,OTHERS,744.6450623481143,1414.0126726360716,MIA
315976188.4369815,00000000-0000-0000-0000-000000081991,OTHERS,735.3970035925055,1353.597910813705,MIA
315976188.4369815,00000000-0000-0000-0000-000000082042,OTHERS,739.460145796051,1326.9269313905486,MIA
315976188.4369815,00000000-0000-0000-0000-000000082241,OTHERS,738.9038071002648,1354.3014613853031,MIA
315976188.4369815,00000000-0000-0000-0000-000000082489,OTHERS,748.5219109562809,1275.3523248806614,MIA
315976188.4369815,00000000-0000-0000-0000-000000082483,OTHERS,753.7789177503963,1352.8082585837765,MIA
315976188.4369815,00000000-0000-0000-0000-000000082450,OTHERS,747.9849401303802,1364.2689516843534,MIA
315976188.4369815,00000000-0000-0000-0000-000000082472,OTHERS,749.3346284671733,1280.6435195432593,MIA
315976188.4369815,00000000-0000-0000-0000-000000082456,OTHERS,744.1841771304184,1370.376761365506,MIA
315976188.5385145,00000000-0000-0000-0000-000000000000,AV,732.6906516152388,1346.6071302377445,MIA
315976188.5385145,00000000-0000-0000-0000-000000082054,OTHERS,731.2889951906589,1374.5531340764774,MIA
315976188.5385145,00000000-0000-0000-0000-000000082131,AGENT,733.8933022284253,1384.4351057874508,MIA
315976188.5385145,00000000-0000-0000-0000-000000082364,OTHERS,762.1465182085208,1387.759720952333,MIA
315976188.5385145,00000000-0000-0000-0000-000000081753,OTHERS,732.4487984851347,1283.4035624011478,MIA
315976188.5385145,00000000-0000-0000-0000-000000081979,OTHERS,736.2475523662082,1335.3235985781496,MIA
315976188.5385145,00000000-0000-0000-0000-000000082396,OTHERS,740.8239606704466,1430.6818613728353,MIA
315976188.5385145,00000000-0000-0000-0000-000000082431,OTHERS,745.7734253550757,1391.384696708516,MIA
315976188.5385145,00000000-0000-0000-0000-000000082450,OTHERS,747.8990940821594,1364.8275406674354,MIA
315976188.5385145,00000000-0000-0000-0000-000000082442,OTHERS,767.330709349504,1391.407192638911,MIA
315976188.5385145,00000000-0000-0000-0000-000000082482,OTHERS,748.6368474681442,1276.10863699155,MIA
315976188.5385145,00000000-0000-0000-0000-000000082496,OTHERS,741.4942507815099,1410.266230684544,MIA
315976188.5385145,00000000-0000-0000-0000-000000081991,OTHERS,735.4465384295407,1352.344642272746,MIA
315976188.5385145,00000000-0000-0000-0000-000000082042,OTHERS,739.4566400351305,1325.437120086642,MIA
315976188.5385145,00000000-0000-0000-0000-000000082241,OTHERS,738.9812966825688,1353.038587127692,MIA
315976188.5385145,00000000-0000-0000-0000-000000081715,OTHERS,737.1012183892958,1309.6037277916364,MIA
315976188.5385145,00000000-0000-0000-0000-000000082409,OTHERS,744.5986785952188,1415.1008724905055,MIA
315976188.5385145,00000000-0000-0000-0000-000000082405,OTHERS,732.6555382441138,1408.1123721248377,MIA
315976188.5385145,00000000-0000-0000-0000-000000082491,OTHERS,763.3173684268852,1384.1637566788345,MIA
315976188.5385145,00000000-0000-0000-0000-000000082480,OTHERS,745.8482098851332,1337.581700227585,MIA
315976188.5385145,00000000-0000-0000-0000-000000082487,OTHERS,754.2551149487987,1358.6108870818284,MIA
315976188.5385145,00000000-0000-0000-0000-000000082483,OTHERS,753.7898479904594,1353.0003966735694,MIA
315976188.5385145,00000000-0000-0000-0000-000000082472,OTHERS,749.3346284671733,1280.6435195432593,MIA
315976188.5385145,00000000-0000-0000-0000-000000082456,OTHERS,743.9405188215508,1372.3116816860131,MIA
315976188.64363503,00000000-0000-0000-0000-000000000000,AV,732.7437547376753,1345.3881205752393,MIA
315976188.64363503,00000000-0000-0000-0000-000000082054,OTHERS,731.3414249905131,1373.5967781605584,MIA
315976188.64363503,00000000-0000-0000-0000-000000082131,AGENT,733.9424847886992,1383.4821893600024,MIA
315976188.64363503,00000000-0000-0000-0000-000000082364,OTHERS,761.5154810898692,1391.909529775976,MIA
315976188.64363503,00000000-0000-0000-0000-000000081753,OTHERS,732.4096093953473,1281.9632282136176,MIA
315976188.64363503,00000000-0000-0000-0000-000000081979,OTHERS,736.3054585070865,1334.1532867877822,MIA
315976188.64363503,00000000-0000-0000-0000-000000082396,OTHERS,741.0651939459233,1431.7336897481339,MIA
315976188.64363503,00000000-0000-0000-0000-000000082431,OTHERS,745.965395654194,1391.0731679896699,MIA
315976188.64363503,00000000-0000-0000-0000-000000082450,OTHERS,747.9291338084413,1365.6143322801415,MIA
315976188.64363503,00000000-0000-0000-0000-000000082482,OTHERS,748.6359432284723,1276.2907199386675,MIA
315976188.64363503,00000000-0000-0000-0000-000000082496,OTHERS,741.3995889044417,1411.0165538866852,MIA
315976188.64363503,00000000-0000-0000-0000-000000081991,OTHERS,735.4966957457689,1351.0571078679436,MIA
315976188.64363503,00000000-0000-0000-0000-000000082042,OTHERS,739.4791364555261,1324.1822230096682,MIA
315976188.64363503,00000000-0000-0000-0000-000000082241,OTHERS,739.0925513610601,1351.8166608248687,MIA
315976188.64363503,00000000-0000-0000-0000-000000081715,OTHERS,737.034360247004,1308.1550521893073,MIA
315976188.64363503,00000000-0000-0000-0000-000000082409,OTHERS,744.4781640529883,1416.100776748666,MIA
315976188.64363503,00000000-0000-0000-0000-000000082495,OTHERS,752.1466323900522,1232.1118529482253,MIA
315976188.64363503,00000000-0000-0000-0000-000000082405,OTHERS,732.6555382441138,1408.1123721248377,MIA
315976188.64363503,00000000-0000-0000-0000-000000082491,OTHERS,763.3173684268852,1384.1637566788345,MIA
315976188.64363503,00000000-0000-0000-0000-000000082480,OTHERS,745.8112137680998,1338.5115752664408,MIA
315976188.64363503,00000000-0000-0000-0000-000000082487,OTHERS,755.6692017536038,1358.8285077938906,MIA
315976188.64363503,00000000-0000-0000-0000-000000082483,OTHERS,753.75542677112,1353.0790353809516,MIA
315976188.64363503,00000000-0000-0000-0000-000000082472,OTHERS,749.3346284671733,1280.6435195432593,MIA
315976188.64363503,00000000-0000-0000-0000-000000082456,OTHERS,743.71098863019,1373.6453007409455,MIA
315976188.73977834,00000000-0000-0000-0000-000000000000,AV,732.7856657115976,1344.3899029875295,MIA
315976188.73977834,00000000-0000-0000-0000-000000082054,OTHERS,731.3160616039772,1372.5505893937798,MIA
315976188.73977834,00000000-0000-0000-0000-000000082131,AGENT,734.0014074345233,1382.4732711501636,MIA
315976188.73977834,00000000-0000-0000-0000-000000082364,OTHERS,761.5154810898692,1391.909529775976,MIA
315976188.73977834,00000000-0000-0000-0000-000000082405,OTHERS,732.8618109937644,1405.747648478701,MIA
315976188.73977834,00000000-0000-0000-0000-000000081753,OTHERS,732.1673865608113,1280.290715279284,MIA
315976188.73977834,00000000-0000-0000-0000-000000081979,OTHERS,736.3798100502037,1332.9200748245976,MIA
315976188.73977834,00000000-0000-0000-0000-000000082396,OTHERS,741.1639697074229,1432.8194178842084,MIA
315976188.73977834,00000000-0000-0000-0000-000000082431,OTHERS,745.8465514885402,1392.2396289663363,MIA
315976188.73977834,00000000-0000-0000-0000-000000082482,OTHERS,748.5990982257797,1275.838168924408,MIA
315976188.73977834,00000000-0000-0000-0000-000000082496,OTHERS,741.3432171865361,1411.77647802923,MIA
315976188.73977834,00000000-0000-0000-0000-000000081991,OTHERS,735.5436294264999,1349.824469438788,MIA
315976188.73977834,00000000-0000-0000-0000-000000082042,OTHERS,739.4771621482588,1322.6093428457068,MIA
315976188.73977834,00000000-0000-0000-0000-000000082241,OTHERS,739.1512866643452,1350.7106090771038,MIA
315976188.73977834,00000000-0000-0000-0000-000000081715,OTHERS,737.0127715433473,1306.6559750888762,MIA
315976188.73977834,00000000-0000-0000-0000-000000082409,OTHERS,744.4416139682079,1416.9859601246333,MIA
315976188.73977834,00000000-0000-0000-0000-000000082495,OTHERS,752.9686938511888,1233.904181918629,MIA
315976188.73977834,00000000-0000-0000-0000-000000082487,OTHERS,755.6692017536038,1358.8285077938906,MIA
315976188.73977834,00000000-0000-0000-0000-000000082483,OTHERS,753.75542677112,1353.0790353809516,MIA
315976188.73977834,00000000-0000-0000-0000-000000082450,OTHERS,747.8349544758643,1366.5445654346145,MIA
315976188.73977834,00000000-0000-0000-0000-000000082480,OTHERS,745.7479758681018,1339.3487947197666,MIA
315976188.73977834,00000000-0000-0000-0000-000000082472,OTHERS,749.3346284671733,1280.6435195432593,MIA
315976188.73977834,00000000-0000-0000-0000-000000082456,OTHERS,743.7173191460107,1374.3463083069928,MIA
315976188.84336066,00000000-0000-0000-0000-000000000000,AV,732.8346026633826,1343.170331588972,MIA
315976188.84336066,00000000-0000-0000-0000-000000082054,OTHERS,731.4085319681944,1371.6967861257226,MIA
315976188.84336066,00000000-0000-0000-0000-000000082131,AGENT,734.0957891408458,1381.4927517804474,MIA
315976188.84336066,00000000-0000-0000-0000-000000082364,OTHERS,761.5154810898692,1391.909529775976,MIA
315976188.84336066,00000000-0000-0000-0000-000000082405,OTHERS,732.6873422715698,1404.9350122929159,MIA
315976188.84336066,00000000-0000-0000-0000-000000082496,OTHERS,741.204862854727,1412.6769352936335,MIA
315976188.84336066,00000000-0000-0000-0000-000000081991,OTHERS,735.6073186748448,1348.5847599503932,MIA
315976188.84336066,00000000-0000-0000-0000-000000082042,OTHERS,739.4806367480925,1321.2565052807593,MIA
315976188.84336066,00000000-0000-0000-0000-000000082241,OTHERS,739.1941716336645,1349.4030240491334,MIA
315976188.84336066,00000000-0000-0000-0000-000000081715,OTHERS,736.9523103135664,1305.3479430275695,MIA
315976188.84336066,00000000-0000-0000-0000-000000082409,OTHERS,744.1486867615845,1418.2234591345746,MIA
315976188.84336066,00000000-0000-0000-0000-000000082495,OTHERS,753.2402936480197,1234.3113692026604,MIA
315976188.84336066,00000000-0000-0000-0000-000000082487,OTHERS,754.2732662645154,1358.6034988069534,MIA
315976188.84336066,00000000-0000-0000-0000-000000082488,OTHERS,755.5159508694127,1359.038518322876,MIA
315976188.84336066,00000000-0000-0000-0000-000000082483,OTHERS,753.7443537026941,1353.2352261443784,MIA
315976188.84336066,00000000-0000-0000-0000-000000082450,OTHERS,747.7834842317974,1367.4251405907644,MIA
315976188.84336066,00000000-0000-0000-0000-000000082482,OTHERS,748.5990982257797,1275.838168924408,MIA
315976188.84336066,00000000-0000-0000-0000-000000082480,OTHERS,745.7439900462598,1340.2688687273082,MIA
315976188.84336066,00000000-0000-0000-0000-000000082456,OTHERS,743.729875904969,1375.2405788763074,MIA
315976188.84336066,00000000-0000-0000-0000-000000082431,OTHERS,745.8465514885402,1392.2396289663363,MIA
315976188.84336066,00000000-0000-0000-0000-000000081753,OTHERS,732.0331452303482,1278.6965037333948,MIA
315976188.84336066,00000000-0000-0000-0000-000000081979,OTHERS,736.4317042447316,1331.7324368479133,MIA
315976188.84336066,00000000-0000-0000-0000-000000082396,OTHERS,740.8334110640548,1433.7825928341895,MIA
315976188.9358418,00000000-0000-0000-0000-000000000000,AV,732.8760768945044,1342.0613419037145,MIA
315976188.9358418,00000000-0000-0000-0000-000000082054,OTHERS,731.4447934155811,1370.6349624837512,MIA
315976188.9358418,00000000-0000-0000-0000-000000082131,AGENT,734.066169714684,1380.4191016469601,MIA
315976188.9358418,00000000-0000-0000-0000-000000081991,OTHERS,735.649024004069,1347.3410064439383,MIA
315976188.9358418,00000000-0000-0000-0000-000000082042,OTHERS,739.4667136854523,1319.842105657395,MIA
315976188.9358418,00000000-0000-0000-0000-000000082241,OTHERS,739.1859882397929,1348.039870361963,MIA
315976188.9358418,00000000-0000-0000-0000-000000082364,OTHERS,761.5154810898692,1391.909529775976,MIA
315976188.9358418,00000000-0000-0000-0000-000000082487,OTHERS,754.2732662645154,1358.6034988069534,MIA
315976188.9358418,00000000-0000-0000-0000-000000082496,OTHERS,741.3205810598131,1413.6545015244074,MIA
315976188.9358418,00000000-0000-0000-0000-000000082488,OTHERS,755.5159508694127,1359.038518322876,MIA
315976188.9358418,00000000-0000-0000-0000-000000082483,OTHERS,753.7450343608763,1353.4671018940194,MIA
315976188.9358418,00000000-0000-0000-0000-000000082450,OTHERS,747.7108026563786,1368.3509505413424,MIA
315976188.9358418,00000000-0000-0000-0000-000000082482,OTHERS,748.5990982257797,1275.838168924408,MIA
315976188.9358418,00000000-0000-0000-0000-000000082480,OTHERS,745.6483196470407,1341.3855737699225,MIA
315976188.9358418,00000000-0000-0000-0000-000000082456,OTHERS,743.6674411644351,1376.1830391946228,MIA
315976188.9358418,00000000-0000-0000-0000-000000081715,OTHERS,736.9943744289038,1304.0084860204267,MIA
315976188.9358418,00000000-0000-0000-0000-000000082495,OTHERS,753.4890844283693,1234.5922248680793,MIA
315976188.9358418,00000000-0000-0000-0000-000000082409,OTHERS,744.3212520534784,1419.220790397016,MIA
315976188.9358418,00000000-0000-0000-0000-000000082431,OTHERS,745.8465514885402,1392.2396289663363,MIA
315976188.9358418,00000000-0000-0000-0000-000000081753,OTHERS,731.74115865619,1277.058442614518,MIA
315976188.9358418,00000000-0000-0000-0000-000000081979,OTHERS,736.4536994624679,1330.599044430505,MIA
315976188.9358418,00000000-0000-0000-0000-000000082396,OTHERS,740.8334110640548,1433.7825928341895,MIA
315976188.9358418,00000000-0000-0000-0000-000000082405,OTHERS,732.7565607385294,1404.059128433028,MIA
315976189.0411371,00000000-0000-0000-0000-000000000000,AV,732.9167114516941,1340.9519943336627,MIA
315976189.0411371,00000000-0000-0000-0000-000000082054,OTHERS,731.5115282074495,1369.5543801413726,MIA
315976189.0411371,00000000-0000-0000-0000-000000082131,AGENT,734.1095396096539,1379.8345814328534,MIA
315976189.0411371,00000000-0000-0000-0000-000000082405,OTHERS,732.6587254517673,1403.1491645000247,MIA
315976189.0411371,00000000-0000-0000-0000-000000081753,OTHERS,731.6198168610028,1275.508200332429,MIA
315976189.0411371,00000000-0000-0000-0000-000000081979,OTHERS,736.5021216705843,1329.485429816541,MIA
315976189.0411371,00000000-0000-0000-0000-000000082396,OTHERS,740.8334110640548,1433.7825928341895,MIA
315976189.0411371,00000000-0000-0000-0000-000000082483,OTHERS,753.7639633578748,1353.5371782117875,MIA
315976189.0411371,00000000-0000-0000-0000-000000082450,OTHERS,747.6897916011917,1369.3231081701595,MIA
315976189.0411371,00000000-0000-0000-0000-000000081991,OTHERS,735.7095663184787,1346.119611920165,MIA
315976189.0411371,00000000-0000-0000-0000-000000082042,OTHERS,739.5167023193918,1318.3925330915347,MIA
315976189.0411371,00000000-0000-0000-0000-000000082241,OTHERS,739.315130248075,1346.9674531353794,MIA
315976189.0411371,00000000-0000-0000-0000-000000082456,OTHERS,743.5735732788513,1377.1371228887756,MIA
315976189.0411371,00000000-0000-0000-0000-000000081715,OTHERS,736.9627939020534,1302.6143547174386,MIA
315976189.0411371,00000000-0000-0000-0000-000000082409,OTHERS,744.3199729765042,1420.2120263089319,MIA
315976189.0411371,00000000-0000-0000-0000-000000082495,OTHERS,753.4890844283693,1234.5922248680793,MIA
315976189.0411371,00000000-0000-0000-0000-000000082482,OTHERS,748.5990982257797,1275.838168924408,MIA
315976189.0411371,00000000-0000-0000-0000-000000082496,OTHERS,741.1017507923282,1414.5538773359965,MIA
315976189.0411371,00000000-0000-0000-0000-000000082487,OTHERS,754.2732662645154,1358.6034988069534,MIA
315976189.0411371,00000000-0000-0000-0000-000000082488,OTHERS,755.5159508694127,1359.038518322876,MIA
315976189.0411371,00000000-0000-0000-0000-000000082480,OTHERS,745.5620055656813,1341.9051479664051,MIA
315976189.0411371,00000000-0000-0000-0000-000000082431,OTHERS,745.8465514885402,1392.2396289663363,MIA
315976189.13526714,00000000-0000-0000-0000-000000000000,AV,732.956206865763,1339.8457801380878,MIA
315976189.13526714,00000000-0000-0000-0000-000000082054,OTHERS,731.5392448114418,1368.600806601894,MIA
315976189.13526714,00000000-0000-0000-0000-000000082131,AGENT,734.2129521073255,1378.6651903690884,MIA
315976189.13526714,00000000-0000-0000-0000-000000082405,OTHERS,732.6587254517673,1403.1491645000247,MIA
315976189.13526714,00000000-0000-0000-0000-000000082483,OTHERS,753.7587875680957,1353.6341982473284,MIA
315976189.13526714,00000000-0000-0000-0000-000000082450,OTHERS,747.5826341138962,1370.2652996554918,MIA
315976189.13526714,00000000-0000-0000-0000-000000082503,OTHERS,754.5999074145642,1235.923603286161,MIA
315976189.13526714,00000000-0000-0000-0000-000000081991,OTHERS,735.7476261908839,1344.8347758152552,MIA
315976189.13526714,00000000-0000-0000-0000-000000082042,OTHERS,739.5159131018013,1317.0897517332573,MIA
315976189.13526714,00000000-0000-0000-0000-000000082241,OTHERS,739.3620594600359,1345.7369724681469,MIA
315976189.13526714,00000000-0000-0000-0000-000000082456,OTHERS,743.4824026715802,1377.9922259460145,MIA
315976189.13526714,00000000-0000-0000-0000-000000082480,OTHERS,745.5302443694403,1342.7522826311733,MIA
315976189.13526714,00000000-0000-0000-0000-000000081715,OTHERS,736.892903706299,1301.176736642603,MIA
315976189.13526714,00000000-0000-0000-0000-000000082409,OTHERS,744.2211075708618,1421.2128776925229,MIA
315976189.13526714,00000000-0000-0000-0000-000000082495,OTHERS,753.4890844283693,1234.5922248680793,MIA
315976189.13526714,00000000-0000-0000-0000-000000082496,OTHERS,741.2369631503981,1415.4298727854239,MIA
315976189.13526714,00000000-0000-0000-0000-000000081753,OTHERS,731.4616815566043,1273.912772789906,MIA
315976189.13526714,00000000-0000-0000-0000-000000081979,OTHERS,736.5542574573761,1328.2431440851633,MIA
315976189.13526714,00000000-0000-0000-0000-000000082396,OTHERS,740.8334110640548,1433.7825928341895,MIA
315976189.2358984,00000000-0000-0000-0000-000000000000,AV,732.9946295913445,1338.7421817058935,MIA
315976189.2358984,00000000-0000-0000-0000-000000081753,OTHERS,731.3632346666617,1272.4376067053204,MIA
315976189.2358984,00000000-0000-0000-0000-000000081979,OTHERS,736.622157091706,1327.0200069739533,MIA
315976189.2358984,00000000-0000-0000-0000-000000082054,OTHERS,731.6242514106599,1367.5396634023984,MIA
315976189.2358984,00000000-0000-0000-0000-000000082131,AGENT,734.198358655184,1377.66542064151,MIA
315976189.2358984,00000000-0000-0000-0000-000000082405,OTHERS,732.705618717824,1401.2581770787306,MIA
315976189.2358984,00000000-0000-0000-0000-000000082503,OTHERS,754.4645951854202,1236.195857552033,MIA
315976189.2358984,00000000-0000-0000-0000-000000081991,OTHERS,735.7564255944787,1343.651371780984,MIA
315976189.2358984,00000000-0000-0000-0000-000000082042,OTHERS,739.4504359487275,1315.6251253355256,MIA
315976189.2358984,00000000-0000-0000-0000-000000082241,OTHERS,739.3514661256772,1344.4316770038088,MIA
315976189.2358984,00000000-0000-0000-0000-000000082456,OTHERS,743.430254196988,1378.928175465529,MIA
315976189.2358984,00000000-0000-0000-0000-000000082505,OTHERS,760.9864551041936,1387.7394139117132,MIA
315976189.2358984,00000000-0000-0000-0000-000000082496,OTHERS,740.8507130988776,1416.0757585310207,MIA
315976189.2358984,00000000-0000-0000-0000-000000082483,OTHERS,753.7587875680957,1353.6341982473284,MIA
315976189.2358984,00000000-0000-0000-0000-000000082450,OTHERS,747.4834629794176,1371.108903726134,MIA
315976189.2358984,00000000-0000-0000-0000-000000082480,OTHERS,745.5393808463193,1343.695381563037,MIA
315976189.2358984,00000000-0000-0000-0000-000000082501,OTHERS,745.2144914261139,1289.4773169707812,MIA
315976189.2358984,00000000-0000-0000-0000-000000081715,OTHERS,736.7851263612314,1299.5800819903798,MIA
315976189.2358984,00000000-0000-0000-0000-000000082409,OTHERS,744.1005559919943,1421.9664477020422,MIA
315976189.2358984,00000000-0000-0000-0000-000000082495,OTHERS,753.4890844283693,1234.5922248680793,MIA
315976189.33401066,00000000-0000-0000-0000-000000000000,AV,733.0331037880438,1337.6345917696754,MIA
315976189.33401066,00000000-0000-0000-0000-000000081753,OTHERS,730.9285620630773,1270.6695519038162,MIA
315976189.33401066,00000000-0000-0000-0000-000000081979,OTHERS,736.6598843132176,1325.8022618015154,MIA
315976189.33401066,00000000-0000-0000-0000-000000082054,OTHERS,731.5899248385556,1366.6592142844333,MIA
315976189.33401066,00000000-0000-0000-0000-000000082131,AGENT,734.3023950712097,1377.3993291081229,MIA
315976189.33401066,00000000-0000-0000-0000-000000082503,OTHERS,754.4060083807923,1236.0436467634386,MIA
315976189.33401066,00000000-0000-0000-0000-000000082456,OTHERS,743.396513512375,1379.684770248149,MIA
315976189.33401066,00000000-0000-0000-0000-000000081715,OTHERS,736.7371844114592,1298.1097785211375,MIA
315976189.33401066,00000000-0000-0000-0000-000000082409,OTHERS,740.886842820749,1416.9926362981396,MIA
315976189.33401066,00000000-0000-0000-0000-000000082505,OTHERS,760.4999336273416,1387.7253886291421,MIA
315976189.33401066,00000000-0000-0000-0000-000000081991,OTHERS,735.8147100478535,1342.410105530395,MIA
315976189.33401066,00000000-0000-0000-0000-000000082042,OTHERS,739.4871129751306,1314.276612107866,MIA
315976189.33401066,00000000-0000-0000-0000-000000082241,OTHERS,739.3801937311383,1343.088740305725,MIA
315976189.33401066,00000000-0000-0000-0000-000000082483,OTHERS,753.7587875680957,1353.6341982473284,MIA
315976189.33401066,00000000-0000-0000-0000-000000082450,OTHERS,747.4482220296724,1371.9393095479418,MIA
315976189.33401066,00000000-0000-0000-0000-000000082480,OTHERS,745.5048771166353,1344.1803181363562,MIA
315976189.33401066,00000000-0000-0000-0000-000000082501,OTHERS,744.7881868979422,1289.3291268950272,MIA
315976189.33401066,00000000-0000-0000-0000-000000082405,OTHERS,732.9439440627666,1400.403089987677,MIA
315976189.43330115,00000000-0000-0000-0000-000000000000,AV,733.0756388328875,1336.417295018137,MIA
315976189.43330115,00000000-0000-0000-0000-000000081753,OTHERS,730.6874125567708,1269.1958857167544,MIA
315976189.43330115,00000000-0000-0000-0000-000000081979,OTHERS,736.6985753640857,1324.6467669928356,MIA
315976189.43330115,00000000-0000-0000-0000-000000082054,OTHERS,731.6911494558542,1365.582604367947,MIA
315976189.43330115,00000000-0000-0000-0000-000000082131,AGENT,734.2662381283715,1376.4420955860069,MIA
315976189.43330115,00000000-0000-0000-0000-000000082503,OTHERS,754.5078391410922,1236.1864162385962,MIA
315976189.43330115,00000000-0000-0000-0000-000000082505,OTHERS,760.1616643979868,1387.7238446215906,MIA
315976189.43330115,00000000-0000-0000-0000-000000082506,OTHERS,750.0479838856837,1290.8458534785245,MIA
315976189.43330115,00000000-0000-0000-0000-000000082480,OTHERS,745.3791756895247,1344.740004169473,MIA
315976189.43330115,00000000-0000-0000-0000-000000082501,OTHERS,744.5109444465738,1289.3778534759692,MIA
315976189.43330115,00000000-0000-0000-0000-000000081991,OTHERS,735.8651019604457,1341.177773399507,MIA
315976189.43330115,00000000-0000-0000-0000-000000082042,OTHERS,739.4983746885342,1312.8266300097855,MIA
315976189.43330115,00000000-0000-0000-0000-000000082241,OTHERS,739.449440801739,1341.690459639789,MIA
315976189.43330115,00000000-0000-0000-0000-000000082483,OTHERS,753.7587875680957,1353.6341982473284,MIA
315976189.43330115,00000000-0000-0000-0000-000000082450,OTHERS,747.3807757915512,1372.827206417441,MIA
315976189.43330115,00000000-0000-0000-0000-000000082456,OTHERS,743.4413417365898,1380.3269835300796,MIA
315976189.43330115,00000000-0000-0000-0000-000000081715,OTHERS,736.7632920477264,1296.8776382453489,MIA
315976189.43330115,00000000-0000-0000-0000-000000082409,OTHERS,740.853103056612,1417.8944749194407,MIA
315976189.43330115,00000000-0000-0000-0000-000000082405,OTHERS,732.8526644299377,1399.3264559892546,MIA
315976189.5396672,00000000-0000-0000-0000-000000000000,AV,733.1145182857761,1335.3143890350016,MIA
315976189.5396672,00000000-0000-0000-0000-000000082511,OTHERS,705.5192087967879,1221.3757606518566,MIA
315976189.5396672,00000000-0000-0000-0000-000000081753,OTHERS,730.5194392362143,1267.6683274062711,MIA
315976189.5396672,00000000-0000-0000-0000-000000081979,OTHERS,736.7309307193442,1323.4342474643868,MIA
315976189.5396672,00000000-0000-0000-0000-000000082054,OTHERS,731.715519577659,1364.5713247080525,MIA
315976189.5396672,00000000-0000-0000-0000-000000081991,OTHERS,735.9065368562483,1339.975390719968,MIA
315976189.5396672,00000000-0000-0000-0000-000000082042,OTHERS,739.4738247298628,1311.4282966136689,MIA
315976189.5396672,00000000-0000-0000-0000-000000082241,OTHERS,739.5098652842964,1340.466350667536,MIA
315976189.5396672,00000000-0000-0000-0000-000000082506,OTHERS,750.0174024292947,1292.2086393134655,MIA
315976189.5396672,00000000-0000-0000-0000-000000082131,AGENT,734.4252663580196,1375.2534161548751,MIA
315976189.5396672,00000000-0000-0000-0000-000000082503,OTHERS,754.6058999496784,1236.2754858875005,MIA
315976189.5396672,00000000-0000-0000-0000-000000082505,OTHERS,761.0607169850291,1387.7454314636175,MIA
315976189.5396672,00000000-0000-0000-0000-000000082501,OTHERS,744.3618563688713,1289.2229302504893,MIA
315976189.5396672,00000000-0000-0000-0000-000000082480,OTHERS,745.4370601120247,1345.7977108070165,MIA
315976189.5396672,00000000-0000-0000-0000-000000082450,OTHERS,747.3438760903429,1373.7473078604785,MIA
315976189.5396672,00000000-0000-0000-0000-000000082456,OTHERS,743.3509102302621,1381.3055142606333,MIA
315976189.5396672,00000000-0000-0000-0000-000000081715,OTHERS,736.6732827839672,1295.542959697244,MIA
315976189.5396672,00000000-0000-0000-0000-000000082409,OTHERS,740.853103056612,1417.8944749194407,MIA
315976189.5396672,00000000-0000-0000-0000-000000082405,OTHERS,733.0922037974226,1398.1846821473075,MIA
315976189.6368272,00000000-0000-0000-0000-000000000000,AV,733.15375672933,1334.2095454619487,MIA
315976189.6368272,00000000-0000-0000-0000-000000082511,OTHERS,705.5192087967879,1221.3757606518566,MIA
315976189.6368272,00000000-0000-0000-0000-000000081753,OTHERS,730.1904821886473,1266.17916143441,MIA
315976189.6368272,00000000-0000-0000-0000-000000081979,OTHERS,736.7712137283908,1322.1453114122812,MIA
315976189.6368272,00000000-0000-0000-0000-000000082054,OTHERS,731.8011203269887,1363.8078593137373,MIA
315976189.6368272,00000000-0000-0000-0000-000000082503,OTHERS,754.6058999496784,1236.2754858875005,MIA
315976189.6368272,00000000-0000-0000-0000-000000082506,OTHERS,750.0198684806645,1292.2191365366455,MIA
315976189.6368272,00000000-0000-0000-0000-000000082505,OTHERS,760.8211310397397,1387.7803587359424,MIA
315976189.6368272,00000000-0000-0000-0000-000000082501,OTHERS,743.8016951195682,1289.0588334095405,MIA
315976189.6368272,00000000-0000-0000-0000-000000082480,OTHERS,745.369514422086,1346.7845213884782,MIA
315976189.6368272,00000000-0000-0000-0000-000000082450,OTHERS,747.3355288345223,1374.403570548965,MIA
315976189.6368272,00000000-0000-0000-0000-000000082510,OTHERS,743.7485237612617,1259.5307963914802,MIA
315976189.6368272,00000000-0000-0000-0000-000000082456,OTHERS,743.4037287735803,1382.0462463324172,MIA
315976189.6368272,00000000-0000-0000-0000-000000081715,OTHERS,736.5391891215305,1293.8946527485598,MIA
315976189.6368272,00000000-0000-0000-0000-000000082409,OTHERS,743.9608922261847,1426.2291860575162,MIA
315976189.6368272,00000000-0000-0000-0000-000000082405,OTHERS,733.0003871982593,1397.1962665678077,MIA
315976189.6368272,00000000-0000-0000-0000-000000081991,OTHERS,735.9654985292999,1338.7188283268981,MIA
315976189.6368272,00000000-0000-0000-0000-000000082042,OTHERS,739.4706702260244,1309.9920356592763,MIA
315976189.6368272,00000000-0000-0000-0000-000000082241,OTHERS,739.6574884878422,1339.2635692040585,MIA
315976189.6368272,00000000-0000-0000-0000-000000082131,AGENT,734.7407809150453,1373.156298128277,MIA
315976189.73029435,00000000-0000-0000-0000-000000000000,AV,733.194138575059,1333.103142343094,MIA
315976189.73029435,00000000-0000-0000-0000-000000082511,OTHERS,705.5192087967879,1221.3757606518566,MIA
315976189.73029435,00000000-0000-0000-0000-000000081753,OTHERS,729.9775881672235,1264.6400380109233,MIA
315976189.73029435,00000000-0000-0000-0000-000000081979,OTHERS,736.8325053604765,1320.9105749514965,MIA
315976189.73029435,00000000-0000-0000-0000-000000082054,OTHERS,731.7520553998809,1362.5799271229089,MIA
315976189.73029435,00000000-0000-0000-0000-000000082503,OTHERS,754.6058999496784,1236.2754858875005,MIA
315976189.73029435,00000000-0000-0000-0000-000000082506,OTHERS,749.9263440801124,1293.27263792002,MIA
315976189.73029435,00000000-0000-0000-0000-000000082505,OTHERS,760.7945256972741,1387.7201195662913,MIA
315976189.73029435,00000000-0000-0000-0000-000000082501,OTHERS,743.8016951195682,1289.0588334095405,MIA
315976189.73029435,00000000-0000-0000-0000-000000082480,OTHERS,745.3202647126259,1347.7969964337065,MIA
315976189.73029435,00000000-0000-0000-0000-000000082450,OTHERS,747.2762779975733,1375.2632628933875,MIA
315976189.73029435,00000000-0000-0000-0000-000000082510,OTHERS,743.7485237612617,1259.5307963914802,MIA
315976189.73029435,00000000-0000-0000-0000-000000082456,OTHERS,743.1704920074608,1383.518613893472,MIA
315976189.73029435,00000000-0000-0000-0000-000000081715,OTHERS,736.4369794955005,1292.5331735065447,MIA
315976189.73029435,00000000-0000-0000-0000-000000082409,OTHERS,743.9608922261847,1426.2291860575162,MIA
315976189.73029435,00000000-0000-0000-0000-000000082405,OTHERS,733.2304178748938,1396.1133169987909,MIA
315976189.73029435,00000000-0000-0000-0000-000000081991,OTHERS,736.0183744012929,1337.5123077178896,MIA
315976189.73029435,00000000-0000-0000-0000-000000082042,OTHERS,739.4174579816593,1308.5517707710744,MIA
315976189.73029435,00000000-0000-0000-0000-000000082241,OTHERS,739.6640009493923,1338.0175198987538,MIA
315976189.73029435,00000000-0000-0000-0000-000000082131,AGENT,734.5358787230057,1371.9219855584092,MIA
315976189.83495986,00000000-0000-0000-0000-000000000000,AV,733.2389019580313,1331.8894236673405,MIA
315976189.83495986,00000000-0000-0000-0000-000000082511,OTHERS,705.5192087967879,1221.3757606518566,MIA
315976189.83495986,00000000-0000-0000-0000-000000081753,OTHERS,729.6479762599027,1263.1136733801354,MIA
315976189.83495986,00000000-0000-0000-0000-000000081979,OTHERS,736.8290888645689,1319.67198302428,MIA
315976189.83495986,00000000-0000-0000-0000-000000082054,OTHERS,731.8656302245145,1361.4322658701694,MIA
315976189.83495986,00000000-0000-0000-0000-000000082503,OTHERS,754.6058999496784,1236.2754858875005,MIA
315976189.83495986,00000000-0000-0000-0000-000000082505,OTHERS,760.9562822190578,1387.7292515746149,MIA
315976189.83495986,00000000-0000-0000-0000-000000082450,OTHERS,747.2043582466983,1376.082726278402,MIA
315976189.83495986,00000000-0000-0000-0000-000000082456,OTHERS,743.1294545383768,1384.1544033718105,MIA
315976189.83495986,00000000-0000-0000-0000-000000081715,OTHERS,736.3823311683293,1291.1197541613906,MIA
315976189.83495986,00000000-0000-0000-0000-000000082409,OTHERS,743.9608922261847,1426.2291860575162,MIA
315976189.83495986,00000000-0000-0000-0000-000000082506,OTHERS,749.9414440298303,1294.8370664936024,MIA
315976189.83495986,00000000-0000-0000-0000-000000082480,OTHERS,745.1842607199969,1348.9274278319106,MIA
315976189.83495986,00000000-0000-0000-0000-000000082501,OTHERS,743.8016951195682,1289.0588334095405,MIA
315976189.83495986,00000000-0000-0000-0000-000000082510,OTHERS,744.4125335514735,1262.8586424466228,MIA
315976189.83495986,00000000-0000-0000-0000-000000082405,OTHERS,733.2304178748938,1396.1133169987909,MIA
315976189.83495986,00000000-0000-0000-0000-000000081991,OTHERS,736.0657981401448,1336.2216065015687,MIA
315976189.83495986,00000000-0000-0000-0000-000000082042,OTHERS,739.4047092376284,1307.1712185364022,MIA
315976189.83495986,00000000-0000-0000-0000-000000082241,OTHERS,739.7252021574839,1336.9332005885453,MIA
315976189.83495986,00000000-0000-0000-0000-000000082131,AGENT,734.577107861948,1370.9175409253023,MIA
315976189.9356238,00000000-0000-0000-0000-000000000000,AV,733.2815965895347,1330.7825617044434,MIA
315976189.9356238,00000000-0000-0000-0000-000000081753,OTHERS,729.4125878936176,1261.5681456157142,MIA
315976189.9356238,00000000-0000-0000-0000-000000081979,OTHERS,736.8218163923174,1318.5290686192234,MIA
315976189.9356238,00000000-0000-0000-0000-000000082505,OTHERS,760.6083506517897,1387.7740130732802,MIA
315976189.9356238,00000000-0000-0000-0000-000000082501,OTHERS,743.8016951195682,1289.0588334095405,MIA
315976189.9356238,00000000-0000-0000-0000-000000082480,OTHERS,745.1640580873402,1349.8266100516282,MIA
315976189.9356238,00000000-0000-0000-0000-000000082506,OTHERS,749.9674745965176,1295.9399932924948,MIA
315976189.9356238,00000000-0000-0000-0000-000000082456,OTHERS,742.9785041514855,1385.2510430197638,MIA
315976189.9356238,00000000-0000-0000-0000-000000081715,OTHERS,736.2258541289243,1289.5760792265182,MIA
315976189.9356238,00000000-0000-0000-0000-000000082409,OTHERS,743.9608922261847,1426.2291860575162,MIA
315976189.9356238,00000000-0000-0000-0000-000000082131,AGENT,734.7988684889352,1369.6582222424229,MIA
315976189.9356238,00000000-0000-0000-0000-000000082510,OTHERS,744.4514490078592,1264.6264317793105,MIA
315976189.9356238,00000000-0000-0000-0000-000000082450,OTHERS,747.2071137474215,1376.9275275347557,MIA
315976189.9356238,00000000-0000-0000-0000-000000082405,OTHERS,733.2304178748938,1396.1133169987909,MIA
315976189.9356238,00000000-0000-0000-0000-000000081991,OTHERS,736.1200428050232,1334.983210738376,MIA
315976189.9356238,00000000-0000-0000-0000-000000082042,OTHERS,739.3926092170526,1305.7109213279284,MIA
315976189.9356238,00000000-0000-0000-0000-000000082241,OTHERS,739.7545739690352,1335.514308100147,MIA
315976189.9356238,00000000-0000-0000-0000-000000082054,OTHERS,731.954808795325,1360.4319651274334,MIA
315976190.0320364,00000000-0000-0000-0000-000000000000,AV,733.3241021644287,1329.6800155475246,MIA
315976190.0320364,00000000-0000-0000-0000-000000081753,OTHERS,729.1097629951804,1260.069038348905,MIA
315976190.0320364,00000000-0000-0000-0000-000000081979,OTHERS,736.8489264865848,1317.3444940875638,MIA
315976190.0320364,00000000-0000-0000-0000-000000082506,OTHERS,749.9990623850827,1297.0727338003176,MIA
315976190.0320364,00000000-0000-0000-0000-000000082456,OTHERS,743.0262538880113,1385.723988813403,MIA
315976190.0320364,00000000-0000-0000-0000-000000082131,AGENT,734.9227369093168,1368.5862187332307,MIA
315976190.0320364,00000000-0000-0000-0000-000000082450,OTHERS,747.0625224751336,1377.7476670007782,MIA
315976190.0320364,00000000-0000-0000-0000-000000081715,OTHERS,736.0748442469812,1288.1364556942924,MIA
315976190.0320364,00000000-0000-0000-0000-000000082505,OTHERS,760.9174510461888,1387.6871440078075,MIA
315976190.0320364,00000000-0000-0000-0000-000000082480,OTHERS,745.111040423554,1350.7954131303054,MIA
315976190.0320364,00000000-0000-0000-0000-000000082510,OTHERS,744.5642975516336,1266.943462423355,MIA
315976190.0320364,00000000-0000-0000-0000-000000082405,OTHERS,733.2843246860219,1393.1744793321645,MIA
315976190.0320364,00000000-0000-0000-0000-000000082054,OTHERS,732.0211044391548,1359.3535855692598,MIA
315976190.0320364,00000000-0000-0000-0000-000000081991,OTHERS,736.1729098328282,1333.7579532058285,MIA
315976190.0320364,00000000-0000-0000-0000-000000082241,OTHERS,739.8036651038092,1334.47359410184,MIA
315976190.0320364,00000000-0000-0000-0000-000000082042,OTHERS,739.3470256165363,1304.3154708741854,MIA
315976190.14319336,00000000-0000-0000-0000-000000000000,AV,733.3722339991948,1328.4640407380734,MIA
315976190.14319336,00000000-0000-0000-0000-000000081753,OTHERS,728.7290979682315,1258.5564587864314,MIA
315976190.14319336,00000000-0000-0000-0000-000000081979,OTHERS,736.8579114064568,1316.1491570921653,MIA
315976190.14319336,00000000-0000-0000-0000-000000082054,OTHERS,732.0041022271315,1358.2206482013735,MIA
315976190.14319336,00000000-0000-0000-0000-000000082517,OTHERS,753.2076165956868,1355.0188378662142,MIA
315976190.14319336,00000000-0000-0000-0000-000000082518,OTHERS,759.7601870134233,1241.3374365186705,MIA
315976190.14319336,00000000-0000-0000-0000-000000082131,AGENT,734.7890947819493,1367.5656991015428,MIA
315976190.14319336,00000000-0000-0000-0000-000000082450,OTHERS,746.9865528213879,1378.5812334044188,MIA
315976190.14319336,00000000-0000-0000-0000-000000081715,OTHERS,735.9652259084706,1286.7409361091584,MIA
315976190.14319336,00000000-0000-0000-0000-000000081991,OTHERS,736.2276795419373,1332.517252291013,MIA
315976190.14319336,00000000-0000-0000-0000-000000082042,OTHERS,739.2815001314917,1302.864344277237,MIA
315976190.14319336,00000000-0000-0000-0000-000000082241,OTHERS,739.8347054443364,1333.133562966281,MIA
315976190.14319336,00000000-0000-0000-0000-000000082506,OTHERS,750.1405111778839,1298.43212616635,MIA
315976190.14319336,00000000-0000-0000-0000-000000082456,OTHERS,743.2219499019249,1386.8789397846756,MIA
315976190.14319336,00000000-0000-0000-0000-000000082505,OTHERS,760.0652654985903,1387.626368607744,MIA
315976190.14319336,00000000-0000-0000-0000-000000082480,OTHERS,745.0632979688263,1351.3670580618484,MIA
315976190.14319336,00000000-0000-0000-0000-000000082510,OTHERS,744.5642975516336,1266.943462423355,MIA
315976190.14319336,00000000-0000-0000-0000-000000082405,OTHERS,733.2843246860219,1393.1744793321645,MIA
315976190.24696046,00000000-0000-0000-0000-000000000000,AV,733.4208725249983,1327.247698072464,MIA
315976190.24696046,00000000-0000-0000-0000-000000081753,OTHERS,728.5161908727548,1257.0604424678156,MIA
315976190.24696046,00000000-0000-0000-0000-000000081979,OTHERS,736.8469693953833,1314.848679175568,MIA
315976190.24696046,00000000-0000-0000-0000-000000082518,OTHERS,759.9408080785498,1241.7055701646218,MIA
315976190.24696046,00000000-0000-0000-0000-000000082131,AGENT,734.9283670327568,1366.3264284969866,MIA
315976190.24696046,00000000-0000-0000-0000-000000082450,OTHERS,746.9143171376576,1379.2386566928446,MIA
315976190.24696046,00000000-0000-0000-0000-000000082456,OTHERS,742.9654386439821,1387.9189466419202,MIA
315976190.24696046,00000000-0000-0000-0000-000000082505,OTHERS,760.0652654985903,1387.626368607744,MIA
315976190.24696046,00000000-0000-0000-0000-000000082480,OTHERS,745.0351751155536,1352.301718539866,MIA
315976190.24696046,00000000-0000-0000-0000-000000081715,OTHERS,735.8622947986746,1285.5670244386733,MIA
315976190.24696046,00000000-0000-0000-0000-000000081991,OTHERS,736.2751822032143,1331.2773811437435,MIA
315976190.24696046,00000000-0000-0000-0000-000000082042,OTHERS,739.2284663042227,1301.464289560568,MIA
315976190.24696046,00000000-0000-0000-0000-000000082241,OTHERS,739.8805853163307,1331.9992563303008,MIA
315976190.24696046,00000000-0000-0000-0000-000000082054,OTHERS,732.1134099637076,1357.140688088916,MIA
315976190.24696046,00000000-0000-0000-0000-000000082517,OTHERS,753.1592947728698,1355.1487047621592,MIA
315976190.24696046,00000000-0000-0000-0000-000000082506,OTHERS,750.0299394635092,1299.832787169193,MIA
315976190.24696046,00000000-0000-0000-0000-000000082510,OTHERS,744.5642975516336,1266.943462423355,MIA
315976190.24696046,00000000-0000-0000-0000-000000082405,OTHERS,733.2843246860219,1393.1744793321645,MIA
315976190.3478946,00000000-0000-0000-0000-000000000000,AV,733.4664640210525,1326.1400294810373,MIA
315976190.3478946,00000000-0000-0000-0000-000000081753,OTHERS,728.2004148168961,1255.5574737558168,MIA
315976190.3478946,00000000-0000-0000-0000-000000081979,OTHERS,736.8485740947023,1313.6364604957566,MIA
315976190.3478946,00000000-0000-0000-0000-000000082518,OTHERS,760.5380970023668,1242.1610936808236,MIA
315976190.3478946,00000000-0000-0000-0000-000000082131,AGENT,734.936295175222,1365.2551542897095,MIA
315976190.3478946,00000000-0000-0000-0000-000000082450,OTHERS,746.8153313083293,1380.1581991246876,MIA
315976190.3478946,00000000-0000-0000-0000-000000082456,OTHERS,742.568108675594,1388.9077950780725,MIA
315976190.3478946,00000000-0000-0000-0000-000000082505,OTHERS,760.0652654985903,1387.626368607744,MIA
315976190.3478946,00000000-0000-0000-0000-000000082480,OTHERS,744.9917355713835,1353.1341594746455,MIA
315976190.3478946,00000000-0000-0000-0000-000000081715,OTHERS,735.6612785860948,1284.060265199296,MIA
315976190.3478946,00000000-0000-0000-0000-000000081991,OTHERS,736.2942540991282,1330.0341065205291,MIA
315976190.3478946,00000000-0000-0000-0000-000000082042,OTHERS,739.1813654803917,1300.1479055016548,MIA
315976190.3478946,00000000-0000-0000-0000-000000082241,OTHERS,739.9211184438782,1330.6460065907575,MIA
315976190.3478946,00000000-0000-0000-0000-000000082054,OTHERS,732.08977608393,1355.9544217498767,MIA
315976190.3478946,00000000-0000-0000-0000-000000082517,OTHERS,753.2125112911784,1355.2376121521172,MIA
315976190.3478946,00000000-0000-0000-0000-000000082506,OTHERS,750.0484130406206,1301.001748996028,MIA
315976190.3478946,00000000-0000-0000-0000-000000082510,OTHERS,744.5642975516336,1266.943462423355,MIA
315976190.3478946,00000000-0000-0000-0000-000000082405,OTHERS,733.6620048935222,1390.2585603225393,MIA
315976190.43602383,00000000-0000-0000-0000-000000000000,AV,733.5079078476382,1325.1449154877268,MIA
315976190.43602383,00000000-0000-0000-0000-000000081753,OTHERS,727.6483452406317,1253.6207511896034,MIA
315976190.43602383,00000000-0000-0000-0000-000000081979,OTHERS,736.856079641655,1312.4838959170772,MIA
315976190.43602383,00000000-0000-0000-0000-000000082506,OTHERS,750.0901945099437,1302.2823126843468,MIA
315976190.43602383,00000000-0000-0000-0000-000000081715,OTHERS,735.4784159723591,1282.5093502909128,MIA
315976190.43602383,00000000-0000-0000-0000-000000082518,OTHERS,761.2646190877466,1242.707173327983,MIA
315976190.43602383,00000000-0000-0000-0000-000000082131,AGENT,735.0853408629248,1364.2127664496404,MIA
315976190.43602383,00000000-0000-0000-0000-000000082450,OTHERS,746.7986587175508,1380.8807306447675,MIA
315976190.43602383,00000000-0000-0000-0000-000000082505,OTHERS,760.0652654985903,1387.626368607744,MIA
315976190.43602383,00000000-0000-0000-0000-000000082480,OTHERS,744.9294691306253,1354.0336506806702,MIA
315976190.43602383,00000000-0000-0000-0000-000000082456,OTHERS,742.6582636209656,1389.755323843847,MIA
315976190.43602383,00000000-0000-0000-0000-000000082405,OTHERS,733.5945985911172,1389.3143769859091,MIA
315976190.43602383,00000000-0000-0000-0000-000000082517,OTHERS,753.2034356732685,1355.3290971749843,MIA
315976190.43602383,00000000-0000-0000-0000-000000082054,OTHERS,732.1591754628313,1354.8303679678024,MIA
315976190.43602383,00000000-0000-0000-0000-000000081991,OTHERS,736.3655655898724,1328.7961030895865,MIA
315976190.43602383,00000000-0000-0000-0000-000000082241,OTHERS,740.0196628071997,1329.5326498645532,MIA
315976190.43602383,00000000-0000-0000-0000-000000082042,OTHERS,739.1276037318959,1298.6347774368671,MIA
315976190.532795,00000000-0000-0000-0000-000000000000,AV,733.5534407259482,1324.0365405660993,MIA
315976190.532795,00000000-0000-0000-0000-000000081753,OTHERS,727.3659892222258,1252.197834628228,MIA
315976190.532795,00000000-0000-0000-0000-000000081979,OTHERS,736.8424523053819,1311.1866802585014,MIA
315976190.532795,00000000-0000-0000-0000-000000081715,OTHERS,735.2087817941232,1281.1637420541974,MIA
315976190.532795,00000000-0000-0000-0000-000000082523,OTHERS,754.2164710897374,1256.9931120625795,MIA
315976190.532795,00000000-0000-0000-0000-000000082480,OTHERS,744.877212123743,1354.8639968933874,MIA
315976190.532795,00000000-0000-0000-0000-000000082518,OTHERS,761.793390725133,1243.039807024634,MIA
315976190.532795,00000000-0000-0000-0000-000000082131,AGENT,735.1292068644444,1364.0868324831192,MIA
315976190.532795,00000000-0000-0000-0000-000000082450,OTHERS,746.6902704545332,1381.6473212862,MIA
315976190.532795,00000000-0000-0000-0000-000000082506,OTHERS,750.0209596017688,1303.5875922062935,MIA
315976190.532795,00000000-0000-0000-0000-000000082456,OTHERS,742.5407580553084,1390.7271183531714,MIA
315976190.532795,00000000-0000-0000-0000-000000082405,OTHERS,733.6769436672264,1388.352875333736,MIA
315976190.532795,00000000-0000-0000-0000-000000082517,OTHERS,753.1861912398358,1355.4768727115425,MIA
315976190.532795,00000000-0000-0000-0000-000000082054,OTHERS,732.2307319485009,1353.8044109123814,MIA
315976190.532795,00000000-0000-0000-0000-000000081991,OTHERS,736.4035904227229,1327.5465806763145,MIA
315976190.532795,00000000-0000-0000-0000-000000082241,OTHERS,740.0787187028758,1328.192268273269,MIA
315976190.532795,00000000-0000-0000-0000-000000082042,OTHERS,739.0643358839168,1297.1968408925982,MIA
315976190.63619816,00000000-0000-0000-0000-000000000000,AV,733.6036779903662,1322.8199556922746,MIA
315976190.63619816,00000000-0000-0000-0000-000000081753,OTHERS,727.1075618550859,1250.8479574834728,MIA
315976190.63619816,00000000-0000-0000-0000-000000081979,OTHERS,736.8462547945096,1310.0101194251188,MIA
315976190.63619816,00000000-0000-0000-0000-000000082523,OTHERS,754.3158043979881,1256.8864073717764,MIA
315976190.63619816,00000000-0000-0000-0000-000000082480,OTHERS,744.8374135437411,1355.769273711426,MIA
315976190.63619816,00000000-0000-0000-0000-000000082518,OTHERS,762.3636442415035,1243.3779462796838,MIA
315976190.63619816,00000000-0000-0000-0000-000000082131,AGENT,735.1979565680873,1363.0494753493915,MIA
315976190.63619816,00000000-0000-0000-0000-000000081715,OTHERS,735.0657548908098,1279.6430944453364,MIA
315976190.63619816,00000000-0000-0000-0000-000000081991,OTHERS,736.4549275719818,1326.2685748883575,MIA
315976190.63619816,00000000-0000-0000-0000-000000082042,OTHERS,739.0002398240434,1295.8215052426467,MIA
315976190.63619816,00000000-0000-0000-0000-000000082241,OTHERS,740.1935045811732,1326.9196746327284,MIA
315976190.63619816,00000000-0000-0000-0000-000000082450,OTHERS,746.6790082758336,1382.1365443959771,MIA
315976190.63619816,00000000-0000-0000-0000-000000082506,OTHERS,750.0568709728059,1304.7397593011353,MIA
315976190.63619816,00000000-0000-0000-0000-000000082456,OTHERS,742.7723745687076,1391.6992551614844,MIA
315976190.63619816,00000000-0000-0000-0000-000000082405,OTHERS,733.6943962610535,1387.3003940865076,MIA
315976190.63619816,00000000-0000-0000-0000-000000082517,OTHERS,753.1861912398358,1355.4768727115425,MIA
315976190.63619816,00000000-0000-0000-0000-000000082054,OTHERS,732.2914828828294,1352.6113661103595,MIA
315976190.7423304,00000000-0000-0000-0000-000000000000,AV,733.6535819570822,1321.6012721081765,MIA
315976190.7423304,00000000-0000-0000-0000-000000081753,OTHERS,726.8613285365312,1249.4304312272254,MIA
315976190.7423304,00000000-0000-0000-0000-000000081979,OTHERS,736.81152324584,1308.7205769935679,MIA
315976190.7423304,00000000-0000-0000-0000-000000082526,OTHERS,761.8950812563155,1387.7134956457644,MIA
315976190.7423304,00000000-0000-0000-0000-000000082523,OTHERS,754.1702776286065,1256.759166569888,MIA
315976190.7423304,00000000-0000-0000-0000-000000082480,OTHERS,744.6980884206862,1356.3180863555185,MIA
315976190.7423304,00000000-0000-0000-0000-000000082518,OTHERS,763.4079051686218,1244.1192855943873,MIA
315976190.7423304,00000000-0000-0000-0000-000000082131,AGENT,735.3023538559105,1361.746580656115,MIA
315976190.7423304,00000000-0000-0000-0000-000000081715,OTHERS,734.881678457176,1278.236322489649,MIA
315976190.7423304,00000000-0000-0000-0000-000000081991,OTHERS,736.4854729052188,1324.989365296237,MIA
315976190.7423304,00000000-0000-0000-0000-000000082042,OTHERS,738.8672980806277,1294.4656035825897,MIA
315976190.7423304,00000000-0000-0000-0000-000000082241,OTHERS,740.2268791073593,1326.7491024132567,MIA
315976190.7423304,00000000-0000-0000-0000-000000082450,OTHERS,746.5997279046018,1382.9102441621606,MIA
315976190.7423304,00000000-0000-0000-0000-000000082527,OTHERS,745.7262226939671,1277.5436472670724,MIA
315976190.7423304,00000000-0000-0000-0000-000000082506,OTHERS,750.0614757148581,1305.8844599802894,MIA
315976190.7423304,00000000-0000-0000-0000-000000082456,OTHERS,742.4544553717589,1392.7967581362616,MIA
315976190.7423304,00000000-0000-0000-0000-000000082405,OTHERS,733.677939121506,1386.292224615871,MIA
315976190.7423304,00000000-0000-0000-0000-000000082517,OTHERS,753.6316481915732,1355.3018475400133,MIA
315976190.7423304,00000000-0000-0000-0000-000000082054,OTHERS,732.3585695926193,1351.4646343452412,MIA
315976190.83459544,00000000-0000-0000-0000-000000000000,AV,733.6949818344601,1320.6014353316816,MIA
315976190.83459544,00000000-0000-0000-0000-000000081753,OTHERS,726.5612465301765,1247.9562367202068,MIA
315976190.83459544,00000000-0000-0000-0000-000000081979,OTHERS,736.7787432350824,1307.48425534664,MIA
315976190.83459544,00000000-0000-0000-0000-000000082526,OTHERS,761.549392644921,1387.6413513952298,MIA
315976190.83459544,00000000-0000-0000-0000-000000082523,OTHERS,754.1702776286065,1256.759166569888,MIA
315976190.83459544,00000000-0000-0000-0000-000000082480,OTHERS,744.7354378047571,1357.4306993296714,MIA
315976190.83459544,00000000-0000-0000-0000-000000081715,OTHERS,734.6913222330942,1276.7737931286638,MIA
315976190.83459544,00000000-0000-0000-0000-000000082518,OTHERS,764.0279359251538,1244.4908458871248,MIA
315976190.83459544,00000000-0000-0000-0000-000000082131,AGENT,735.3075776518251,1359.668191755818,MIA
315976190.83459544,00000000-0000-0000-0000-000000082450,OTHERS,746.621189510607,1383.0847207490924,MIA
315976190.83459544,00000000-0000-0000-0000-000000082527,OTHERS,745.7021095011888,1278.1796000252584,MIA
315976190.83459544,00000000-0000-0000-0000-000000082506,OTHERS,749.9409672179794,1307.2714985681512,MIA
315976190.83459544,00000000-0000-0000-0000-000000082456,OTHERS,742.4544553717589,1392.7967581362616,MIA
315976190.83459544,00000000-0000-0000-0000-000000082405,OTHERS,733.677939121506,1386.292224615871,MIA
315976190.83459544,00000000-0000-0000-0000-000000082517,OTHERS,753.6316481915732,1355.3018475400133,MIA
315976190.83459544,00000000-0000-0000-0000-000000082054,OTHERS,732.401180536563,1350.281650943287,MIA
315976190.83459544,00000000-0000-0000-0000-000000081991,OTHERS,736.5410346801982,1323.6949835230125,MIA
315976190.83459544,00000000-0000-0000-0000-000000082241,OTHERS,740.2268791073593,1326.7491024132567,MIA
315976190.83459544,00000000-0000-0000-0000-000000082042,OTHERS,738.8419330126476,1292.943626161281,MIA
315976190.93849486,00000000-0000-0000-0000-000000000000,AV,733.7434178396322,1319.3826627359958,MIA
315976190.93849486,00000000-0000-0000-0000-000000081753,OTHERS,726.3244636431752,1246.4824917328826,MIA
315976190.93849486,00000000-0000-0000-0000-000000081979,OTHERS,736.7722510026792,1306.258550633582,MIA
315976190.93849486,00000000-0000-0000-0000-000000082526,OTHERS,761.7343218642031,1387.7784265191144,MIA
315976190.93849486,00000000-0000-0000-0000-000000082523,OTHERS,754.259194674234,1256.6117083112,MIA
315976190.93849486,00000000-0000-0000-0000-000000082480,OTHERS,744.7113100824618,1358.4093576084026,MIA
315976190.93849486,00000000-0000-0000-0000-000000082450,OTHERS,746.6065119038733,1383.8039844244129,MIA
315976190.93849486,00000000-0000-0000-0000-000000082527,OTHERS,745.7846443665013,1280.1768386081258,MIA
315976190.93849486,00000000-0000-0000-0000-000000081715,OTHERS,734.4336495461563,1275.170722985556,MIA
315976190.93849486,00000000-0000-0000-0000-000000081991,OTHERS,736.5848828292688,1322.4683025392947,MIA
315976190.93849486,00000000-0000-0000-0000-000000082042,OTHERS,738.7407687275412,1291.4817615034724,MIA
315976190.93849486,00000000-0000-0000-0000-000000082241,OTHERS,740.2268791073593,1326.7491024132567,MIA
315976190.93849486,00000000-0000-0000-0000-000000082518,OTHERS,764.9389814106609,1245.0376673781054,MIA
315976190.93849486,00000000-0000-0000-0000-000000082131,AGENT,735.295910900564,1359.362826683001,MIA
315976190.93849486,00000000-0000-0000-0000-000000082054,OTHERS,732.4773078412297,1349.1127856559185,MIA
315976190.93849486,00000000-0000-0000-0000-000000082517,OTHERS,753.6035651358533,1355.5453381274815,MIA
315976190.93849486,00000000-0000-0000-0000-000000082506,OTHERS,749.9223926245489,1308.231747343907,MIA
315976190.93849486,00000000-0000-0000-0000-000000082456,OTHERS,742.4735043696553,1394.8552154899573,MIA
315976190.93849486,00000000-0000-0000-0000-000000082405,OTHERS,733.677939121506,1386.292224615871,MIA
315976191.0451485,00000000-0000-0000-0000-000000000000,AV,733.7900581069591,1318.1623108888996,MIA
315976191.0451485,00000000-0000-0000-0000-000000081753,OTHERS,726.0134383755052,1245.1417618577802,MIA
315976191.0451485,00000000-0000-0000-0000-000000081979,OTHERS,736.7951106732248,1304.9189701218868,MIA
315976191.0451485,00000000-0000-0000-0000-000000082526,OTHERS,760.934752951401,1387.6575644163236,MIA
315976191.0451485,00000000-0000-0000-0000-000000082523,OTHERS,754.259194674234,1256.6117083112,MIA
315976191.0451485,00000000-0000-0000-0000-000000082480,OTHERS,744.6719338760872,1359.2748918572815,MIA
315976191.0451485,00000000-0000-0000-0000-000000082527,OTHERS,745.8762751116813,1281.628880470849,MIA
315976191.0451485,00000000-0000-0000-0000-000000082450,OTHERS,746.505210616068,1384.8221886784086,MIA
315976191.0451485,00000000-0000-0000-0000-000000081715,OTHERS,734.1601785993277,1273.6765475105678,MIA
315976191.0451485,00000000-0000-0000-0000-000000081991,OTHERS,736.5352943337599,1321.1342731640088,MIA
315976191.0451485,00000000-0000-0000-0000-000000082042,OTHERS,738.6374848492833,1289.9935698853544,MIA
315976191.0451485,00000000-0000-0000-0000-000000082241,OTHERS,740.2268791073593,1326.7491024132567,MIA
315976191.0451485,00000000-0000-0000-0000-000000082518,OTHERS,765.1205608397423,1245.152600118018,MIA
315976191.0451485,00000000-0000-0000-0000-000000082131,AGENT,735.632888421945,1357.3068540797735,MIA
315976191.0451485,00000000-0000-0000-0000-000000082054,OTHERS,732.5110807953862,1347.9053896702885,MIA
315976191.0451485,00000000-0000-0000-0000-000000082517,OTHERS,753.5512903834979,1355.6609766842914,MIA
315976191.0451485,00000000-0000-0000-0000-000000082506,OTHERS,749.9792393109942,1309.566449070668,MIA
315976191.0451485,00000000-0000-0000-0000-000000082456,OTHERS,742.5953829098767,1395.8687228879608,MIA
315976191.0451485,00000000-0000-0000-0000-000000082405,OTHERS,733.9442586514682,1383.4158205204392,MIA
315976191.14225256,00000000-0000-0000-0000-000000000000,AV,733.8307808498512,1317.053974800932,MIA
315976191.14225256,00000000-0000-0000-0000-000000081753,OTHERS,725.7216093918257,1243.6149749019428,MIA
315976191.14225256,00000000-0000-0000-0000-000000081979,OTHERS,736.7037889477953,1303.716892572963,MIA
315976191.14225256,00000000-0000-0000-0000-000000082526,OTHERS,760.8953342993505,1387.6175667852774,MIA
315976191.14225256,00000000-0000-0000-0000-000000081991,OTHERS,736.5905045071786,1319.9212851248458,MIA
315976191.14225256,00000000-0000-0000-0000-000000082042,OTHERS,738.5131097903688,1288.5850268900094,MIA
315976191.14225256,00000000-0000-0000-0000-000000082527,OTHERS,745.9719530826245,1282.9703172451316,MIA
315976191.14225256,00000000-0000-0000-0000-000000082450,OTHERS,746.4476545030693,1385.5114878257605,MIA
315976191.14225256,00000000-0000-0000-0000-000000082523,OTHERS,754.259194674234,1256.6117083112,MIA
315976191.14225256,00000000-0000-0000-0000-000000082480,OTHERS,744.6177984378813,1359.960164906971,MIA
315976191.14225256,00000000-0000-0000-0000-000000081715,OTHERS,733.8517822969948,1272.1007250558127,MIA
315976191.14225256,00000000-0000-0000-0000-000000082518,OTHERS,766.4032564237383,1245.8997384502386,MIA
315976191.14225256,00000000-0000-0000-0000-000000082131,AGENT,735.4360227711471,1356.441092342191,MIA
315976191.14225256,00000000-0000-0000-0000-000000082054,OTHERS,732.5828745661719,1346.8840947046092,MIA
315976191.14225256,00000000-0000-0000-0000-000000082517,OTHERS,753.5461288109868,1355.8996177403035,MIA
315976191.14225256,00000000-0000-0000-0000-000000082506,OTHERS,749.8256729400695,1310.5300720271134,MIA
315976191.14225256,00000000-0000-0000-0000-000000082456,OTHERS,742.3775162590109,1396.9066451727454,MIA
315976191.14225256,00000000-0000-0000-0000-000000082405,OTHERS,733.9442586514682,1383.4158205204392,MIA
