TIMESTAMP,TRACK_ID,OBJECT_TYPE,X,Y,CITY_NAME
315975064.4576009,00000000-0000-0000-0000-000000000000,AV,1779.6567601992615,402.65920903217904,PIT
315975064.4576009,00000000-0000-0000-0000-000000086302,OTHERS,1794.8014196164413,414.5994711366805,PIT
315975064.4576009,00000000-0000-0000-0000-000000086468,OTHERS,1807.4875904222654,426.45216944303513,PIT
315975064.4576009,00000000-0000-0000-0000-000000086417,OTHERS,1780.4268680104199,395.42424175432,PIT
315975064.4576009,00000000-0000-0000-0000-000000086453,OTHERS,1752.9512843699968,445.62171692048287,PIT
315975064.4576009,00000000-0000-0000-0000-000000086442,OTHERS,1778.4909449363904,417.93278198938134,PIT
315975064.4576009,00000000-0000-0000-0000-000000086452,OTHERS,1746.2482819168151,449.28434379796823,PIT
315975064.4576009,00000000-0000-0000-0000-000000086441,OTHERS,1767.9090430406418,381.9916214469038,PIT
315975064.4576009,00000000-0000-0000-0000-000000086449,OTHERS,1764.999992585532,433.8130731748858,PIT
315975064.4576009,00000000-0000-0000-0000-000000086450,OTHERS,1769.3418417683065,428.8431030302125,PIT
315975064.4576009,00000000-0000-0000-0000-000000086447,OTHERS,1782.388144446075,390.94820335332236,PIT
315975064.4576009,00000000-0000-0000-0000-000000086469,AGENT,1728.8287989703515,351.9615826677358,PIT
315975064.4576009,00000000-0000-0000-0000-000000086446,OTHERS,1773.5570972696344,424.09752952890517,PIT
315975064.4576009,00000000-0000-0000-0000-000000086439,OTHERS,1804.5632698113745,412.06394939306,PIT
315975064.4576009,00000000-0000-0000-0000-000000086430,OTHERS,1824.9420209954042,428.6236835401382,PIT
315975064.55832434,00000000-0000-0000-0000-000000000000,AV,1778.8081126523114,401.9526054402544,PIT
315975064.55832434,00000000-0000-0000-0000-000000086302,OTHERS,1794.2378540975567,414.11001690758775,PIT
315975064.55832434,00000000-0000-0000-0000-000000086468,OTHERS,1807.4875904139947,426.45216943610984,PIT
315975064.55832434,00000000-0000-0000-0000-000000086417,OTHERS,1780.292164962077,395.56509690629616,PIT
315975064.55832434,00000000-0000-0000-0000-000000086452,OTHERS,1746.3578476703585,449.1030868265445,PIT
315975064.55832434,00000000-0000-0000-0000-000000086441,OTHERS,1768.9552134483813,382.81196347935924,PIT
315975064.55832434,00000000-0000-0000-0000-000000086472,OTHERS,1709.7665898126068,340.41733387241436,PIT
315975064.55832434,00000000-0000-0000-0000-000000086453,OTHERS,1752.7224252351855,445.4785747245302,PIT
315975064.55832434,00000000-0000-0000-0000-000000086442,OTHERS,1778.4999436423122,417.9228821370817,PIT
315975064.55832434,00000000-0000-0000-0000-000000086449,OTHERS,1765.0309991800275,433.8438087861769,PIT
315975064.55832434,00000000-0000-0000-0000-000000086450,OTHERS,1769.3122841949146,428.8449356274263,PIT
315975064.55832434,00000000-0000-0000-0000-000000086469,AGENT,1729.489235087065,352.5478165310148,PIT
315975064.55832434,00000000-0000-0000-0000-000000086446,OTHERS,1773.5853529794724,424.12268802627466,PIT
315975064.55832434,00000000-0000-0000-0000-000000086439,OTHERS,1805.668128982716,413.0292839396095,PIT
315975064.55832434,00000000-0000-0000-0000-000000086430,OTHERS,1824.9420209871328,428.6236835332109,PIT
315975064.6502452,00000000-0000-0000-0000-000000000000,AV,1777.99334197337,401.2720284471834,PIT
315975064.6502452,00000000-0000-0000-0000-000000086302,OTHERS,1794.2378540975567,414.11001690758775,PIT
315975064.6502452,00000000-0000-0000-0000-000000086468,OTHERS,1807.4875904139947,426.45216943610984,PIT
315975064.6502452,00000000-0000-0000-0000-000000086417,OTHERS,1780.292164962077,395.56509690629616,PIT
315975064.6502452,00000000-0000-0000-0000-000000086452,OTHERS,1746.3578476703585,449.1030868265445,PIT
315975064.6502452,00000000-0000-0000-0000-000000086441,OTHERS,1768.9552134483813,382.81196347935924,PIT
315975064.6502452,00000000-0000-0000-0000-000000086472,OTHERS,1709.7665898126068,340.41733387241436,PIT
315975064.6502452,00000000-0000-0000-0000-000000086453,OTHERS,1752.7224252351855,445.4785747245302,PIT
315975064.6502452,00000000-0000-0000-0000-000000086442,OTHERS,1778.4999436423122,417.9228821370817,PIT
315975064.6502452,00000000-0000-0000-0000-000000086449,OTHERS,1765.0309991800275,433.8438087861769,PIT
315975064.6502452,00000000-0000-0000-0000-000000086450,OTHERS,1769.3122841949146,428.8449356274263,PIT
315975064.6502452,00000000-0000-0000-0000-000000086469,AGENT,1729.489235087065,352.5478165310148,PIT
315975064.6502452,00000000-0000-0000-0000-000000086446,OTHERS,1773.5853529794724,424.12268802627466,PIT
315975064.6502452,00000000-0000-0000-0000-000000086439,OTHERS,1805.668128982716,413.0292839396095,PIT
315975064.6502452,00000000-0000-0000-0000-000000086430,OTHERS,1824.9420209871328,428.6236835332109,PIT
315975064.7617392,00000000-0000-0000-0000-000000000000,AV,1777.099073623746,400.52479661316255,PIT
315975064.7617392,00000000-0000-0000-0000-000000086302,OTHERS,1793.1520319058484,413.2309208661499,PIT
315975064.7617392,00000000-0000-0000-0000-000000086417,OTHERS,1780.2618596020209,395.5387027084245,PIT
315975064.7617392,00000000-0000-0000-0000-000000086439,OTHERS,1808.249247901483,415.13294865107963,PIT
315975064.7617392,00000000-0000-0000-0000-000000086446,OTHERS,1773.5701087336042,424.20712195226713,PIT
315975064.7617392,00000000-0000-0000-0000-000000086449,OTHERS,1765.1429918639858,433.81983278673516,PIT
315975064.7617392,00000000-0000-0000-0000-000000086441,OTHERS,1770.9798361052146,384.3205187292123,PIT
315975064.7617392,00000000-0000-0000-0000-000000086452,OTHERS,1746.237459681886,449.1848069217511,PIT
315975064.7617392,00000000-0000-0000-0000-000000086450,OTHERS,1769.2795066796045,428.8333026287997,PIT
315975064.7617392,00000000-0000-0000-0000-000000086469,AGENT,1730.8372800477655,353.56641175964086,PIT
315975064.7617392,00000000-0000-0000-0000-000000086442,OTHERS,1778.483774886236,417.89402025701713,PIT
315975064.7617392,00000000-0000-0000-0000-000000086453,OTHERS,1752.8112962622695,445.5595926517162,PIT
315975064.7617392,00000000-0000-0000-0000-000000086472,OTHERS,1708.7878576601584,339.37563999390665,PIT
315975064.8495962,00000000-0000-0000-0000-000000000000,AV,1776.3617844135085,399.9082404562118,PIT
315975064.8495962,00000000-0000-0000-0000-000000086302,OTHERS,1793.1520319058484,413.2309208661499,PIT
315975064.8495962,00000000-0000-0000-0000-000000086417,OTHERS,1780.2618596020209,395.5387027084245,PIT
315975064.8495962,00000000-0000-0000-0000-000000086439,OTHERS,1808.249247901483,415.13294865107963,PIT
315975064.8495962,00000000-0000-0000-0000-000000086446,OTHERS,1773.5701087336042,424.20712195226713,PIT
315975064.8495962,00000000-0000-0000-0000-000000086449,OTHERS,1765.1429918639858,433.81983278673516,PIT
315975064.8495962,00000000-0000-0000-0000-000000086441,OTHERS,1770.9798361052146,384.3205187292123,PIT
315975064.8495962,00000000-0000-0000-0000-000000086452,OTHERS,1746.237459681886,449.1848069217511,PIT
315975064.8495962,00000000-0000-0000-0000-000000086450,OTHERS,1769.2795066796045,428.8333026287997,PIT
315975064.8495962,00000000-0000-0000-0000-000000086469,AGENT,1730.8372800477655,353.56641175964086,PIT
315975064.8495962,00000000-0000-0000-0000-000000086442,OTHERS,1778.483774886236,417.89402025701713,PIT
315975064.8495962,00000000-0000-0000-0000-000000086453,OTHERS,1752.8112962622695,445.5595926517162,PIT
315975064.8495962,00000000-0000-0000-0000-000000086472,OTHERS,1708.7878576601584,339.37563999390665,PIT
315975064.9604592,00000000-0000-0000-0000-000000000000,AV,1775.383145640704,399.0914014552571,PIT
315975064.9604592,00000000-0000-0000-0000-000000086417,OTHERS,1780.1896530573074,395.46537475153985,PIT
315975064.9604592,00000000-0000-0000-0000-000000086450,OTHERS,1769.2962803240216,428.8008471184278,PIT
315975064.9604592,00000000-0000-0000-0000-000000086302,OTHERS,1792.0813698744,412.38653077564805,PIT
315975064.9604592,00000000-0000-0000-0000-000000086449,OTHERS,1765.1169536500668,433.9224220212426,PIT
315975064.9604592,00000000-0000-0000-0000-000000086472,OTHERS,1708.7878576601584,339.37563999390665,PIT
315975064.9604592,00000000-0000-0000-0000-000000086453,OTHERS,1752.8619074489375,445.41436679198006,PIT
315975064.9604592,00000000-0000-0000-0000-000000086442,OTHERS,1778.4831123229376,417.8534714032578,PIT
315975064.9604592,00000000-0000-0000-0000-000000086452,OTHERS,1746.2971552132205,448.97303113540704,PIT
315975064.9604592,00000000-0000-0000-0000-000000086441,OTHERS,1773.163173384694,386.16502282262803,PIT
315975064.9604592,00000000-0000-0000-0000-000000086469,AGENT,1732.5457157472174,355.7836465644505,PIT
315975064.9604592,00000000-0000-0000-0000-000000086446,OTHERS,1773.5422300145733,424.19119497346037,PIT
315975064.9604592,00000000-0000-0000-0000-000000086439,OTHERS,1810.2942768121047,416.8302194290342,PIT
315975065.0563879,00000000-0000-0000-0000-000000000000,AV,1774.6479201049592,398.47909067124283,PIT
315975065.0563879,00000000-0000-0000-0000-000000086302,OTHERS,1791.6418864266932,412.00139352548683,PIT
315975065.0563879,00000000-0000-0000-0000-000000086439,OTHERS,1811.4971873331485,417.8955867171486,PIT
315975065.0563879,00000000-0000-0000-0000-000000086446,OTHERS,1773.5801663743885,424.1466977159977,PIT
315975065.0563879,00000000-0000-0000-0000-000000086441,OTHERS,1774.0182071585004,386.79527171000353,PIT
315975065.0563879,00000000-0000-0000-0000-000000086452,OTHERS,1746.5093141348486,449.06417263150087,PIT
315975065.0563879,00000000-0000-0000-0000-000000086442,OTHERS,1778.4353148603311,418.1795945455431,PIT
315975065.0563879,00000000-0000-0000-0000-000000086453,OTHERS,1752.7494476719373,445.4150584170146,PIT
315975065.0563879,00000000-0000-0000-0000-000000086449,OTHERS,1765.1785683274152,433.86780255646016,PIT
315975065.0563879,00000000-0000-0000-0000-000000086417,OTHERS,1780.0591152561317,395.36763087375175,PIT
315975065.0563879,00000000-0000-0000-0000-000000086450,OTHERS,1769.2634863784165,428.80545286819086,PIT
315975065.0563879,00000000-0000-0000-0000-000000086469,AGENT,1732.545715738973,355.7836465573684,PIT
315975065.15655607,00000000-0000-0000-0000-000000000000,AV,1773.7483808121024,397.7288451521872,PIT
315975065.15655607,00000000-0000-0000-0000-000000086302,OTHERS,1790.7683845236982,411.3521066862906,PIT
315975065.15655607,00000000-0000-0000-0000-000000086439,OTHERS,1812.777459615609,418.98109616612464,PIT
315975065.15655607,00000000-0000-0000-0000-000000086446,OTHERS,1773.5340441529388,423.9776735873005,PIT
315975065.15655607,00000000-0000-0000-0000-000000086450,OTHERS,1769.1775873206373,428.83677633710647,PIT
315975065.15655607,00000000-0000-0000-0000-000000086441,OTHERS,1775.0269337280808,387.59557431569465,PIT
315975065.15655607,00000000-0000-0000-0000-000000086452,OTHERS,1746.509314126761,449.064172624677,PIT
315975065.15655607,00000000-0000-0000-0000-000000086449,OTHERS,1765.1525614655263,433.99559492693686,PIT
315975065.15655607,00000000-0000-0000-0000-000000086417,OTHERS,1780.0218919755278,395.3789598286258,PIT
315975065.15655607,00000000-0000-0000-0000-000000086442,OTHERS,1778.5066447305785,417.85868346014337,PIT
315975065.15655607,00000000-0000-0000-0000-000000086453,OTHERS,1752.7494476719373,445.4150584170146,PIT
315975065.15655607,00000000-0000-0000-0000-000000086469,AGENT,1736.2079040606875,357.90929535882935,PIT
315975065.2500145,00000000-0000-0000-0000-000000000000,AV,1773.011789470408,397.1153742524276,PIT
315975065.2500145,00000000-0000-0000-0000-000000086302,OTHERS,1790.7683845236982,411.3521066862906,PIT
315975065.2500145,00000000-0000-0000-0000-000000086439,OTHERS,1812.777459615609,418.98109616612464,PIT
315975065.2500145,00000000-0000-0000-0000-000000086446,OTHERS,1773.5340441529388,423.9776735873005,PIT
315975065.2500145,00000000-0000-0000-0000-000000086450,OTHERS,1769.1775873206373,428.83677633710647,PIT
315975065.2500145,00000000-0000-0000-0000-000000086441,OTHERS,1775.0269337280808,387.59557431569465,PIT
315975065.2500145,00000000-0000-0000-0000-000000086452,OTHERS,1746.509314126761,449.064172624677,PIT
315975065.2500145,00000000-0000-0000-0000-000000086449,OTHERS,1765.1525614655263,433.99559492693686,PIT
315975065.2500145,00000000-0000-0000-0000-000000086417,OTHERS,1780.0218919755278,395.3789598286258,PIT
315975065.2500145,00000000-0000-0000-0000-000000086442,OTHERS,1778.5066447305785,417.85868346014337,PIT
315975065.2500145,00000000-0000-0000-0000-000000086453,OTHERS,1752.7494476719373,445.4150584170146,PIT
315975065.2500145,00000000-0000-0000-0000-000000086469,AGENT,1736.2079040606875,357.90929535882935,PIT
315975065.36037385,00000000-0000-0000-0000-000000000000,AV,1772.0322899288335,396.29975039348426,PIT
315975065.36037385,00000000-0000-0000-0000-000000086302,OTHERS,1790.2344446661816,411.0936734190154,PIT
315975065.36037385,00000000-0000-0000-0000-000000086439,OTHERS,1815.3772027550228,420.92210085792976,PIT
315975065.36037385,00000000-0000-0000-0000-000000086446,OTHERS,1773.5201822385093,424.30113611862157,PIT
315975065.36037385,00000000-0000-0000-0000-000000086450,OTHERS,1770.5411860539762,428.0010470524397,PIT
315975065.36037385,00000000-0000-0000-0000-000000086449,OTHERS,1765.5146501158097,433.4997604925464,PIT
315975065.36037385,00000000-0000-0000-0000-000000086441,OTHERS,1776.8656299912286,389.1529360673245,PIT
315975065.36037385,00000000-0000-0000-0000-000000086452,OTHERS,1746.509314110586,449.06417261103053,PIT
315975065.36037385,00000000-0000-0000-0000-000000086417,OTHERS,1779.9861054662495,395.2827040206777,PIT
315975065.36037385,00000000-0000-0000-0000-000000086442,OTHERS,1778.41444469828,418.2608178955529,PIT
315975065.36037385,00000000-0000-0000-0000-000000086453,OTHERS,1752.7494476719373,445.4150584170146,PIT
315975065.36037385,00000000-0000-0000-0000-000000086469,AGENT,1737.6229911325165,359.90591675966675,PIT
315975065.45402884,00000000-0000-0000-0000-000000000000,AV,1771.297431380042,395.68938720125846,PIT
315975065.45402884,00000000-0000-0000-0000-000000086302,OTHERS,1789.7130249665674,410.6876876318862,PIT
315975065.45402884,00000000-0000-0000-0000-000000086417,OTHERS,1779.8920222359047,395.24089279166236,PIT
315975065.45402884,00000000-0000-0000-0000-000000086441,OTHERS,1777.9781485791489,389.94827496522004,PIT
315975065.45402884,00000000-0000-0000-0000-000000086442,OTHERS,1778.4381028141308,417.8776890986733,PIT
315975065.45402884,00000000-0000-0000-0000-000000086446,OTHERS,1774.542491834414,423.4608184485678,PIT
315975065.45402884,00000000-0000-0000-0000-000000086450,OTHERS,1770.5411860458264,428.0010470454615,PIT
315975065.45402884,00000000-0000-0000-0000-000000086481,OTHERS,1782.553527665101,391.0573697814084,PIT
315975065.45402884,00000000-0000-0000-0000-000000086449,OTHERS,1765.514650107648,433.49976048562485,PIT
315975065.45402884,00000000-0000-0000-0000-000000086439,OTHERS,1816.5837394540674,422.0239163448325,PIT
315975065.45402884,00000000-0000-0000-0000-000000086469,AGENT,1738.4101215215164,360.75893882906786,PIT
315975065.55259687,00000000-0000-0000-0000-000000000000,AV,1770.4839875053585,395.0139177618309,PIT
315975065.55259687,00000000-0000-0000-0000-000000086302,OTHERS,1789.2163723789445,410.4017146819139,PIT
315975065.55259687,00000000-0000-0000-0000-000000086417,OTHERS,1779.9387911227514,395.2641031626986,PIT
315975065.55259687,00000000-0000-0000-0000-000000086442,OTHERS,1778.5368227365784,418.05387112561004,PIT
315975065.55259687,00000000-0000-0000-0000-000000086446,OTHERS,1774.5424918261751,423.46081844155685,PIT
315975065.55259687,00000000-0000-0000-0000-000000086450,OTHERS,1770.5411860376776,428.00104703848257,PIT
315975065.55259687,00000000-0000-0000-0000-000000086439,OTHERS,1817.8618006133042,422.95430186609457,PIT
315975065.55259687,00000000-0000-0000-0000-000000086441,OTHERS,1778.971769494109,390.79176243511597,PIT
315975065.55259687,00000000-0000-0000-0000-000000086469,AGENT,1740.01509335047,361.4125775431615,PIT
315975065.55259687,00000000-0000-0000-0000-000000086481,OTHERS,1782.553527665101,391.0573697814084,PIT
315975065.55259687,00000000-0000-0000-0000-000000086449,OTHERS,1765.5146500994872,433.4997604787037,PIT
315975065.65112793,00000000-0000-0000-0000-000000000000,AV,1769.666480922807,394.3364030017004,PIT
315975065.65112793,00000000-0000-0000-0000-000000086302,OTHERS,1788.5340291173973,410.10815335037046,PIT
315975065.65112793,00000000-0000-0000-0000-000000086417,OTHERS,1780.1777296291034,395.3424762480848,PIT
315975065.65112793,00000000-0000-0000-0000-000000086442,OTHERS,1779.048174297571,417.4399541292802,PIT
315975065.65112793,00000000-0000-0000-0000-000000086446,OTHERS,1774.5424918179376,423.46081843454664,PIT
315975065.65112793,00000000-0000-0000-0000-000000086439,OTHERS,1818.8244811572029,423.6267589645195,PIT
315975065.65112793,00000000-0000-0000-0000-000000086450,OTHERS,1770.5411860295285,428.0010470315043,PIT
315975065.65112793,00000000-0000-0000-0000-000000086441,OTHERS,1779.7653448319209,391.4331782635515,PIT
315975065.65112793,00000000-0000-0000-0000-000000086469,AGENT,1740.680987453328,362.1587666122546,PIT
315975065.65112793,00000000-0000-0000-0000-000000086481,OTHERS,1782.553527665101,391.0573697814084,PIT
315975065.75102353,00000000-0000-0000-0000-000000000000,AV,1768.7681811452194,393.5904330254176,PIT
315975065.75102353,00000000-0000-0000-0000-000000086302,OTHERS,1788.1914085247327,409.94143279431165,PIT
315975065.75102353,00000000-0000-0000-0000-000000086417,OTHERS,1779.7330244768873,395.1691627955799,PIT
315975065.75102353,00000000-0000-0000-0000-000000086442,OTHERS,1779.5214328683774,416.92148216002363,PIT
315975065.75102353,00000000-0000-0000-0000-000000086441,OTHERS,1781.0046918093653,391.96586230638917,PIT
315975065.75102353,00000000-0000-0000-0000-000000086469,AGENT,1741.1690337936752,362.39097087425705,PIT
315975065.75102353,00000000-0000-0000-0000-000000086446,OTHERS,1774.5424918096985,423.46081842753586,PIT
315975065.75102353,00000000-0000-0000-0000-000000086439,OTHERS,1820.069896240568,425.5311434701927,PIT
315975065.75102353,00000000-0000-0000-0000-000000086481,OTHERS,1782.553527665101,391.0573697814084,PIT
315975065.85359865,00000000-0000-0000-0000-000000000000,AV,1767.9497941214652,392.9142872374015,PIT
315975065.85359865,00000000-0000-0000-0000-000000086302,OTHERS,1787.9264243940286,409.7881841180528,PIT
315975065.85359865,00000000-0000-0000-0000-000000086417,OTHERS,1779.7155914108475,395.1625010387432,PIT
315975065.85359865,00000000-0000-0000-0000-000000086439,OTHERS,1820.069896232204,425.53114346334036,PIT
315975065.85359865,00000000-0000-0000-0000-000000086442,OTHERS,1779.5214328600257,416.9214821531147,PIT
315975065.85359865,00000000-0000-0000-0000-000000086441,OTHERS,1781.5711433211075,392.8163989599588,PIT
315975065.85359865,00000000-0000-0000-0000-000000086469,AGENT,1742.5424587985165,363.5981454997759,PIT
315975065.9559003,00000000-0000-0000-0000-000000000000,AV,1767.0525362255632,392.17185771644165,PIT
315975065.9559003,00000000-0000-0000-0000-000000086302,OTHERS,1787.476789740091,409.62453607112485,PIT
315975065.9559003,00000000-0000-0000-0000-000000086417,OTHERS,1779.733614738472,395.1733383629113,PIT
315975065.9559003,00000000-0000-0000-0000-000000086439,OTHERS,1820.0698962238391,425.5311434564894,PIT
315975065.9559003,00000000-0000-0000-0000-000000086441,OTHERS,1782.5667184471447,393.50361212630264,PIT
315975065.9559003,00000000-0000-0000-0000-000000086486,OTHERS,1781.1581805969454,389.8609654507933,PIT
315975065.9559003,00000000-0000-0000-0000-000000086442,OTHERS,1779.521432851673,416.9214821462068,PIT
315975065.9559003,00000000-0000-0000-0000-000000086469,AGENT,1742.9977106794618,363.95288377506404,PIT
315975066.05443966,00000000-0000-0000-0000-000000000000,AV,1766.234758313045,391.4963027959732,PIT
315975066.05443966,00000000-0000-0000-0000-000000086302,OTHERS,1786.8127534517532,409.37606205703065,PIT
315975066.05443966,00000000-0000-0000-0000-000000086417,OTHERS,1779.725144587854,395.1268018714428,PIT
315975066.05443966,00000000-0000-0000-0000-000000086439,OTHERS,1823.8245085171066,428.2572594989206,PIT
315975066.05443966,00000000-0000-0000-0000-000000086441,OTHERS,1783.5490460766496,394.04506194627686,PIT
315975066.05443966,00000000-0000-0000-0000-000000086486,OTHERS,1780.7167112533523,389.4928655950734,PIT
315975066.05443966,00000000-0000-0000-0000-000000086442,OTHERS,1779.5214328433206,416.9214821392979,PIT
315975066.05443966,00000000-0000-0000-0000-000000086469,AGENT,1743.8863239733034,364.83613608919717,PIT
315975066.1522004,00000000-0000-0000-0000-000000000000,AV,1765.4136374164216,390.818267799879,PIT
315975066.1522004,00000000-0000-0000-0000-000000086302,OTHERS,1786.312390655417,409.3538322183664,PIT
315975066.1522004,00000000-0000-0000-0000-000000086417,OTHERS,1779.7396585253339,395.1544464446311,PIT
315975066.1522004,00000000-0000-0000-0000-000000086439,OTHERS,1825.149186644185,429.51822589178107,PIT
315975066.1522004,00000000-0000-0000-0000-000000086469,AGENT,1744.7361671307958,365.53706655857286,PIT
315975066.1522004,00000000-0000-0000-0000-000000086495,OTHERS,1796.0807341343248,414.9146639679794,PIT
315975066.1522004,00000000-0000-0000-0000-000000086441,OTHERS,1784.3193289181156,394.4630717264652,PIT
315975066.2539312,00000000-0000-0000-0000-000000000000,AV,1764.596390654325,390.1414465341674,PIT
315975066.2539312,00000000-0000-0000-0000-000000086302,OTHERS,1785.8216277994468,409.22481453826754,PIT
315975066.2539312,00000000-0000-0000-0000-000000086417,OTHERS,1779.677255005299,395.11511548907373,PIT
315975066.2539312,00000000-0000-0000-0000-000000086439,OTHERS,1825.1491866360648,429.518225884468,PIT
315975066.2539312,00000000-0000-0000-0000-000000086441,OTHERS,1784.3193289097787,394.4630717194055,PIT
315975066.2539312,00000000-0000-0000-0000-000000086495,OTHERS,1795.3245002591793,414.4690840829289,PIT
315975066.2539312,00000000-0000-0000-0000-000000086469,AGENT,1745.7213389049405,366.3081337300268,PIT
315975066.35592514,00000000-0000-0000-0000-000000000000,AV,1763.7006028931905,389.39789157396865,PIT
315975066.35592514,00000000-0000-0000-0000-000000086302,OTHERS,1785.2978720710953,409.17434438295294,PIT
315975066.35592514,00000000-0000-0000-0000-000000086417,OTHERS,1779.676025568188,395.1708329729328,PIT
315975066.35592514,00000000-0000-0000-0000-000000086439,OTHERS,1827.7506782878656,431.55102885957115,PIT
315975066.35592514,00000000-0000-0000-0000-000000086497,OTHERS,1706.5069410414742,332.68478525055326,PIT
315975066.35592514,00000000-0000-0000-0000-000000086495,OTHERS,1795.1906416002923,414.6456550481423,PIT
315975066.35592514,00000000-0000-0000-0000-000000086498,OTHERS,1690.9234411597765,325.08711471258187,PIT
315975066.35592514,00000000-0000-0000-0000-000000086469,AGENT,1746.6378618783694,366.9858702443732,PIT
315975066.35592514,00000000-0000-0000-0000-000000086441,OTHERS,1784.3193289014441,394.46307171234514,PIT
315975066.4552158,00000000-0000-0000-0000-000000000000,AV,1762.8859550335696,388.72372324515436,PIT
315975066.4552158,00000000-0000-0000-0000-000000086417,OTHERS,1779.6656246447799,395.1487035403589,PIT
315975066.4552158,00000000-0000-0000-0000-000000086439,OTHERS,1827.750678279536,431.5510288525537,PIT
315975066.4552158,00000000-0000-0000-0000-000000086497,OTHERS,1707.7312118957218,333.6338561096464,PIT
315975066.4552158,00000000-0000-0000-0000-000000086302,OTHERS,1784.650468792304,409.0456652482212,PIT
315975066.4552158,00000000-0000-0000-0000-000000086441,OTHERS,1788.850615998293,400.06453909668886,PIT
315975066.4552158,00000000-0000-0000-0000-000000086495,OTHERS,1794.193344568584,413.7634687336116,PIT
315975066.4552158,00000000-0000-0000-0000-000000086498,OTHERS,1690.9234411597765,325.08711471258187,PIT
315975066.4552158,00000000-0000-0000-0000-000000086469,AGENT,1747.0337182410094,367.6069481537512,PIT
315975066.5595868,00000000-0000-0000-0000-000000000000,AV,1762.0688778273725,388.04683665200037,PIT
315975066.5595868,00000000-0000-0000-0000-000000086417,OTHERS,1779.6063097749427,395.14574490443715,PIT
315975066.5595868,00000000-0000-0000-0000-000000086439,OTHERS,1830.5042916650518,433.5406290628542,PIT
315975066.5595868,00000000-0000-0000-0000-000000086497,OTHERS,1709.0460887392646,334.4719396723046,PIT
315975066.5595868,00000000-0000-0000-0000-000000086302,OTHERS,1784.3793571483166,409.195941416656,PIT
315975066.5595868,00000000-0000-0000-0000-000000086441,OTHERS,1789.5224961542053,400.60379425719594,PIT
315975066.5595868,00000000-0000-0000-0000-000000086495,OTHERS,1794.1573146154944,414.0661971212567,PIT
315975066.5595868,00000000-0000-0000-0000-000000086498,OTHERS,1689.0145306282056,323.4105330930869,PIT
315975066.5595868,00000000-0000-0000-0000-000000086469,AGENT,1748.0337302289654,368.37266050562505,PIT
315975066.6493267,00000000-0000-0000-0000-000000000000,AV,1761.2504723153122,387.3684366259443,PIT
315975066.6493267,00000000-0000-0000-0000-000000086302,OTHERS,1783.7420959266187,409.11636520168855,PIT
315975066.6493267,00000000-0000-0000-0000-000000086417,OTHERS,1779.5666937724766,395.1249025939885,PIT
315975066.6493267,00000000-0000-0000-0000-000000086497,OTHERS,1709.9836969318287,335.99189665716096,PIT
315975066.6493267,00000000-0000-0000-0000-000000086495,OTHERS,1793.2569400814352,413.4214636947664,PIT
315975066.6493267,00000000-0000-0000-0000-000000086498,OTHERS,1689.0145306282056,323.4105330930869,PIT
315975066.6493267,00000000-0000-0000-0000-000000086469,AGENT,1748.845597687484,369.0595682092292,PIT
315975066.6493267,00000000-0000-0000-0000-000000086441,OTHERS,1789.5224961459173,400.6037942500059,PIT
315975066.6493267,00000000-0000-0000-0000-000000086439,OTHERS,1830.5042916570314,433.5406290553315,PIT
315975066.75266707,00000000-0000-0000-0000-000000000000,AV,1760.430026094642,386.69025727098716,PIT
315975066.75266707,00000000-0000-0000-0000-000000086302,OTHERS,1783.3724282595695,409.3228091946138,PIT
315975066.75266707,00000000-0000-0000-0000-000000086417,OTHERS,1779.5893910819323,395.1274545439495,PIT
315975066.75266707,00000000-0000-0000-0000-000000086497,OTHERS,1711.2707418825394,336.8650206122439,PIT
315975066.75266707,00000000-0000-0000-0000-000000086495,OTHERS,1793.1563452929913,413.3136447087156,PIT
315975066.75266707,00000000-0000-0000-0000-000000086498,OTHERS,1689.0145306282056,323.4105330930869,PIT
315975066.75266707,00000000-0000-0000-0000-000000086469,AGENT,1749.8323035655872,369.87823443058716,PIT
315975066.75266707,00000000-0000-0000-0000-000000086441,OTHERS,1792.6095869027695,403.2463111352237,PIT
315975066.75266707,00000000-0000-0000-0000-000000086439,OTHERS,1830.5042916490088,433.54062904780966,PIT
315975066.85283494,00000000-0000-0000-0000-000000000000,AV,1759.5307304326984,385.94639560256377,PIT
315975066.85283494,00000000-0000-0000-0000-000000086302,OTHERS,1782.5690089838672,409.16946809186,PIT
315975066.85283494,00000000-0000-0000-0000-000000086417,OTHERS,1779.6321060702076,395.1241007963257,PIT
315975066.85283494,00000000-0000-0000-0000-000000086439,OTHERS,1830.504291640985,433.5406290402868,PIT
315975066.85283494,00000000-0000-0000-0000-000000086441,OTHERS,1791.5362519722696,401.95758843281664,PIT
315975066.85283494,00000000-0000-0000-0000-000000086497,OTHERS,1712.6512618479114,338.03448094809534,PIT
315975066.85283494,00000000-0000-0000-0000-000000086469,AGENT,1750.5741414572867,370.5054779136772,PIT
315975066.85283494,00000000-0000-0000-0000-000000086498,OTHERS,1689.0145306282056,323.4105330930869,PIT
315975066.85283494,00000000-0000-0000-0000-000000086495,OTHERS,1792.4668422625484,412.6837623029589,PIT
315975066.95912683,00000000-0000-0000-0000-000000000000,AV,1758.712903891152,385.2703848648208,PIT
315975066.95912683,00000000-0000-0000-0000-000000086302,OTHERS,1782.0706119242952,409.25034946549437,PIT
315975066.95912683,00000000-0000-0000-0000-000000086417,OTHERS,1779.6241882812933,395.1436467989523,PIT
315975066.95912683,00000000-0000-0000-0000-000000086441,OTHERS,1792.5503727080466,402.99239909177857,PIT
315975066.95912683,00000000-0000-0000-0000-000000086469,AGENT,1751.5402848436277,371.2832255311921,PIT
315975066.95912683,00000000-0000-0000-0000-000000086497,OTHERS,1714.0230577628604,338.996347981481,PIT
315975066.95912683,00000000-0000-0000-0000-000000086495,OTHERS,1792.0786073359986,412.2996316876708,PIT
315975067.0544276,00000000-0000-0000-0000-000000000000,AV,1757.8949850785125,384.59389128360567,PIT
315975067.0544276,00000000-0000-0000-0000-000000086302,OTHERS,1781.5243284964483,409.36582469792455,PIT
315975067.0544276,00000000-0000-0000-0000-000000086417,OTHERS,1779.46525712445,395.0703707159958,PIT
315975067.0544276,00000000-0000-0000-0000-000000086441,OTHERS,1793.5872814089475,403.7156781740606,PIT
315975067.0544276,00000000-0000-0000-0000-000000086469,AGENT,1752.2433828408198,371.80329264884017,PIT
315975067.0544276,00000000-0000-0000-0000-000000086495,OTHERS,1791.5326223647296,411.8603551316562,PIT
315975067.0544276,00000000-0000-0000-0000-000000086497,OTHERS,1715.2868810227371,340.07419018690393,PIT
315975067.15673923,00000000-0000-0000-0000-000000000000,AV,1756.9937277724011,383.8452226769253,PIT
315975067.15673923,00000000-0000-0000-0000-000000086302,OTHERS,1781.77712443757,409.54711893926424,PIT
315975067.15673923,00000000-0000-0000-0000-000000086417,OTHERS,1779.5027074098127,395.0857810249234,PIT
315975067.15673923,00000000-0000-0000-0000-000000086441,OTHERS,1794.8077358298003,404.6378651820369,PIT
315975067.15673923,00000000-0000-0000-0000-000000086469,AGENT,1753.1079204496227,372.5545244532008,PIT
315975067.15673923,00000000-0000-0000-0000-000000086495,OTHERS,1790.6256386836878,411.0573993443322,PIT
315975067.15673923,00000000-0000-0000-0000-000000086497,OTHERS,1716.295316048219,341.19958477394835,PIT
315975067.15673923,00000000-0000-0000-0000-000000086504,OTHERS,1738.5106993188965,354.27804968421134,PIT
315975067.25695515,00000000-0000-0000-0000-000000000000,AV,1756.175711161784,383.16658216535006,PIT
315975067.25695515,00000000-0000-0000-0000-000000086302,OTHERS,1781.1313683607016,409.36595772773694,PIT
315975067.25695515,00000000-0000-0000-0000-000000086417,OTHERS,1779.6036528514237,395.0447403943103,PIT
315975067.25695515,00000000-0000-0000-0000-000000086441,OTHERS,1795.931595459203,405.47333146661276,PIT
315975067.25695515,00000000-0000-0000-0000-000000086469,AGENT,1754.1030296143356,373.3337809559728,PIT
315975067.25695515,00000000-0000-0000-0000-000000086495,OTHERS,1790.0611034374274,410.4924916310007,PIT
315975067.25695515,00000000-0000-0000-0000-000000086497,OTHERS,1716.8544348501255,341.70366924805506,PIT
315975067.25695515,00000000-0000-0000-0000-000000086504,OTHERS,1738.9486425154578,354.63041592647147,PIT
315975067.35641086,00000000-0000-0000-0000-000000000000,AV,1755.3571846542184,382.48488777721917,PIT
315975067.35641086,00000000-0000-0000-0000-000000086302,OTHERS,1780.9352523495597,409.5377512402317,PIT
315975067.35641086,00000000-0000-0000-0000-000000086441,OTHERS,1797.0338006648794,406.44539070074967,PIT
315975067.35641086,00000000-0000-0000-0000-000000086469,AGENT,1754.736658940669,373.8376867573093,PIT
315975067.35641086,00000000-0000-0000-0000-000000086495,OTHERS,1789.4547153653045,409.9808331966141,PIT
315975067.35641086,00000000-0000-0000-0000-000000086503,OTHERS,1734.6936520950924,351.01364546081567,PIT
315975067.35641086,00000000-0000-0000-0000-000000086504,OTHERS,1740.4430434776712,355.8319508191397,PIT
315975067.35641086,00000000-0000-0000-0000-000000086417,OTHERS,1779.4656477324108,394.95830936208,PIT
315975067.35641086,00000000-0000-0000-0000-000000086497,OTHERS,1718.9774941334558,343.214702575088,PIT
315975067.4615526,00000000-0000-0000-0000-000000000000,AV,1754.458530416711,381.735647467558,PIT
315975067.4615526,00000000-0000-0000-0000-000000086302,OTHERS,1781.1032200036102,409.45229550085685,PIT
315975067.4615526,00000000-0000-0000-0000-000000086441,OTHERS,1798.0204007549007,407.15187153386194,PIT
315975067.4615526,00000000-0000-0000-0000-000000086469,AGENT,1755.567583945349,374.46413043690717,PIT
315975067.4615526,00000000-0000-0000-0000-000000086495,OTHERS,1789.0914778311308,409.6753300308957,PIT
315975067.4615526,00000000-0000-0000-0000-000000086503,OTHERS,1734.4432461539056,350.76718521079766,PIT
315975067.4615526,00000000-0000-0000-0000-000000086504,OTHERS,1740.3871643905627,355.69743264301314,PIT
315975067.4615526,00000000-0000-0000-0000-000000086417,OTHERS,1779.3550837994308,394.9387516828923,PIT
315975067.4615526,00000000-0000-0000-0000-000000086507,OTHERS,1742.025354386888,357.1070668860805,PIT
315975067.4615526,00000000-0000-0000-0000-000000086497,OTHERS,1719.9866218174072,344.3239208670941,PIT
315975067.55842984,00000000-0000-0000-0000-000000000000,AV,1753.641408848013,381.0538033841575,PIT
315975067.55842984,00000000-0000-0000-0000-000000086302,OTHERS,1780.6737436458832,409.62131315456037,PIT
315975067.55842984,00000000-0000-0000-0000-000000086441,OTHERS,1799.2738660358798,408.1239916645724,PIT
315975067.55842984,00000000-0000-0000-0000-000000086469,AGENT,1756.4420112125617,375.10263222333464,PIT
315975067.55842984,00000000-0000-0000-0000-000000086495,OTHERS,1788.5981044757802,409.27628551870316,PIT
315975067.55842984,00000000-0000-0000-0000-000000086497,OTHERS,1720.5414518797818,344.86068089153434,PIT
315975067.55842984,00000000-0000-0000-0000-000000086507,OTHERS,1740.1162942514425,355.49188071331633,PIT
315975067.55842984,00000000-0000-0000-0000-000000086504,OTHERS,1741.49234266634,356.60081911544404,PIT
315975067.55842984,00000000-0000-0000-0000-000000086417,OTHERS,1779.4720714392333,395.016458383069,PIT
315975067.55842984,00000000-0000-0000-0000-000000086510,OTHERS,1780.5356553360075,389.3430612366488,PIT
315975067.6623857,00000000-0000-0000-0000-000000000000,AV,1752.7450121601585,380.30447403632,PIT
315975067.6623857,00000000-0000-0000-0000-000000086302,OTHERS,1780.673743637359,409.62131314769465,PIT
315975067.6623857,00000000-0000-0000-0000-000000086504,OTHERS,1742.3079507904865,357.3155437616201,PIT
315975067.6623857,00000000-0000-0000-0000-000000086417,OTHERS,1779.4788241229805,395.0418789875543,PIT
315975067.6623857,00000000-0000-0000-0000-000000086510,OTHERS,1780.5356553360075,389.3430612366488,PIT
315975067.6623857,00000000-0000-0000-0000-000000086497,OTHERS,1721.9200851843493,345.957626246115,PIT
315975067.6623857,00000000-0000-0000-0000-000000086495,OTHERS,1787.6288407058246,408.56396228858523,PIT
315975067.6623857,00000000-0000-0000-0000-000000086469,AGENT,1757.089217438891,375.753776656596,PIT
315975067.6623857,00000000-0000-0000-0000-000000086507,OTHERS,1740.1162942514425,355.49188071331633,PIT
315975067.6623857,00000000-0000-0000-0000-000000086441,OTHERS,1799.2738660273644,408.1239916578149,PIT
315975067.76063293,00000000-0000-0000-0000-000000000000,AV,1751.926232252442,379.61910902154375,PIT
315975067.76063293,00000000-0000-0000-0000-000000086302,OTHERS,1780.6737436288354,409.62131314082916,PIT
315975067.76063293,00000000-0000-0000-0000-000000086469,AGENT,1758.3103823649014,376.483153979982,PIT
315975067.76063293,00000000-0000-0000-0000-000000086417,OTHERS,1778.9131106256275,394.36988431133346,PIT
315975067.76063293,00000000-0000-0000-0000-000000086503,OTHERS,1735.8213020731653,351.8986940921137,PIT
315975067.76063293,00000000-0000-0000-0000-000000086497,OTHERS,1723.346172950232,346.95582162625055,PIT
315975067.76063293,00000000-0000-0000-0000-000000086441,OTHERS,1801.6728678517984,410.2731952061196,PIT
315975067.76063293,00000000-0000-0000-0000-000000086507,OTHERS,1740.1162942514425,355.49188071331633,PIT
315975067.76063293,00000000-0000-0000-0000-000000086504,OTHERS,1741.5571029230402,356.6525627185371,PIT
315975067.76063293,00000000-0000-0000-0000-000000086510,OTHERS,1780.5356553360075,389.3430612366488,PIT
315975067.76063293,00000000-0000-0000-0000-000000086516,OTHERS,1686.2647198216669,312.8959743072951,PIT
315975067.76063293,00000000-0000-0000-0000-000000086495,OTHERS,1787.1817484501887,408.165938834196,PIT
315975067.86066604,00000000-0000-0000-0000-000000000000,AV,1751.1084469511438,378.9382238060602,PIT
315975067.86066604,00000000-0000-0000-0000-000000086302,OTHERS,1780.6737436203105,409.6213131339636,PIT
315975067.86066604,00000000-0000-0000-0000-000000086441,OTHERS,1802.641290873419,410.97847154525016,PIT
315975067.86066604,00000000-0000-0000-0000-000000086469,AGENT,1758.966570604383,377.03225322766747,PIT
315975067.86066604,00000000-0000-0000-0000-000000086495,OTHERS,1786.4065453062271,407.55241182897004,PIT
315975067.86066604,00000000-0000-0000-0000-000000086503,OTHERS,1735.3240358604382,351.4449829858703,PIT
315975067.86066604,00000000-0000-0000-0000-000000086417,OTHERS,1778.8150874252433,394.29283920299827,PIT
315975067.86066604,00000000-0000-0000-0000-000000086510,OTHERS,1780.5356553360075,389.3430612366488,PIT
315975067.86066604,00000000-0000-0000-0000-000000086497,OTHERS,1724.5468099221075,348.1249041321235,PIT
315975067.86066604,00000000-0000-0000-0000-000000086516,OTHERS,1687.4534072397678,313.9210976830928,PIT
315975067.95832336,00000000-0000-0000-0000-000000000000,AV,1750.2916251978534,378.25699320165705,PIT
315975067.95832336,00000000-0000-0000-0000-000000086417,OTHERS,1778.9763952427484,394.33792821170005,PIT
315975067.95832336,00000000-0000-0000-0000-000000086441,OTHERS,1803.7663814743398,412.1361923261647,PIT
315975067.95832336,00000000-0000-0000-0000-000000086469,AGENT,1759.9570776194305,377.7559754927724,PIT
315975067.95832336,00000000-0000-0000-0000-000000086495,OTHERS,1786.1227502485322,407.3633374127632,PIT
315975067.95832336,00000000-0000-0000-0000-000000086497,OTHERS,1725.2853721966046,348.5871700411406,PIT
315975067.95832336,00000000-0000-0000-0000-000000086503,OTHERS,1736.9478139500727,352.8187014553463,PIT
315975067.95832336,00000000-0000-0000-0000-000000086520,OTHERS,1744.8499221212585,359.54211484993607,PIT
315975067.95832336,00000000-0000-0000-0000-000000086516,OTHERS,1688.5760360965705,314.91810890730653,PIT
315975068.05302685,00000000-0000-0000-0000-000000000000,AV,1749.4723339273105,377.57318425647486,PIT
315975068.05302685,00000000-0000-0000-0000-000000086417,OTHERS,1778.9447072783307,394.1631593818682,PIT
315975068.05302685,00000000-0000-0000-0000-000000086441,OTHERS,1804.738500186955,413.5009513060785,PIT
315975068.05302685,00000000-0000-0000-0000-000000086469,AGENT,1760.5343852370224,378.2522667790043,PIT
315975068.05302685,00000000-0000-0000-0000-000000086495,OTHERS,1785.0932616151376,406.48626269583593,PIT
315975068.05302685,00000000-0000-0000-0000-000000086503,OTHERS,1738.1564440663558,353.8219402495318,PIT
315975068.05302685,00000000-0000-0000-0000-000000086497,OTHERS,1726.7674520038931,349.77912819896835,PIT
315975068.05302685,00000000-0000-0000-0000-000000086520,OTHERS,1744.3298830464425,359.04985041477096,PIT
315975068.05302685,00000000-0000-0000-0000-000000086516,OTHERS,1689.2659617309805,315.7960404504876,PIT
315975068.15126634,00000000-0000-0000-0000-000000000000,AV,1748.6561099106248,376.89203174479576,PIT
315975068.15126634,00000000-0000-0000-0000-000000086417,OTHERS,1778.8659993884482,394.38707189293945,PIT
315975068.15126634,00000000-0000-0000-0000-000000086441,OTHERS,1806.04959159802,414.0447958691693,PIT
315975068.15126634,00000000-0000-0000-0000-000000086469,AGENT,1761.655107044902,378.9300954653287,PIT
315975068.15126634,00000000-0000-0000-0000-000000086495,OTHERS,1784.3817738102014,405.8050355190602,PIT
315975068.15126634,00000000-0000-0000-0000-000000086497,OTHERS,1727.7109187256112,350.51411090653085,PIT
315975068.15126634,00000000-0000-0000-0000-000000086520,OTHERS,1742.5193594616171,357.5211711576296,PIT
315975068.15126634,00000000-0000-0000-0000-000000086503,OTHERS,1736.0518152431948,352.0141773692163,PIT
315975068.15126634,00000000-0000-0000-0000-000000086516,OTHERS,1690.3066231449084,316.83982452866974,PIT
315975068.25210184,00000000-0000-0000-0000-000000000000,AV,1747.8349187592419,376.20787596157714,PIT
315975068.25210184,00000000-0000-0000-0000-000000086417,OTHERS,1778.8559917879422,394.3378768871775,PIT
315975068.25210184,00000000-0000-0000-0000-000000086441,OTHERS,1806.049591589673,414.04479586212267,PIT
315975068.25210184,00000000-0000-0000-0000-000000086469,AGENT,1762.5314893937673,379.576245394575,PIT
315975068.25210184,00000000-0000-0000-0000-000000086495,OTHERS,1783.7053980660846,405.3297719321186,PIT
315975068.25210184,00000000-0000-0000-0000-000000086497,OTHERS,1728.9969481569108,351.4796651724838,PIT
315975068.25210184,00000000-0000-0000-0000-000000086516,OTHERS,1691.3171896231188,317.7382745686989,PIT
315975068.25210184,00000000-0000-0000-0000-000000086503,OTHERS,1737.7156426985196,353.440741707826,PIT
315975068.25210184,00000000-0000-0000-0000-000000086520,OTHERS,1744.4010046702247,359.0653433044134,PIT
315975068.35180104,00000000-0000-0000-0000-000000000000,AV,1747.0148964148725,375.52432579903086,PIT
315975068.35180104,00000000-0000-0000-0000-000000086417,OTHERS,1778.8459697675455,394.2117471891674,PIT
315975068.35180104,00000000-0000-0000-0000-000000086441,OTHERS,1806.049591581328,414.0447958550761,PIT
315975068.35180104,00000000-0000-0000-0000-000000086469,AGENT,1763.3109917028721,380.1354901755938,PIT
315975068.35180104,00000000-0000-0000-0000-000000086495,OTHERS,1782.9075478170896,404.6089962755925,PIT
315975068.35180104,00000000-0000-0000-0000-000000086497,OTHERS,1730.2482370574078,352.44211485621804,PIT
315975068.35180104,00000000-0000-0000-0000-000000086525,OTHERS,1674.733104934242,310.85193239074766,PIT
315975068.35180104,00000000-0000-0000-0000-000000086516,OTHERS,1692.247554785048,318.5484914380292,PIT
315975068.35180104,00000000-0000-0000-0000-000000086520,OTHERS,1744.4010046702247,359.0653433044134,PIT
315975068.452237,00000000-0000-0000-0000-000000000000,AV,1746.1159081494839,374.7758153966124,PIT
315975068.452237,00000000-0000-0000-0000-000000086417,OTHERS,1778.9746473812693,394.3313588352203,PIT
315975068.452237,00000000-0000-0000-0000-000000086441,OTHERS,1806.0495915729807,414.04479584802925,PIT
315975068.452237,00000000-0000-0000-0000-000000086469,AGENT,1764.1003336191975,380.7199973042319,PIT
315975068.452237,00000000-0000-0000-0000-000000086495,OTHERS,1782.1336425786803,403.9829049890763,PIT
315975068.452237,00000000-0000-0000-0000-000000086525,OTHERS,1674.3023770858588,309.87328669186695,PIT
315975068.452237,00000000-0000-0000-0000-000000086516,OTHERS,1693.3431017988742,319.71464940028636,PIT
315975068.452237,00000000-0000-0000-0000-000000086520,OTHERS,1744.4010046702247,359.0653433044134,PIT
315975068.452237,00000000-0000-0000-0000-000000086497,OTHERS,1731.313167989882,353.29538745310987,PIT
315975068.5516035,00000000-0000-0000-0000-000000000000,AV,1745.2939934026404,374.09306406371917,PIT
315975068.5516035,00000000-0000-0000-0000-000000086417,OTHERS,1778.8752986667637,394.330862107826,PIT
315975068.5516035,00000000-0000-0000-0000-000000086469,AGENT,1764.926924398941,381.26732869245234,PIT
315975068.5516035,00000000-0000-0000-0000-000000086520,OTHERS,1744.4010046702247,359.0653433044134,PIT
315975068.5516035,00000000-0000-0000-0000-000000086525,OTHERS,1673.5130332661988,309.86509347416023,PIT
315975068.5516035,00000000-0000-0000-0000-000000086516,OTHERS,1694.6309382086233,320.8163996762163,PIT
315975068.5516035,00000000-0000-0000-0000-000000086497,OTHERS,1732.627286676954,354.2577866971812,PIT
315975068.5516035,00000000-0000-0000-0000-000000086495,OTHERS,1781.457357182648,403.4461851754981,PIT
315975068.65392214,00000000-0000-0000-0000-000000000000,AV,1744.4745123885125,373.41205903704247,PIT
315975068.65392214,00000000-0000-0000-0000-000000086417,OTHERS,1778.7998682090015,394.15849962484003,PIT
315975068.65392214,00000000-0000-0000-0000-000000086469,AGENT,1766.023138995113,382.07242674783447,PIT
315975068.65392214,00000000-0000-0000-0000-000000086525,OTHERS,1673.5130332661988,309.86509347416023,PIT
315975068.65392214,00000000-0000-0000-0000-000000086516,OTHERS,1695.5196261930594,322.06744644868616,PIT
315975068.65392214,00000000-0000-0000-0000-000000086497,OTHERS,1733.735023743415,355.1422086716292,PIT
315975068.65392214,00000000-0000-0000-0000-000000086503,OTHERS,1735.9210379999615,351.88803414558316,PIT
315975068.65392214,00000000-0000-0000-0000-000000086495,OTHERS,1780.453775923841,402.5078444790437,PIT
315975068.7562832,00000000-0000-0000-0000-000000000000,AV,1743.5730846078643,372.6614772874881,PIT
315975068.7562832,00000000-0000-0000-0000-000000086417,OTHERS,1778.711127113366,394.1319012589993,PIT
315975068.7562832,00000000-0000-0000-0000-000000086469,AGENT,1766.3212643647394,382.1059867859705,PIT
315975068.7562832,00000000-0000-0000-0000-000000086495,OTHERS,1779.7218754537873,402.0041972733455,PIT
315975068.7562832,00000000-0000-0000-0000-000000086497,OTHERS,1735.0486674983872,356.11084690204115,PIT
315975068.7562832,00000000-0000-0000-0000-000000086525,OTHERS,1673.5130332661988,309.86509347416023,PIT
315975068.7562832,00000000-0000-0000-0000-000000086516,OTHERS,1695.5196261930594,322.06744644868616,PIT
315975068.7562832,00000000-0000-0000-0000-000000086503,OTHERS,1737.3686450345062,353.1210126888803,PIT
315975068.86043525,00000000-0000-0000-0000-000000000000,AV,1742.7545170097906,371.9804149109317,PIT
315975068.86043525,00000000-0000-0000-0000-000000086417,OTHERS,1778.7332421141614,394.18093111899117,PIT
315975068.86043525,00000000-0000-0000-0000-000000086469,AGENT,1767.2288554273455,382.73593303909513,PIT
315975068.86043525,00000000-0000-0000-0000-000000086495,OTHERS,1779.0350478723276,401.3965873610604,PIT
315975068.86043525,00000000-0000-0000-0000-000000086497,OTHERS,1736.2389849249078,357.03998252193634,PIT
315975068.86043525,00000000-0000-0000-0000-000000086525,OTHERS,1671.8297106727716,308.0512005016208,PIT
315975068.86043525,00000000-0000-0000-0000-000000086516,OTHERS,1695.5196261930594,322.06744644868616,PIT
315975068.86043525,00000000-0000-0000-0000-000000086503,OTHERS,1738.2549547384538,353.86177798064193,PIT
315975068.9622305,00000000-0000-0000-0000-000000000000,AV,1741.8523372378781,371.2286323896474,PIT
315975068.9622305,00000000-0000-0000-0000-000000086417,OTHERS,1778.6781659144378,394.1359838941165,PIT
315975068.9622305,00000000-0000-0000-0000-000000086469,AGENT,1768.0104726140314,383.19213538223147,PIT
315975068.9622305,00000000-0000-0000-0000-000000086495,OTHERS,1778.2980515663367,400.9147636966545,PIT
315975068.9622305,00000000-0000-0000-0000-000000086497,OTHERS,1737.4656305369265,357.94337922832864,PIT
315975068.9622305,00000000-0000-0000-0000-000000086525,OTHERS,1671.272297003479,307.59588669232267,PIT
315975068.9622305,00000000-0000-0000-0000-000000086516,OTHERS,1695.5196261930594,322.06744644868616,PIT
315975069.0624834,00000000-0000-0000-0000-000000000000,AV,1741.0358499786664,370.5476562682041,PIT
315975069.0624834,00000000-0000-0000-0000-000000086417,OTHERS,1778.7578747721145,394.15144510644416,PIT
315975069.0624834,00000000-0000-0000-0000-000000086469,AGENT,1768.96820499192,383.8684367695758,PIT
315975069.0624834,00000000-0000-0000-0000-000000086495,OTHERS,1777.4351150551627,400.0704560509401,PIT
315975069.0624834,00000000-0000-0000-0000-000000086497,OTHERS,1738.6362134266838,358.85108731588053,PIT
315975069.0624834,00000000-0000-0000-0000-000000086525,OTHERS,1670.7349113019054,307.1665429135827,PIT
315975069.0624834,00000000-0000-0000-0000-000000086532,OTHERS,1741.8821318988175,356.94534376434854,PIT
315975069.16015136,00000000-0000-0000-0000-000000000000,AV,1740.214700156664,369.8638257105571,PIT
315975069.16015136,00000000-0000-0000-0000-000000086417,OTHERS,1778.759535992226,394.127827783809,PIT
315975069.16015136,00000000-0000-0000-0000-000000086469,AGENT,1769.9274660657538,384.42932826605727,PIT
315975069.16015136,00000000-0000-0000-0000-000000086497,OTHERS,1740.0200318346906,359.978200409666,PIT
315975069.16015136,00000000-0000-0000-0000-000000086495,OTHERS,1776.6040232118385,399.3434533886494,PIT
315975069.16015136,00000000-0000-0000-0000-000000086532,OTHERS,1742.8599815401133,357.76910430843964,PIT
315975069.16015136,00000000-0000-0000-0000-000000086525,OTHERS,1670.29315304504,306.6154188538431,PIT
315975069.259039,00000000-0000-0000-0000-000000000000,AV,1739.3989664628355,369.1841434592389,PIT
315975069.259039,00000000-0000-0000-0000-000000086417,OTHERS,1778.7673133211636,394.0398193874925,PIT
315975069.259039,00000000-0000-0000-0000-000000086469,AGENT,1770.8976387178554,385.09911694219596,PIT
315975069.259039,00000000-0000-0000-0000-000000086497,OTHERS,1741.0224257741006,360.6744961378666,PIT
315975069.259039,00000000-0000-0000-0000-000000086495,OTHERS,1775.8348435608457,398.69553154934965,PIT
315975069.259039,00000000-0000-0000-0000-000000086539,OTHERS,1700.8359282532526,327.7322849804749,PIT
315975069.259039,00000000-0000-0000-0000-000000086532,OTHERS,1742.8599815401133,357.76910430843964,PIT
315975069.259039,00000000-0000-0000-0000-000000086538,OTHERS,1702.3097638508304,328.07821525617464,PIT
315975069.259039,00000000-0000-0000-0000-000000086525,OTHERS,1669.8393752682468,306.1765906670688,PIT
315975069.360179,00000000-0000-0000-0000-000000000000,AV,1738.4973517994226,368.42969629118215,PIT
315975069.360179,00000000-0000-0000-0000-000000086417,OTHERS,1778.6906095376983,394.17850616862137,PIT
315975069.360179,00000000-0000-0000-0000-000000086469,AGENT,1771.8477483258862,385.7734305242673,PIT
315975069.360179,00000000-0000-0000-0000-000000086497,OTHERS,1742.1797180158692,361.55034445658066,PIT
315975069.360179,00000000-0000-0000-0000-000000086495,OTHERS,1775.095738461314,398.34351934537597,PIT
315975069.360179,00000000-0000-0000-0000-000000086539,OTHERS,1701.6801280979428,329.00455576622346,PIT
315975069.360179,00000000-0000-0000-0000-000000086532,OTHERS,1742.8599815401133,357.76910430843964,PIT
315975069.360179,00000000-0000-0000-0000-000000086538,OTHERS,1702.4246923141068,328.8640074503682,PIT
315975069.360179,00000000-0000-0000-0000-000000086525,OTHERS,1669.8393752682468,306.1765906670688,PIT
