TIMESTAMP,TRACK_ID,OBJECT_TYPE,X,Y,CITY_NAME
315968818.77487224,00000000-0000-0000-0000-000000000000,AV,436.1743347904973,1143.4597060572248,MIA
315968818.77487224,00000000-0000-0000-0000-000000013686,OTHERS,425.72140540717436,1116.5934239505082,MIA
315968818.77487224,00000000-0000-0000-0000-000000013540,OTHERS,501.76589661089065,1140.1625113902635,MIA
315968818.77487224,00000000-0000-0000-0000-000000013644,OTHERS,480.9137499607077,1147.5094518606998,MIA
315968818.77487224,00000000-0000-0000-0000-000000013697,OTHERS,426.209595270809,1106.918626558424,MIA
315968818.77487224,00000000-0000-0000-0000-000000013810,OTHERS,422.30671956008433,1048.1846552498255,MIA
315968818.77487224,00000000-0000-0000-0000-000000013799,OTHERS,415.1337187210782,1166.4992658432484,MIA
315968818.77487224,00000000-0000-0000-0000-000000013811,AGENT,419.6497807036352,1112.452728683493,MIA
315968818.77487224,00000000-0000-0000-0000-000000013797,OTHERS,415.87663967061394,1145.5495957843145,MIA
315968818.77487224,00000000-0000-0000-0000-000000013796,OTHERS,331.21346376919985,1133.826099452257,MIA
315968818.77487224,00000000-0000-0000-0000-000000013792,OTHERS,417.2628936277411,1176.2209343456982,MIA
315968818.8737355,00000000-0000-0000-0000-000000000000,AV,436.1741994995344,1143.4598508791282,MIA
315968818.8737355,00000000-0000-0000-0000-000000013686,OTHERS,425.72533343052567,1116.6674799102052,MIA
315968818.8737355,00000000-0000-0000-0000-000000013540,OTHERS,501.7564572769034,1140.099773888512,MIA
315968818.8737355,00000000-0000-0000-0000-000000013644,OTHERS,480.9296333384647,1147.4615641702346,MIA
315968818.8737355,00000000-0000-0000-0000-000000013697,OTHERS,426.21245322270994,1106.9299230386503,MIA
315968818.8737355,00000000-0000-0000-0000-000000013810,OTHERS,422.3945555100594,1048.705738634091,MIA
315968818.8737355,00000000-0000-0000-0000-000000013799,OTHERS,414.8851863811393,1168.1956379177955,MIA
315968818.8737355,00000000-0000-0000-0000-000000013811,AGENT,419.59960325370696,1113.8475819181592,MIA
315968818.8737355,00000000-0000-0000-0000-000000013797,OTHERS,415.8576032109682,1146.7596712280192,MIA
315968818.8737355,00000000-0000-0000-0000-000000013796,OTHERS,331.2705066925655,1133.5486557107067,MIA
315968818.8737355,00000000-0000-0000-0000-000000013792,OTHERS,418.2469859047622,1177.9517818864967,MIA
315968818.9748785,00000000-0000-0000-0000-000000000000,AV,436.1740562903475,1143.4601640603141,MIA
315968818.9748785,00000000-0000-0000-0000-000000013686,OTHERS,425.70839904875,1116.6999661619866,MIA
315968818.9748785,00000000-0000-0000-0000-000000013540,OTHERS,501.716207944448,1140.0840880283465,MIA
315968818.9748785,00000000-0000-0000-0000-000000013644,OTHERS,480.937430717164,1147.5099194402792,MIA
315968818.9748785,00000000-0000-0000-0000-000000013697,OTHERS,426.1787590869007,1106.7765939975077,MIA
315968818.9748785,00000000-0000-0000-0000-000000013810,OTHERS,422.9951466672948,1049.5705295136654,MIA
315968818.9748785,00000000-0000-0000-0000-000000013799,OTHERS,414.7158184607272,1169.76295903894,MIA
315968818.9748785,00000000-0000-0000-0000-000000013811,AGENT,419.5225232922416,1115.629728279187,MIA
315968818.9748785,00000000-0000-0000-0000-000000013797,OTHERS,415.7818662192688,1147.9911674785444,MIA
315968818.9748785,00000000-0000-0000-0000-000000013796,OTHERS,331.21274214618745,1133.9281375604714,MIA
315968818.9748785,00000000-0000-0000-0000-000000013792,OTHERS,418.05647175027366,1178.124758288864,MIA
315968819.08434886,00000000-0000-0000-0000-000000000000,AV,436.1736691172163,1143.4604896802941,MIA
315968819.08434886,00000000-0000-0000-0000-000000013686,OTHERS,425.7186518757783,1116.6961677457996,MIA
315968819.08434886,00000000-0000-0000-0000-000000013540,OTHERS,501.7704812735476,1140.2072545924436,MIA
315968819.08434886,00000000-0000-0000-0000-000000013644,OTHERS,481.0086090538805,1147.4635718096695,MIA
315968819.08434886,00000000-0000-0000-0000-000000013697,OTHERS,426.1698353223688,1106.9367477354815,MIA
315968819.08434886,00000000-0000-0000-0000-000000013810,OTHERS,422.534207426238,1050.2202597455564,MIA
315968819.08434886,00000000-0000-0000-0000-000000013799,OTHERS,414.6107421219032,1171.233600130907,MIA
315968819.08434886,00000000-0000-0000-0000-000000013811,AGENT,419.4668523582072,1116.508219668166,MIA
315968819.08434886,00000000-0000-0000-0000-000000013797,OTHERS,415.7290386239159,1149.1214519292905,MIA
315968819.08434886,00000000-0000-0000-0000-000000013796,OTHERS,331.22860679838806,1133.8425438188347,MIA
315968819.08434886,00000000-0000-0000-0000-000000013792,OTHERS,417.7692971156811,1178.783299178974,MIA
315968819.17319506,00000000-0000-0000-0000-000000000000,AV,436.1734866744049,1143.4604416439736,MIA
315968819.17319506,00000000-0000-0000-0000-000000013686,OTHERS,425.7163942110769,1116.6795619375102,MIA
315968819.17319506,00000000-0000-0000-0000-000000013540,OTHERS,501.7759432818476,1140.115608462944,MIA
315968819.17319506,00000000-0000-0000-0000-000000013644,OTHERS,480.84128326052513,1147.4638164802375,MIA
315968819.17319506,00000000-0000-0000-0000-000000013697,OTHERS,426.17402259481855,1106.865370606635,MIA
315968819.17319506,00000000-0000-0000-0000-000000013810,OTHERS,422.3409404484477,1050.4734846296476,MIA
315968819.17319506,00000000-0000-0000-0000-000000013799,OTHERS,414.4748025663452,1172.7545286593295,MIA
315968819.17319506,00000000-0000-0000-0000-000000013811,AGENT,419.3822983496389,1117.766230392648,MIA
315968819.17319506,00000000-0000-0000-0000-000000013797,OTHERS,415.6489401800152,1150.3623992301366,MIA
315968819.17319506,00000000-0000-0000-0000-000000013796,OTHERS,331.2126586489825,1133.7314081480436,MIA
315968819.17319506,00000000-0000-0000-0000-000000013792,OTHERS,417.47318086784594,1179.5580161528144,MIA
315968819.2726348,00000000-0000-0000-0000-000000000000,AV,436.1733941958292,1143.460452328648,MIA
315968819.2726348,00000000-0000-0000-0000-000000013686,OTHERS,425.6916366495466,1116.6476468601074,MIA
315968819.2726348,00000000-0000-0000-0000-000000013540,OTHERS,501.7506488843576,1140.1154744880334,MIA
315968819.2726348,00000000-0000-0000-0000-000000013644,OTHERS,480.8968584743792,1147.4961285104334,MIA
315968819.2726348,00000000-0000-0000-0000-000000013697,OTHERS,426.1966566071953,1106.8188443160623,MIA
315968819.2726348,00000000-0000-0000-0000-000000013810,OTHERS,422.4865085022468,1051.7823448439153,MIA
315968819.2726348,00000000-0000-0000-0000-000000013799,OTHERS,414.35979590150015,1174.347658031609,MIA
315968819.2726348,00000000-0000-0000-0000-000000013811,AGENT,419.2869858228083,1119.2188362266704,MIA
315968819.2726348,00000000-0000-0000-0000-000000013797,OTHERS,415.62613860505684,1151.4323064749772,MIA
315968819.2726348,00000000-0000-0000-0000-000000013796,OTHERS,331.2505040210295,1133.777663906386,MIA
315968819.2726348,00000000-0000-0000-0000-000000013792,OTHERS,417.0424426961319,1180.5618794633394,MIA
315968819.37589884,00000000-0000-0000-0000-000000000000,AV,436.1730629805523,1143.4606227507402,MIA
315968819.37589884,00000000-0000-0000-0000-000000013686,OTHERS,425.71222789073164,1116.674107810538,MIA
315968819.37589884,00000000-0000-0000-0000-000000013540,OTHERS,501.750965276369,1140.1032964863562,MIA
315968819.37589884,00000000-0000-0000-0000-000000013644,OTHERS,480.8871779335336,1147.525316346606,MIA
315968819.37589884,00000000-0000-0000-0000-000000013697,OTHERS,426.2122351764396,1106.899209591474,MIA
315968819.37589884,00000000-0000-0000-0000-000000013810,OTHERS,422.7200054632385,1052.6377127160526,MIA
315968819.37589884,00000000-0000-0000-0000-000000013799,OTHERS,414.2950086442682,1175.6985644645765,MIA
315968819.37589884,00000000-0000-0000-0000-000000013811,AGENT,419.3497226139011,1120.5847874627636,MIA
315968819.37589884,00000000-0000-0000-0000-000000013797,OTHERS,415.59834169923414,1152.6306091444442,MIA
315968819.37589884,00000000-0000-0000-0000-000000013796,OTHERS,331.1734377332752,1133.8878755842072,MIA
315968819.37589884,00000000-0000-0000-0000-000000013792,OTHERS,417.0424426961319,1180.5618794633394,MIA
315968819.4758984,00000000-0000-0000-0000-000000000000,AV,436.17287186624037,1143.460760009356,MIA
315968819.4758984,00000000-0000-0000-0000-000000013686,OTHERS,425.690839712874,1116.6951276089517,MIA
315968819.4758984,00000000-0000-0000-0000-000000013540,OTHERS,501.6787744967604,1140.0894856858386,MIA
315968819.4758984,00000000-0000-0000-0000-000000013644,OTHERS,480.86678729755585,1147.4866815600403,MIA
315968819.4758984,00000000-0000-0000-0000-000000013697,OTHERS,426.17868387508963,1106.989438480218,MIA
315968819.4758984,00000000-0000-0000-0000-000000013810,OTHERS,422.9062908317793,1053.4460186913182,MIA
315968819.4758984,00000000-0000-0000-0000-000000013799,OTHERS,414.1678649990371,1177.0930930700376,MIA
315968819.4758984,00000000-0000-0000-0000-000000013811,AGENT,419.2705290830872,1121.8616723144328,MIA
315968819.4758984,00000000-0000-0000-0000-000000013797,OTHERS,415.54099574556136,1153.9901818859896,MIA
315968819.4758984,00000000-0000-0000-0000-000000013796,OTHERS,331.19802020677963,1133.8197240851393,MIA
315968819.4758984,00000000-0000-0000-0000-000000013792,OTHERS,417.0424426961319,1180.5618794633394,MIA
315968819.5786728,00000000-0000-0000-0000-000000000000,AV,436.17299800851134,1143.4607581914709,MIA
315968819.5786728,00000000-0000-0000-0000-000000013686,OTHERS,425.69860775103325,1116.6954468408912,MIA
315968819.5786728,00000000-0000-0000-0000-000000013540,OTHERS,501.7845605142469,1140.2787081200124,MIA
315968819.5786728,00000000-0000-0000-0000-000000013644,OTHERS,480.8722673580463,1147.498798288738,MIA
315968819.5786728,00000000-0000-0000-0000-000000013697,OTHERS,426.25429296562913,1106.9865306291242,MIA
315968819.5786728,00000000-0000-0000-0000-000000013792,OTHERS,417.74411224319533,1183.2502633107022,MIA
315968819.5786728,00000000-0000-0000-0000-000000013810,OTHERS,423.0509091250383,1054.1609129876067,MIA
315968819.5786728,00000000-0000-0000-0000-000000013799,OTHERS,414.08012487077326,1178.5345485451885,MIA
315968819.5786728,00000000-0000-0000-0000-000000013811,AGENT,419.1990467221151,1123.1036165372554,MIA
315968819.5786728,00000000-0000-0000-0000-000000013797,OTHERS,415.5354756404515,1155.1805644975495,MIA
315968819.5786728,00000000-0000-0000-0000-000000013796,OTHERS,331.21948309991365,1133.812758892249,MIA
315968819.67578787,00000000-0000-0000-0000-000000000000,AV,436.1730624460309,1143.461016709884,MIA
315968819.67578787,00000000-0000-0000-0000-000000013686,OTHERS,425.70559944536535,1116.6985496102989,MIA
315968819.67578787,00000000-0000-0000-0000-000000013540,OTHERS,501.7592300130335,1140.115108049895,MIA
315968819.67578787,00000000-0000-0000-0000-000000013644,OTHERS,480.8513794027745,1147.4898175227847,MIA
315968819.67578787,00000000-0000-0000-0000-000000013697,OTHERS,426.18908552358926,1106.8433004615717,MIA
315968819.67578787,00000000-0000-0000-0000-000000013792,OTHERS,417.42092832342865,1184.173362031673,MIA
315968819.67578787,00000000-0000-0000-0000-000000013810,OTHERS,423.1368422858577,1055.1365603314607,MIA
315968819.67578787,00000000-0000-0000-0000-000000013799,OTHERS,414.0404791645832,1179.7011335848458,MIA
315968819.67578787,00000000-0000-0000-0000-000000013811,AGENT,419.1196252307367,1124.3437510284461,MIA
315968819.67578787,00000000-0000-0000-0000-000000013797,OTHERS,415.59092030173485,1156.288519940782,MIA
315968819.67578787,00000000-0000-0000-0000-000000013796,OTHERS,331.20182583312845,1133.666169404787,MIA
315968819.7765245,00000000-0000-0000-0000-000000000000,AV,436.17254115629936,1143.461029392889,MIA
315968819.7765245,00000000-0000-0000-0000-000000013686,OTHERS,425.65009323043495,1116.577811142352,MIA
315968819.7765245,00000000-0000-0000-0000-000000013540,OTHERS,501.7515936562391,1140.1177305809515,MIA
315968819.7765245,00000000-0000-0000-0000-000000013644,OTHERS,480.9608116837906,1147.4184514515491,MIA
315968819.7765245,00000000-0000-0000-0000-000000013697,OTHERS,426.16331866780416,1106.9933378858755,MIA
315968819.7765245,00000000-0000-0000-0000-000000013792,OTHERS,417.1681797670555,1185.0872091091423,MIA
315968819.7765245,00000000-0000-0000-0000-000000013810,OTHERS,422.6335064320174,1055.340678390843,MIA
315968819.7765245,00000000-0000-0000-0000-000000013799,OTHERS,413.9558113314888,1180.5049411735388,MIA
315968819.7765245,00000000-0000-0000-0000-000000013811,AGENT,419.0654565086321,1125.5327953642764,MIA
315968819.7765245,00000000-0000-0000-0000-000000013797,OTHERS,415.4726182110186,1157.7150698904989,MIA
315968819.7765245,00000000-0000-0000-0000-000000013796,OTHERS,331.1925720898888,1133.6839420990682,MIA
315968819.87876725,00000000-0000-0000-0000-000000000000,AV,436.1725694618392,1143.4610450012235,MIA
315968819.87876725,00000000-0000-0000-0000-000000013686,OTHERS,425.7426434940962,1116.6912981473522,MIA
315968819.87876725,00000000-0000-0000-0000-000000013540,OTHERS,501.70770912093263,1140.0879772631747,MIA
315968819.87876725,00000000-0000-0000-0000-000000013644,OTHERS,480.86870768842124,1147.4444975725494,MIA
315968819.87876725,00000000-0000-0000-0000-000000013697,OTHERS,426.1618220009214,1106.8809305056886,MIA
315968819.87876725,00000000-0000-0000-0000-000000013792,OTHERS,417.1681797670555,1185.0872091091423,MIA
315968819.87876725,00000000-0000-0000-0000-000000013810,OTHERS,422.84241286739405,1056.1552621069834,MIA
315968819.87876725,00000000-0000-0000-0000-000000013799,OTHERS,413.829075450254,1181.3306999066265,MIA
315968819.87876725,00000000-0000-0000-0000-000000013811,AGENT,418.9887831781849,1126.6534279989214,MIA
315968819.87876725,00000000-0000-0000-0000-000000013797,OTHERS,415.3729052289628,1158.9937138477044,MIA
315968819.87876725,00000000-0000-0000-0000-000000013796,OTHERS,331.20469876377996,1133.8907277020655,MIA
315968819.97703123,00000000-0000-0000-0000-000000000000,AV,436.17257830734087,1143.4612099151925,MIA
315968819.97703123,00000000-0000-0000-0000-000000013686,OTHERS,425.7464166355938,1116.6891663502438,MIA
315968819.97703123,00000000-0000-0000-0000-000000013540,OTHERS,501.7760842798005,1140.1184130846782,MIA
315968819.97703123,00000000-0000-0000-0000-000000013644,OTHERS,480.86132968579597,1147.4713674246425,MIA
315968819.97703123,00000000-0000-0000-0000-000000013697,OTHERS,426.1983213152765,1106.8318473796444,MIA
315968819.97703123,00000000-0000-0000-0000-000000013810,OTHERS,422.92836118811516,1057.067079893027,MIA
315968819.97703123,00000000-0000-0000-0000-000000013799,OTHERS,413.90010340145017,1183.5870767045246,MIA
315968819.97703123,00000000-0000-0000-0000-000000013811,AGENT,418.9476701122,1127.9198174059736,MIA
315968819.97703123,00000000-0000-0000-0000-000000013797,OTHERS,415.39572582069326,1160.1475337166876,MIA
315968819.97703123,00000000-0000-0000-0000-000000013796,OTHERS,331.1275171083805,1133.7882218686648,MIA
315968819.97703123,00000000-0000-0000-0000-000000013792,OTHERS,417.1681797670555,1185.0872091091423,MIA
315968820.07816935,00000000-0000-0000-0000-000000000000,AV,436.17249689372846,1143.4614518873136,MIA
315968820.07816935,00000000-0000-0000-0000-000000013686,OTHERS,425.6990823256232,1116.7250546861453,MIA
315968820.07816935,00000000-0000-0000-0000-000000013540,OTHERS,501.7629621935761,1140.2047495227578,MIA
315968820.07816935,00000000-0000-0000-0000-000000013697,OTHERS,426.1938005890564,1107.0242262703434,MIA
315968820.07816935,00000000-0000-0000-0000-000000013792,OTHERS,417.1681797670555,1185.0872091091423,MIA
315968820.07816935,00000000-0000-0000-0000-000000013799,OTHERS,413.78550199211327,1184.481000939575,MIA
315968820.07816935,00000000-0000-0000-0000-000000013811,AGENT,418.8500402723896,1129.1457207181418,MIA
315968820.07816935,00000000-0000-0000-0000-000000013797,OTHERS,415.24002760549797,1161.6038758875054,MIA
315968820.07816935,00000000-0000-0000-0000-000000013644,OTHERS,481.008714177387,1147.4579607439584,MIA
315968820.07816935,00000000-0000-0000-0000-000000013796,OTHERS,331.2423395139877,1133.933217692844,MIA
315968820.07816935,00000000-0000-0000-0000-000000013810,OTHERS,422.8944476745725,1057.9491157989548,MIA
315968820.18365484,00000000-0000-0000-0000-000000000000,AV,436.1721700227323,1143.4618479236,MIA
315968820.18365484,00000000-0000-0000-0000-000000013686,OTHERS,425.6793427876179,1116.604997962321,MIA
315968820.18365484,00000000-0000-0000-0000-000000013540,OTHERS,501.73482393797684,1140.1279345820667,MIA
315968820.18365484,00000000-0000-0000-0000-000000013697,OTHERS,426.178568185164,1106.9679941525096,MIA
315968820.18365484,00000000-0000-0000-0000-000000013799,OTHERS,414.3400996493492,1185.8550089749956,MIA
315968820.18365484,00000000-0000-0000-0000-000000013811,AGENT,418.79617996108976,1130.3760609527758,MIA
315968820.18365484,00000000-0000-0000-0000-000000013797,OTHERS,415.1838844939012,1162.8829460349862,MIA
315968820.18365484,00000000-0000-0000-0000-000000013644,OTHERS,480.8590090017698,1147.466151845618,MIA
315968820.18365484,00000000-0000-0000-0000-000000013796,OTHERS,331.21648851591414,1133.7749974869785,MIA
315968820.18365484,00000000-0000-0000-0000-000000013810,OTHERS,422.987313384072,1058.9302118296955,MIA
315968820.27609456,00000000-0000-0000-0000-000000000000,AV,436.17239444150886,1143.4620071070467,MIA
315968820.27609456,00000000-0000-0000-0000-000000013686,OTHERS,425.682455906098,1116.6660274037793,MIA
315968820.27609456,00000000-0000-0000-0000-000000013540,OTHERS,501.76521476251776,1140.085355409208,MIA
315968820.27609456,00000000-0000-0000-0000-000000013697,OTHERS,426.18566853410925,1106.965928078234,MIA
315968820.27609456,00000000-0000-0000-0000-000000013796,OTHERS,331.20451367324387,1133.8444115970035,MIA
315968820.27609456,00000000-0000-0000-0000-000000013644,OTHERS,480.85672077956633,1147.4639421596055,MIA
315968820.27609456,00000000-0000-0000-0000-000000013799,OTHERS,414.3400996493492,1185.8550089749956,MIA
315968820.27609456,00000000-0000-0000-0000-000000013811,AGENT,418.662195804014,1131.3807199777768,MIA
315968820.27609456,00000000-0000-0000-0000-000000013797,OTHERS,415.1794468046343,1164.1091486016098,MIA
315968820.27609456,00000000-0000-0000-0000-000000013810,OTHERS,423.014232106613,1059.848006975249,MIA
315968820.37622005,00000000-0000-0000-0000-000000000000,AV,436.17247016957015,1143.4623357146065,MIA
315968820.37622005,00000000-0000-0000-0000-000000013686,OTHERS,425.7077650668405,1116.6793108521513,MIA
315968820.37622005,00000000-0000-0000-0000-000000013540,OTHERS,501.72878040362434,1140.1945487037756,MIA
315968820.37622005,00000000-0000-0000-0000-000000013697,OTHERS,426.1732967029159,1106.9815661537048,MIA
315968820.37622005,00000000-0000-0000-0000-000000013796,OTHERS,331.2026042950405,1133.694677597034,MIA
315968820.37622005,00000000-0000-0000-0000-000000013644,OTHERS,480.87217384684317,1147.4680929660726,MIA
315968820.37622005,00000000-0000-0000-0000-000000013799,OTHERS,414.3400996493492,1185.8550089749956,MIA
315968820.37622005,00000000-0000-0000-0000-000000013811,AGENT,418.4594278797222,1132.6198737014247,MIA
315968820.37622005,00000000-0000-0000-0000-000000013797,OTHERS,415.08207363730673,1165.2947175335776,MIA
315968820.37622005,00000000-0000-0000-0000-000000013810,OTHERS,423.06560811004806,1060.7234733244852,MIA
315968820.47437966,00000000-0000-0000-0000-000000000000,AV,436.17185725808264,1143.4622805940808,MIA
315968820.47437966,00000000-0000-0000-0000-000000013540,OTHERS,501.7657320848081,1140.152165440275,MIA
315968820.47437966,00000000-0000-0000-0000-000000013697,OTHERS,426.17554843359727,1106.982749170876,MIA
315968820.47437966,00000000-0000-0000-0000-000000013796,OTHERS,331.2219202787179,1133.8460053783042,MIA
315968820.47437966,00000000-0000-0000-0000-000000013799,OTHERS,414.3400996493492,1185.8550089749956,MIA
315968820.47437966,00000000-0000-0000-0000-000000013686,OTHERS,425.6872512587394,1116.6727481106727,MIA
315968820.47437966,00000000-0000-0000-0000-000000013644,OTHERS,480.9304673511035,1147.454698682606,MIA
315968820.47437966,00000000-0000-0000-0000-000000013797,OTHERS,415.0513185633516,1166.5123152265614,MIA
315968820.47437966,00000000-0000-0000-0000-000000013811,AGENT,418.3267934825112,1133.7002468405126,MIA
315968820.47437966,00000000-0000-0000-0000-000000013810,OTHERS,423.1967582437889,1061.6248749562362,MIA
315968820.57499534,00000000-0000-0000-0000-000000000000,AV,436.17169456257767,1143.4624137542246,MIA
315968820.57499534,00000000-0000-0000-0000-000000013540,OTHERS,501.7850339308096,1140.2854635720464,MIA
315968820.57499534,00000000-0000-0000-0000-000000013644,OTHERS,480.85917503424207,1147.4582380934914,MIA
315968820.57499534,00000000-0000-0000-0000-000000013697,OTHERS,426.2139717295144,1106.9079013157332,MIA
315968820.57499534,00000000-0000-0000-0000-000000013796,OTHERS,331.24435252352697,1133.6980704642788,MIA
315968820.57499534,00000000-0000-0000-0000-000000013686,OTHERS,425.70742652385576,1116.719067882732,MIA
315968820.57499534,00000000-0000-0000-0000-000000013811,AGENT,418.3566226915746,1135.0047711250495,MIA
315968820.57499534,00000000-0000-0000-0000-000000013797,OTHERS,414.960283082353,1167.7430088652984,MIA
315968820.57499534,00000000-0000-0000-0000-000000013810,OTHERS,423.1759004533539,1062.6303697920414,MIA
315968820.67501503,00000000-0000-0000-0000-000000000000,AV,436.1716618832581,1143.4626495151342,MIA
315968820.67501503,00000000-0000-0000-0000-000000013540,OTHERS,501.7574745659255,1140.1040033410748,MIA
315968820.67501503,00000000-0000-0000-0000-000000013644,OTHERS,480.928145343644,1147.515992928524,MIA
315968820.67501503,00000000-0000-0000-0000-000000013697,OTHERS,426.1695033408248,1106.8752940609309,MIA
315968820.67501503,00000000-0000-0000-0000-000000013796,OTHERS,331.2264589566989,1133.8582093539906,MIA
315968820.67501503,00000000-0000-0000-0000-000000013686,OTHERS,425.70386855485117,1116.7206405164322,MIA
315968820.67501503,00000000-0000-0000-0000-000000013810,OTHERS,423.1433962522458,1063.561458641189,MIA
315968820.67501503,00000000-0000-0000-0000-000000013797,OTHERS,414.9072374641645,1169.106517259949,MIA
315968820.67501503,00000000-0000-0000-0000-000000013811,AGENT,418.2500305001242,1136.2197786655001,MIA
315968820.7740083,00000000-0000-0000-0000-000000000000,AV,436.17161013731635,1143.4626022864895,MIA
315968820.7740083,00000000-0000-0000-0000-000000013540,OTHERS,501.7607204793515,1140.121309516834,MIA
315968820.7740083,00000000-0000-0000-0000-000000013697,OTHERS,426.1649815703811,1106.8684835341096,MIA
315968820.7740083,00000000-0000-0000-0000-000000013796,OTHERS,331.26994150473706,1133.6950096252028,MIA
315968820.7740083,00000000-0000-0000-0000-000000013821,OTHERS,422.57320434735817,1053.8628528623537,MIA
315968820.7740083,00000000-0000-0000-0000-000000013810,OTHERS,423.18457856262876,1064.5218433757782,MIA
315968820.7740083,00000000-0000-0000-0000-000000013644,OTHERS,480.89070662804465,1147.4795025000792,MIA
315968820.7740083,00000000-0000-0000-0000-000000013686,OTHERS,425.70345854505837,1116.6464323406738,MIA
315968820.7740083,00000000-0000-0000-0000-000000013797,OTHERS,414.8067107153773,1170.4104471116611,MIA
315968820.7740083,00000000-0000-0000-0000-000000013811,AGENT,418.1568665290682,1137.3948745574814,MIA
315968820.8804925,00000000-0000-0000-0000-000000000000,AV,436.1712484287886,1143.4628670445184,MIA
315968820.8804925,00000000-0000-0000-0000-000000013540,OTHERS,501.70228686431153,1139.9425617863244,MIA
315968820.8804925,00000000-0000-0000-0000-000000013697,OTHERS,426.2082378532952,1106.9130767059114,MIA
315968820.8804925,00000000-0000-0000-0000-000000013796,OTHERS,331.18244457029516,1133.7917512773106,MIA
315968820.8804925,00000000-0000-0000-0000-000000013821,OTHERS,422.5748684506004,1054.8590089644483,MIA
315968820.8804925,00000000-0000-0000-0000-000000013810,OTHERS,423.3166278810185,1065.5173450212462,MIA
315968820.8804925,00000000-0000-0000-0000-000000013644,OTHERS,480.8490606865749,1147.4712567152644,MIA
315968820.8804925,00000000-0000-0000-0000-000000013686,OTHERS,425.7041514101733,1116.6822924715989,MIA
315968820.8804925,00000000-0000-0000-0000-000000013811,AGENT,418.0366359976487,1138.6267785894993,MIA
315968820.8804925,00000000-0000-0000-0000-000000013797,OTHERS,414.7109735402793,1171.6753953645386,MIA
315968820.9797983,00000000-0000-0000-0000-000000000000,AV,436.17133790177564,1143.463092190427,MIA
315968820.9797983,00000000-0000-0000-0000-000000013540,OTHERS,501.7466882063842,1140.1008498319286,MIA
315968820.9797983,00000000-0000-0000-0000-000000013697,OTHERS,426.16150869566735,1106.8674026363997,MIA
315968820.9797983,00000000-0000-0000-0000-000000013796,OTHERS,331.242331189866,1133.6878232607035,MIA
315968820.9797983,00000000-0000-0000-0000-000000013644,OTHERS,480.95503331993035,1147.4825227742772,MIA
315968820.9797983,00000000-0000-0000-0000-000000013822,OTHERS,413.4132432368507,1193.634300120372,MIA
315968820.9797983,00000000-0000-0000-0000-000000013821,OTHERS,422.5888855479899,1055.8301784363714,MIA
315968820.9797983,00000000-0000-0000-0000-000000013810,OTHERS,423.2372054417791,1066.4532044773914,MIA
315968820.9797983,00000000-0000-0000-0000-000000013686,OTHERS,425.70694082022703,1116.6757573636426,MIA
315968820.9797983,00000000-0000-0000-0000-000000013797,OTHERS,414.70856728950037,1172.89158321842,MIA
315968820.9797983,00000000-0000-0000-0000-000000013811,AGENT,417.9441433656093,1139.8508142825242,MIA
315968821.0846612,00000000-0000-0000-0000-000000000000,AV,436.17122223790994,1143.4630479097425,MIA
315968821.0846612,00000000-0000-0000-0000-000000013540,OTHERS,501.7426880791079,1140.127276830622,MIA
315968821.0846612,00000000-0000-0000-0000-000000013697,OTHERS,426.1892685323125,1106.9288401330057,MIA
315968821.0846612,00000000-0000-0000-0000-000000013796,OTHERS,331.2520723679147,1133.6831153787393,MIA
315968821.0846612,00000000-0000-0000-0000-000000013644,OTHERS,480.87944999797065,1147.464285356628,MIA
315968821.0846612,00000000-0000-0000-0000-000000013822,OTHERS,413.4132432368507,1193.634300120372,MIA
315968821.0846612,00000000-0000-0000-0000-000000013821,OTHERS,422.5750566801997,1056.883113738306,MIA
315968821.0846612,00000000-0000-0000-0000-000000013810,OTHERS,423.4815872479142,1067.4590665258372,MIA
315968821.0846612,00000000-0000-0000-0000-000000013686,OTHERS,425.7012432959456,1116.6645078556548,MIA
315968821.0846612,00000000-0000-0000-0000-000000013797,OTHERS,414.61191346320237,1174.169923407227,MIA
315968821.0846612,00000000-0000-0000-0000-000000013811,AGENT,417.7882444338777,1141.0568969535022,MIA
315968821.17776906,00000000-0000-0000-0000-000000000000,AV,436.17111560632543,1143.463180179064,MIA
315968821.17776906,00000000-0000-0000-0000-000000013686,OTHERS,425.7061080032922,1116.722237628702,MIA
315968821.17776906,00000000-0000-0000-0000-000000013540,OTHERS,501.6938026596049,1139.9516511633635,MIA
315968821.17776906,00000000-0000-0000-0000-000000013697,OTHERS,426.22340911890336,1107.0085372394901,MIA
315968821.17776906,00000000-0000-0000-0000-000000013796,OTHERS,331.2626469925055,1133.8121084634026,MIA
315968821.17776906,00000000-0000-0000-0000-000000013644,OTHERS,480.8763873634296,1147.4945981684475,MIA
315968821.17776906,00000000-0000-0000-0000-000000013822,OTHERS,413.4132432368507,1193.634300120372,MIA
315968821.17776906,00000000-0000-0000-0000-000000013821,OTHERS,422.556532335534,1057.8538453759295,MIA
315968821.17776906,00000000-0000-0000-0000-000000013810,OTHERS,423.4059440582523,1068.4520857796006,MIA
315968821.17776906,00000000-0000-0000-0000-000000013811,AGENT,417.71198526237816,1142.1500546356267,MIA
315968821.17776906,00000000-0000-0000-0000-000000013797,OTHERS,414.53563621112914,1175.3846681584093,MIA
315968821.27311474,00000000-0000-0000-0000-000000000000,AV,436.1708324538303,1143.463174131725,MIA
315968821.27311474,00000000-0000-0000-0000-000000013686,OTHERS,425.71323411259317,1116.7037398035066,MIA
315968821.27311474,00000000-0000-0000-0000-000000013540,OTHERS,501.7045358121057,1140.1480800565953,MIA
315968821.27311474,00000000-0000-0000-0000-000000013697,OTHERS,426.2064030409124,1106.9377726797018,MIA
315968821.27311474,00000000-0000-0000-0000-000000013821,OTHERS,422.54176838581634,1058.8573808634087,MIA
315968821.27311474,00000000-0000-0000-0000-000000013810,OTHERS,423.3796918881034,1069.5535573716784,MIA
315968821.27311474,00000000-0000-0000-0000-000000013644,OTHERS,480.85552627164145,1147.5069741779876,MIA
315968821.27311474,00000000-0000-0000-0000-000000013822,OTHERS,413.4132432368507,1193.634300120372,MIA
315968821.27311474,00000000-0000-0000-0000-000000013811,AGENT,417.5925090016065,1143.3573068820724,MIA
315968821.27311474,00000000-0000-0000-0000-000000013797,OTHERS,414.42396100375777,1176.6738149653286,MIA
315968821.27311474,00000000-0000-0000-0000-000000013796,OTHERS,331.2184235575582,1133.8357867060754,MIA
315968821.37609005,00000000-0000-0000-0000-000000000000,AV,436.1710471247658,1143.4632761353841,MIA
315968821.37609005,00000000-0000-0000-0000-000000013686,OTHERS,425.6539871682628,1116.6251802710422,MIA
315968821.37609005,00000000-0000-0000-0000-000000013540,OTHERS,501.76951496021513,1140.1168337075549,MIA
315968821.37609005,00000000-0000-0000-0000-000000013644,OTHERS,480.8482691997786,1147.4635343500834,MIA
315968821.37609005,00000000-0000-0000-0000-000000013811,AGENT,417.5077781415576,1144.722205023876,MIA
315968821.37609005,00000000-0000-0000-0000-000000013797,OTHERS,414.3778197759957,1177.9129683052506,MIA
315968821.37609005,00000000-0000-0000-0000-000000013821,OTHERS,422.6748360970448,1059.8507344695113,MIA
315968821.37609005,00000000-0000-0000-0000-000000013810,OTHERS,423.4656771755766,1070.4966366497943,MIA
315968821.37609005,00000000-0000-0000-0000-000000013796,OTHERS,331.20820561851053,1133.7769372144985,MIA
315968821.37609005,00000000-0000-0000-0000-000000013697,OTHERS,426.19486223579804,1106.9438954336133,MIA
315968821.476473,00000000-0000-0000-0000-000000000000,AV,436.1708282535447,1143.462900567276,MIA
315968821.476473,00000000-0000-0000-0000-000000013686,OTHERS,425.7452479324992,1116.7129570129732,MIA
315968821.476473,00000000-0000-0000-0000-000000013540,OTHERS,501.76402305298035,1140.1627404736287,MIA
315968821.476473,00000000-0000-0000-0000-000000013644,OTHERS,480.91631673801163,1147.4836947959727,MIA
315968821.476473,00000000-0000-0000-0000-000000013811,AGENT,417.37487135642965,1145.9138464483424,MIA
315968821.476473,00000000-0000-0000-0000-000000013797,OTHERS,414.27732827939707,1179.0248122856042,MIA
315968821.476473,00000000-0000-0000-0000-000000013821,OTHERS,422.641831691243,1060.8968739573309,MIA
315968821.476473,00000000-0000-0000-0000-000000013810,OTHERS,423.3878557695344,1071.5492720851807,MIA
315968821.476473,00000000-0000-0000-0000-000000013796,OTHERS,331.20205034536616,1133.8925069661286,MIA
315968821.476473,00000000-0000-0000-0000-000000013697,OTHERS,426.1932039214077,1106.8237538453498,MIA
315968821.58520657,00000000-0000-0000-0000-000000000000,AV,436.17087350522996,1143.463483502388,MIA
315968821.58520657,00000000-0000-0000-0000-000000013686,OTHERS,425.7142646028423,1116.602830527996,MIA
315968821.58520657,00000000-0000-0000-0000-000000013540,OTHERS,501.7678164848384,1140.2209698554168,MIA
315968821.58520657,00000000-0000-0000-0000-000000013644,OTHERS,480.8809495873715,1147.4607891119813,MIA
315968821.58520657,00000000-0000-0000-0000-000000013821,OTHERS,422.618027962,1061.9291681450688,MIA
315968821.58520657,00000000-0000-0000-0000-000000013810,OTHERS,423.39472616694906,1072.5204647488854,MIA
315968821.58520657,00000000-0000-0000-0000-000000013697,OTHERS,426.2002298902681,1106.8209159878134,MIA
315968821.58520657,00000000-0000-0000-0000-000000013811,AGENT,417.26465827106216,1147.0918813365665,MIA
315968821.58520657,00000000-0000-0000-0000-000000013797,OTHERS,414.28283178472833,1179.6989680197971,MIA
315968821.58520657,00000000-0000-0000-0000-000000013796,OTHERS,331.22239288987686,1133.854871385732,MIA
315968821.6767177,00000000-0000-0000-0000-000000000000,AV,436.1706723877132,1143.4639888186218,MIA
315968821.6767177,00000000-0000-0000-0000-000000013686,OTHERS,425.6964180340455,1116.6801828598063,MIA
315968821.6767177,00000000-0000-0000-0000-000000013540,OTHERS,501.7544772170653,1140.1084789593574,MIA
315968821.6767177,00000000-0000-0000-0000-000000013644,OTHERS,480.8540746954065,1147.4852688237308,MIA
315968821.6767177,00000000-0000-0000-0000-000000013796,OTHERS,331.2105822200352,1133.8687722927307,MIA
315968821.6767177,00000000-0000-0000-0000-000000013697,OTHERS,426.26860188155126,1106.9353140435974,MIA
315968821.6767177,00000000-0000-0000-0000-000000013821,OTHERS,422.75319605458986,1063.1500164889098,MIA
315968821.6767177,00000000-0000-0000-0000-000000013810,OTHERS,423.480990225665,1073.544754642048,MIA
315968821.6767177,00000000-0000-0000-0000-000000013811,AGENT,417.09220716096917,1148.2964925943795,MIA
315968821.6767177,00000000-0000-0000-0000-000000013797,OTHERS,414.1003027457285,1180.5151558594205,MIA
315968821.7769541,00000000-0000-0000-0000-000000000000,AV,436.1708529987851,1143.4641509029898,MIA
315968821.7769541,00000000-0000-0000-0000-000000013540,OTHERS,501.9249538668287,1140.3245200757874,MIA
315968821.7769541,00000000-0000-0000-0000-000000013644,OTHERS,480.8605159322168,1147.473290753493,MIA
315968821.7769541,00000000-0000-0000-0000-000000013796,OTHERS,331.1791180463945,1133.7857839008195,MIA
315968821.7769541,00000000-0000-0000-0000-000000013821,OTHERS,422.63475589068617,1064.2258301515258,MIA
315968821.7769541,00000000-0000-0000-0000-000000013810,OTHERS,423.41724405647744,1074.7396037335511,MIA
315968821.7769541,00000000-0000-0000-0000-000000013686,OTHERS,425.71027024110487,1116.6937810722682,MIA
315968821.7769541,00000000-0000-0000-0000-000000013797,OTHERS,413.9245083184256,1181.4921023609895,MIA
315968821.7769541,00000000-0000-0000-0000-000000013811,AGENT,416.9337056866237,1149.5296146109156,MIA
315968821.7769541,00000000-0000-0000-0000-000000013697,OTHERS,426.161434677067,1106.9405928406243,MIA
315968821.7769541,00000000-0000-0000-0000-000000013825,OTHERS,541.9673785807049,1153.2915422690705,MIA
315968821.8798194,00000000-0000-0000-0000-000000000000,AV,436.1706871799314,1143.4643754746417,MIA
315968821.8798194,00000000-0000-0000-0000-000000013540,OTHERS,501.76056453685067,1140.1633622344025,MIA
315968821.8798194,00000000-0000-0000-0000-000000013644,OTHERS,480.9205906529207,1147.4880024800746,MIA
315968821.8798194,00000000-0000-0000-0000-000000013796,OTHERS,331.18639819785267,1133.8399297122578,MIA
315968821.8798194,00000000-0000-0000-0000-000000013821,OTHERS,422.8147458688002,1065.3126830395302,MIA
315968821.8798194,00000000-0000-0000-0000-000000013810,OTHERS,423.4627909413446,1075.7679018198178,MIA
315968821.8798194,00000000-0000-0000-0000-000000013686,OTHERS,425.75305337920463,1116.7087429734224,MIA
315968821.8798194,00000000-0000-0000-0000-000000013797,OTHERS,413.9889242751453,1183.446070302263,MIA
315968821.8798194,00000000-0000-0000-0000-000000013811,AGENT,416.7819723889968,1150.738358200263,MIA
315968821.8798194,00000000-0000-0000-0000-000000013697,OTHERS,426.17282653534295,1106.8084143873848,MIA
315968821.8798194,00000000-0000-0000-0000-000000013825,OTHERS,542.0089231279021,1153.6047701383736,MIA
315968821.9829169,00000000-0000-0000-0000-000000000000,AV,436.1708038499669,1143.4645883511105,MIA
315968821.9829169,00000000-0000-0000-0000-000000013540,OTHERS,501.7134248720798,1139.9709470206456,MIA
315968821.9829169,00000000-0000-0000-0000-000000013644,OTHERS,480.84852381996217,1147.4798170254276,MIA
315968821.9829169,00000000-0000-0000-0000-000000013796,OTHERS,331.17830359958776,1133.7464845868276,MIA
315968821.9829169,00000000-0000-0000-0000-000000013821,OTHERS,422.7682116044027,1066.4336482170372,MIA
315968821.9829169,00000000-0000-0000-0000-000000013810,OTHERS,423.7706317375561,1077.4246921784425,MIA
315968821.9829169,00000000-0000-0000-0000-000000013686,OTHERS,425.7063752340647,1116.648999924516,MIA
315968821.9829169,00000000-0000-0000-0000-000000013797,OTHERS,413.9059090407165,1184.2153551564356,MIA
315968821.9829169,00000000-0000-0000-0000-000000013811,AGENT,416.718539285222,1151.8413907904614,MIA
315968821.9829169,00000000-0000-0000-0000-000000013697,OTHERS,426.1888245750398,1106.8427444377446,MIA
315968821.9829169,00000000-0000-0000-0000-000000013825,OTHERS,542.0452357705719,1153.7173527818766,MIA
315968822.07453567,00000000-0000-0000-0000-000000000000,AV,436.17053394565653,1143.4644498808725,MIA
315968822.07453567,00000000-0000-0000-0000-000000013686,OTHERS,425.7035879600352,1116.6938093301821,MIA
315968822.07453567,00000000-0000-0000-0000-000000013540,OTHERS,501.72192624299896,1139.976254835467,MIA
315968822.07453567,00000000-0000-0000-0000-000000013644,OTHERS,480.8621108761456,1147.4663859294924,MIA
315968822.07453567,00000000-0000-0000-0000-000000013821,OTHERS,422.5832130695314,1067.4634442104823,MIA
315968822.07453567,00000000-0000-0000-0000-000000013810,OTHERS,423.72113492794136,1078.6577103088098,MIA
315968822.07453567,00000000-0000-0000-0000-000000013697,OTHERS,426.2143751807312,1107.0306696747107,MIA
315968822.07453567,00000000-0000-0000-0000-000000013825,OTHERS,541.9261915606145,1153.9304660859116,MIA
315968822.07453567,00000000-0000-0000-0000-000000013811,AGENT,416.5290283332752,1153.1887956747494,MIA
315968822.07453567,00000000-0000-0000-0000-000000013797,OTHERS,414.51725862129456,1185.4947129287805,MIA
315968822.07453567,00000000-0000-0000-0000-000000013796,OTHERS,331.2116933148376,1133.7445677155556,MIA
315968822.17671514,00000000-0000-0000-0000-000000000000,AV,436.1707183880847,1143.4646429055688,MIA
315968822.17671514,00000000-0000-0000-0000-000000013686,OTHERS,425.6910552072578,1116.7219013152521,MIA
315968822.17671514,00000000-0000-0000-0000-000000013540,OTHERS,501.7312363400901,1140.0377109368658,MIA
315968822.17671514,00000000-0000-0000-0000-000000013644,OTHERS,480.88540305237836,1147.4016650943381,MIA
315968822.17671514,00000000-0000-0000-0000-000000013821,OTHERS,422.5925497584988,1068.4576165429644,MIA
315968822.17671514,00000000-0000-0000-0000-000000013810,OTHERS,423.62656590351247,1079.7024164443021,MIA
315968822.17671514,00000000-0000-0000-0000-000000013697,OTHERS,426.21972483155474,1106.9538740473397,MIA
315968822.17671514,00000000-0000-0000-0000-000000013825,OTHERS,541.9710988242836,1153.847162814904,MIA
315968822.17671514,00000000-0000-0000-0000-000000013811,AGENT,416.4619106216677,1154.2889320329973,MIA
315968822.17671514,00000000-0000-0000-0000-000000013797,OTHERS,414.37892049466745,1185.592291391495,MIA
315968822.17671514,00000000-0000-0000-0000-000000013796,OTHERS,331.1416915468748,1133.6627222845375,MIA
315968822.2825372,00000000-0000-0000-0000-000000000000,AV,436.17092481575486,1143.4647551242995,MIA
315968822.2825372,00000000-0000-0000-0000-000000013686,OTHERS,425.73805416403434,1116.6718477438908,MIA
315968822.2825372,00000000-0000-0000-0000-000000013540,OTHERS,501.76685758972434,1140.1986144375512,MIA
315968822.2825372,00000000-0000-0000-0000-000000013644,OTHERS,480.8838416632714,1147.4938523601325,MIA
315968822.2825372,00000000-0000-0000-0000-000000013821,OTHERS,422.5122581158068,1069.5130120745414,MIA
315968822.2825372,00000000-0000-0000-0000-000000013810,OTHERS,423.65788832746284,1080.8035349226795,MIA
315968822.2825372,00000000-0000-0000-0000-000000013697,OTHERS,426.22629106617995,1106.873105761926,MIA
315968822.2825372,00000000-0000-0000-0000-000000013825,OTHERS,542.0137652791941,1153.852178499002,MIA
315968822.2825372,00000000-0000-0000-0000-000000013811,AGENT,416.4640454996834,1155.375851248539,MIA
315968822.2825372,00000000-0000-0000-0000-000000013797,OTHERS,414.14411684275666,1186.384746090836,MIA
315968822.2825372,00000000-0000-0000-0000-000000013796,OTHERS,331.20470028496516,1133.9027305392895,MIA
315968822.37426955,00000000-0000-0000-0000-000000000000,AV,436.1704155576619,1143.4647650030051,MIA
315968822.37426955,00000000-0000-0000-0000-000000013686,OTHERS,425.70070386326233,1116.7087216739562,MIA
315968822.37426955,00000000-0000-0000-0000-000000013540,OTHERS,501.78517277100326,1140.2798966782914,MIA
315968822.37426955,00000000-0000-0000-0000-000000013644,OTHERS,480.8860582405575,1147.4695949896102,MIA
315968822.37426955,00000000-0000-0000-0000-000000013821,OTHERS,422.5122581158068,1069.5130120745414,MIA
315968822.37426955,00000000-0000-0000-0000-000000013810,OTHERS,423.60581869819913,1081.8983427170278,MIA
315968822.37426955,00000000-0000-0000-0000-000000013697,OTHERS,426.14139464597525,1106.972130634142,MIA
315968822.37426955,00000000-0000-0000-0000-000000013825,OTHERS,542.0291690788912,1153.7591038023884,MIA
315968822.37426955,00000000-0000-0000-0000-000000013811,AGENT,416.32602510137724,1156.6732757155926,MIA
315968822.37426955,00000000-0000-0000-0000-000000013797,OTHERS,413.7709901324498,1187.1982309876994,MIA
315968822.37426955,00000000-0000-0000-0000-000000013796,OTHERS,331.24344579860264,1133.67908122178,MIA
315968822.47626257,00000000-0000-0000-0000-000000000000,AV,436.1705574631442,1143.4648238292652,MIA
315968822.47626257,00000000-0000-0000-0000-000000013686,OTHERS,425.6958556892503,1116.6911378163725,MIA
315968822.47626257,00000000-0000-0000-0000-000000013540,OTHERS,501.7796377508277,1140.1277951081445,MIA
315968822.47626257,00000000-0000-0000-0000-000000013644,OTHERS,480.86198180844366,1147.4731426746796,MIA
315968822.47626257,00000000-0000-0000-0000-000000013821,OTHERS,422.5122581158068,1069.5130120745414,MIA
315968822.47626257,00000000-0000-0000-0000-000000013810,OTHERS,423.2926491384449,1082.5197004635781,MIA
315968822.47626257,00000000-0000-0000-0000-000000013697,OTHERS,426.1727986947533,1106.9965616861193,MIA
315968822.47626257,00000000-0000-0000-0000-000000013825,OTHERS,541.9623164713756,1154.1051290419005,MIA
315968822.47626257,00000000-0000-0000-0000-000000013811,AGENT,416.2052573986457,1157.9197648476295,MIA
315968822.47626257,00000000-0000-0000-0000-000000013797,OTHERS,413.52217274919883,1188.255210811946,MIA
315968822.47626257,00000000-0000-0000-0000-000000013796,OTHERS,331.22868082592936,1133.8063178192626,MIA
315968822.5784145,00000000-0000-0000-0000-000000000000,AV,436.170436288051,1143.4646775644055,MIA
315968822.5784145,00000000-0000-0000-0000-000000013686,OTHERS,425.6824442805823,1116.7486089938525,MIA
315968822.5784145,00000000-0000-0000-0000-000000013540,OTHERS,501.7698688984803,1140.1564050115333,MIA
315968822.5784145,00000000-0000-0000-0000-000000013644,OTHERS,480.895931274342,1147.4551375931305,MIA
315968822.5784145,00000000-0000-0000-0000-000000013821,OTHERS,422.5122581158068,1069.5130120745414,MIA
315968822.5784145,00000000-0000-0000-0000-000000013810,OTHERS,423.3381736092828,1083.5576913816467,MIA
315968822.5784145,00000000-0000-0000-0000-000000013697,OTHERS,426.2084947361581,1106.9707775079305,MIA
315968822.5784145,00000000-0000-0000-0000-000000013825,OTHERS,541.9753716581004,1153.697523121658,MIA
315968822.5784145,00000000-0000-0000-0000-000000013811,AGENT,415.9816019132535,1159.1779959583653,MIA
315968822.5784145,00000000-0000-0000-0000-000000013797,OTHERS,413.48768732572273,1190.4276492370998,MIA
315968822.5784145,00000000-0000-0000-0000-000000013796,OTHERS,331.232693687723,1133.7147124790922,MIA
315968822.67440724,00000000-0000-0000-0000-000000000000,AV,436.17067255658617,1143.4648145422839,MIA
315968822.67440724,00000000-0000-0000-0000-000000013686,OTHERS,425.7509517103845,1116.7144653081364,MIA
315968822.67440724,00000000-0000-0000-0000-000000013540,OTHERS,501.7680643722725,1140.206799089129,MIA
315968822.67440724,00000000-0000-0000-0000-000000013644,OTHERS,480.8824067835918,1147.4638446459392,MIA
315968822.67440724,00000000-0000-0000-0000-000000013811,AGENT,415.8844263714202,1160.3154904523785,MIA
315968822.67440724,00000000-0000-0000-0000-000000013797,OTHERS,413.48768732572273,1190.4276492370998,MIA
315968822.67440724,00000000-0000-0000-0000-000000013810,OTHERS,423.2071644921798,1084.7440680894408,MIA
315968822.67440724,00000000-0000-0000-0000-000000013796,OTHERS,331.2264113918933,1133.8327415199035,MIA
315968822.67440724,00000000-0000-0000-0000-000000013825,OTHERS,541.9785954272345,1154.0461572849322,MIA
315968822.67440724,00000000-0000-0000-0000-000000013697,OTHERS,426.19283209140985,1106.8376536427866,MIA
315968822.7703818,00000000-0000-0000-0000-000000000000,AV,436.17029008987777,1143.4649959960905,MIA
315968822.7703818,00000000-0000-0000-0000-000000013686,OTHERS,425.7423904423566,1116.6929863333987,MIA
315968822.7703818,00000000-0000-0000-0000-000000013540,OTHERS,501.75992370653466,1140.165608977308,MIA
315968822.7703818,00000000-0000-0000-0000-000000013644,OTHERS,480.9508535645293,1147.4694464553952,MIA
315968822.7703818,00000000-0000-0000-0000-000000013811,AGENT,415.880790535586,1161.3560072721236,MIA
315968822.7703818,00000000-0000-0000-0000-000000013797,OTHERS,414.08434240202087,1191.7752557315807,MIA
315968822.7703818,00000000-0000-0000-0000-000000013810,OTHERS,423.3195887763498,1085.928186845231,MIA
315968822.7703818,00000000-0000-0000-0000-000000013796,OTHERS,331.1716186445799,1133.8066318708964,MIA
315968822.7703818,00000000-0000-0000-0000-000000013825,OTHERS,542.0192890466909,1153.8781205969005,MIA
315968822.7703818,00000000-0000-0000-0000-000000013697,OTHERS,426.17118985466277,1106.8105993639037,MIA
315968822.8739672,00000000-0000-0000-0000-000000000000,AV,436.1707286407587,1143.4647997759373,MIA
315968822.8739672,00000000-0000-0000-0000-000000013686,OTHERS,425.7098253861637,1116.7021824088451,MIA
315968822.8739672,00000000-0000-0000-0000-000000013540,OTHERS,501.76980407142617,1140.2003503864935,MIA
315968822.8739672,00000000-0000-0000-0000-000000013644,OTHERS,480.8899921454757,1147.4963022633376,MIA
315968822.8739672,00000000-0000-0000-0000-000000013811,AGENT,415.7294451854226,1162.6778194396172,MIA
315968822.8739672,00000000-0000-0000-0000-000000013797,OTHERS,414.08434240202087,1191.7752557315807,MIA
315968822.8739672,00000000-0000-0000-0000-000000013810,OTHERS,422.99020443056787,1087.0191330955763,MIA
315968822.8739672,00000000-0000-0000-0000-000000013796,OTHERS,331.2093912466688,1133.688115654189,MIA
315968822.8739672,00000000-0000-0000-0000-000000013825,OTHERS,542.0735514796107,1153.9221367578016,MIA
315968822.8739672,00000000-0000-0000-0000-000000013697,OTHERS,426.1779707984896,1106.9353789491904,MIA
315968822.970506,00000000-0000-0000-0000-000000000000,AV,436.1703012178248,1143.4651633313165,MIA
315968822.970506,00000000-0000-0000-0000-000000013686,OTHERS,425.706749141072,1116.7215701704629,MIA
315968822.970506,00000000-0000-0000-0000-000000013540,OTHERS,501.7812785710428,1140.2711762681329,MIA
315968822.970506,00000000-0000-0000-0000-000000013644,OTHERS,480.85589213724717,1147.478833538199,MIA
315968822.970506,00000000-0000-0000-0000-000000013811,AGENT,415.62827167187936,1163.8764476339588,MIA
315968822.970506,00000000-0000-0000-0000-000000013797,OTHERS,413.7644191791558,1192.677252223291,MIA
315968822.970506,00000000-0000-0000-0000-000000013810,OTHERS,423.26826492747324,1088.0879646448072,MIA
315968822.970506,00000000-0000-0000-0000-000000013796,OTHERS,331.1572049556941,1133.7863302845528,MIA
315968822.970506,00000000-0000-0000-0000-000000013825,OTHERS,542.0529213279243,1153.9370493175454,MIA
315968822.970506,00000000-0000-0000-0000-000000013697,OTHERS,426.1766175674183,1106.84611173075,MIA
315968823.0716713,00000000-0000-0000-0000-000000000000,AV,436.1704912269498,1143.4649707547835,MIA
315968823.0716713,00000000-0000-0000-0000-000000013686,OTHERS,425.74836595731796,1116.7122689043406,MIA
315968823.0716713,00000000-0000-0000-0000-000000013540,OTHERS,501.7737582368889,1140.127022158411,MIA
315968823.0716713,00000000-0000-0000-0000-000000013644,OTHERS,480.8516055585505,1147.4755361441596,MIA
315968823.0716713,00000000-0000-0000-0000-000000013811,AGENT,415.51228402328553,1165.014826909301,MIA
315968823.0716713,00000000-0000-0000-0000-000000013797,OTHERS,413.4783570369648,1193.51074739151,MIA
315968823.0716713,00000000-0000-0000-0000-000000013810,OTHERS,423.3374174995512,1089.125898223638,MIA
315968823.0716713,00000000-0000-0000-0000-000000013796,OTHERS,331.2635588802653,1133.6337764610407,MIA
315968823.0716713,00000000-0000-0000-0000-000000013825,OTHERS,542.0001872005528,1154.3132216543247,MIA
315968823.0716713,00000000-0000-0000-0000-000000013697,OTHERS,426.18550346453657,1107.0563810125611,MIA
315968823.1714989,00000000-0000-0000-0000-000000000000,AV,436.1703800899045,1143.4647869879245,MIA
315968823.1714989,00000000-0000-0000-0000-000000013686,OTHERS,425.7345626780808,1116.713100691786,MIA
315968823.1714989,00000000-0000-0000-0000-000000013540,OTHERS,501.765192921068,1140.1219672367433,MIA
315968823.1714989,00000000-0000-0000-0000-000000013644,OTHERS,480.88750661412763,1147.443332892385,MIA
315968823.1714989,00000000-0000-0000-0000-000000013811,AGENT,415.36353534969976,1166.29879820383,MIA
315968823.1714989,00000000-0000-0000-0000-000000013797,OTHERS,413.3689813471994,1194.0945803684235,MIA
315968823.1714989,00000000-0000-0000-0000-000000013810,OTHERS,423.2371163161286,1090.3104448711497,MIA
315968823.1714989,00000000-0000-0000-0000-000000013796,OTHERS,331.22953633132806,1133.7694549784296,MIA
315968823.1714989,00000000-0000-0000-0000-000000013825,OTHERS,541.9187123818716,1154.2418367705216,MIA
315968823.1714989,00000000-0000-0000-0000-000000013697,OTHERS,426.11651247916654,1106.96254490119,MIA
315968823.2732494,00000000-0000-0000-0000-000000000000,AV,436.17058260153686,1143.4651855262705,MIA
315968823.2732494,00000000-0000-0000-0000-000000013686,OTHERS,425.7121955818573,1116.6942947423236,MIA
315968823.2732494,00000000-0000-0000-0000-000000013540,OTHERS,501.7584689002708,1140.116858504062,MIA
315968823.2732494,00000000-0000-0000-0000-000000013644,OTHERS,480.91696129292365,1147.474925486915,MIA
315968823.2732494,00000000-0000-0000-0000-000000013811,AGENT,415.2747514091096,1167.3621156961576,MIA
315968823.2732494,00000000-0000-0000-0000-000000013797,OTHERS,412.7974052795136,1194.8373988529288,MIA
315968823.2732494,00000000-0000-0000-0000-000000013810,OTHERS,423.47958150482043,1090.831463053862,MIA
315968823.2732494,00000000-0000-0000-0000-000000013796,OTHERS,331.22072247355146,1133.7374225528774,MIA
315968823.2732494,00000000-0000-0000-0000-000000013825,OTHERS,541.9030303452705,1154.4267718038204,MIA
315968823.2732494,00000000-0000-0000-0000-000000013697,OTHERS,426.16883698933634,1106.9396233916368,MIA
315968823.3728358,00000000-0000-0000-0000-000000000000,AV,436.17025024861323,1143.4650739012395,MIA
315968823.3728358,00000000-0000-0000-0000-000000013686,OTHERS,425.7112043264994,1116.6750832681169,MIA
315968823.3728358,00000000-0000-0000-0000-000000013540,OTHERS,501.7757203571553,1140.0928261040294,MIA
315968823.3728358,00000000-0000-0000-0000-000000013644,OTHERS,480.866722142828,1147.494611890574,MIA
315968823.3728358,00000000-0000-0000-0000-000000013796,OTHERS,331.1920403285472,1133.8809937788906,MIA
315968823.3728358,00000000-0000-0000-0000-000000013811,AGENT,415.1972143069417,1168.6279192735049,MIA
315968823.3728358,00000000-0000-0000-0000-000000013797,OTHERS,412.7974052795136,1194.8373988529288,MIA
315968823.3728358,00000000-0000-0000-0000-000000013810,OTHERS,423.28616127061036,1091.5084270416942,MIA
315968823.3728358,00000000-0000-0000-0000-000000013697,OTHERS,426.18438178428886,1106.9818963716023,MIA
315968823.3728358,00000000-0000-0000-0000-000000013825,OTHERS,541.9030303452705,1154.4267718038204,MIA
315968823.4746061,00000000-0000-0000-0000-000000000000,AV,436.17024871195883,1143.4650247245736,MIA
315968823.4746061,00000000-0000-0000-0000-000000013686,OTHERS,425.68977841639213,1116.7143140968283,MIA
315968823.4746061,00000000-0000-0000-0000-000000013540,OTHERS,501.7694741986544,1140.2662609164854,MIA
315968823.4746061,00000000-0000-0000-0000-000000013644,OTHERS,480.8865246641983,1147.5196867401626,MIA
315968823.4746061,00000000-0000-0000-0000-000000013796,OTHERS,331.20817326637325,1133.8231235478092,MIA
315968823.4746061,00000000-0000-0000-0000-000000013829,OTHERS,421.1633915789714,1038.960586763991,MIA
315968823.4746061,00000000-0000-0000-0000-000000013811,AGENT,415.13151324151335,1169.791547871978,MIA
315968823.4746061,00000000-0000-0000-0000-000000013797,OTHERS,412.7974052795136,1194.8373988529288,MIA
315968823.4746061,00000000-0000-0000-0000-000000013810,OTHERS,423.5074193183527,1092.4225358207218,MIA
315968823.4746061,00000000-0000-0000-0000-000000013697,OTHERS,426.1889883386496,1106.9551744146236,MIA
315968823.4746061,00000000-0000-0000-0000-000000013825,OTHERS,541.9030303452705,1154.4267718038204,MIA
315968823.57283384,00000000-0000-0000-0000-000000000000,AV,436.1703327800938,1143.465044260261,MIA
315968823.57283384,00000000-0000-0000-0000-000000013686,OTHERS,425.7099544561879,1116.670224132972,MIA
315968823.57283384,00000000-0000-0000-0000-000000013540,OTHERS,501.7021744157945,1139.9706566905347,MIA
315968823.57283384,00000000-0000-0000-0000-000000013644,OTHERS,480.9455744292602,1147.462397078746,MIA
315968823.57283384,00000000-0000-0000-0000-000000013796,OTHERS,331.20592134572996,1133.8170276720984,MIA
315968823.57283384,00000000-0000-0000-0000-000000013829,OTHERS,421.1633915789714,1038.960586763991,MIA
315968823.57283384,00000000-0000-0000-0000-000000013811,AGENT,414.9747983902504,1170.9768333777445,MIA
315968823.57283384,00000000-0000-0000-0000-000000013797,OTHERS,412.7974052795136,1194.8373988529288,MIA
315968823.57283384,00000000-0000-0000-0000-000000013810,OTHERS,423.35560693511775,1093.2471156994256,MIA
315968823.57283384,00000000-0000-0000-0000-000000013697,OTHERS,426.15494770046234,1106.8718158889253,MIA
315968823.57283384,00000000-0000-0000-0000-000000013825,OTHERS,541.9030303452705,1154.4267718038204,MIA
315968823.67274976,00000000-0000-0000-0000-000000000000,AV,436.17012590667497,1143.4650310217924,MIA
315968823.67274976,00000000-0000-0000-0000-000000013686,OTHERS,425.6871451529912,1116.7452672381744,MIA
315968823.67274976,00000000-0000-0000-0000-000000013540,OTHERS,501.80590814778685,1140.1712358209065,MIA
315968823.67274976,00000000-0000-0000-0000-000000013644,OTHERS,480.8587737755236,1147.5296726619822,MIA
315968823.67274976,00000000-0000-0000-0000-000000013829,OTHERS,421.03364308731295,1041.0481773010831,MIA
315968823.67274976,00000000-0000-0000-0000-000000013811,AGENT,414.9568272919404,1172.1812443418696,MIA
315968823.67274976,00000000-0000-0000-0000-000000013810,OTHERS,423.4437693585466,1093.9768629659284,MIA
315968823.67274976,00000000-0000-0000-0000-000000013796,OTHERS,331.28282043644674,1133.6059450017033,MIA
315968823.67274976,00000000-0000-0000-0000-000000013697,OTHERS,426.1957697865783,1107.0609219575122,MIA
