TIMESTAMP,TRACK_ID,OBJECT_TYPE,X,Y,CITY_NAME
315967853.8646814,00000000-0000-0000-0000-000000000000,AV,2065.70432318798,636.2860016563135,PIT
315967853.8646814,00000000-0000-0000-0000-000000009489,OTHERS,2085.46132247744,650.9877692369288,PIT
315967853.8646814,00000000-0000-0000-0000-000000009784,OTHERS,1992.1269595440986,592.1002868342363,PIT
315967853.8646814,00000000-0000-0000-0000-000000009747,OTHERS,2113.0083714870725,669.2984637434445,PIT
315967853.8646814,00000000-0000-0000-0000-000000009780,OTHERS,2036.0817490918225,603.6838093608917,PIT
315967853.8646814,00000000-0000-0000-0000-000000009726,OTHERS,2083.398303028645,645.5470091059743,PIT
315967853.8646814,00000000-0000-0000-0000-000000009775,OTHERS,2001.0147276178127,582.970745755638,PIT
315967853.8646814,00000000-0000-0000-0000-000000009776,OTHERS,2014.3327707849712,587.0424632484878,PIT
315967853.8646814,00000000-0000-0000-0000-000000009772,AGENT,1990.3391366602496,594.3307160462576,PIT
315967853.9636691,00000000-0000-0000-0000-000000000000,AV,2064.834506391902,635.6400339514329,PIT
315967853.9636691,00000000-0000-0000-0000-000000009489,OTHERS,2084.537473254855,650.334858880213,PIT
315967853.9636691,00000000-0000-0000-0000-000000009784,OTHERS,1991.084706453625,593.514054536171,PIT
315967853.9636691,00000000-0000-0000-0000-000000009726,OTHERS,2081.9645807558372,644.4678948443639,PIT
315967853.9636691,00000000-0000-0000-0000-000000009775,OTHERS,2001.0147276178127,582.970745755638,PIT
315967853.9636691,00000000-0000-0000-0000-000000009776,OTHERS,2015.7894917261328,588.1369774191422,PIT
315967853.9636691,00000000-0000-0000-0000-000000009780,OTHERS,2037.179898511241,604.6108337377402,PIT
315967853.9636691,00000000-0000-0000-0000-000000009747,OTHERS,2111.9342640920067,668.3657716532819,PIT
315967853.9636691,00000000-0000-0000-0000-000000009772,AGENT,1990.485242126044,594.0931896903508,PIT
315967854.0662833,00000000-0000-0000-0000-000000000000,AV,2063.895758763647,634.9457616535607,PIT
315967854.0662833,00000000-0000-0000-0000-000000009489,OTHERS,2083.7453259710182,649.7687199108246,PIT
315967854.0662833,00000000-0000-0000-0000-000000009784,OTHERS,1991.2201325938747,593.2397911604993,PIT
315967854.0662833,00000000-0000-0000-0000-000000009776,OTHERS,2017.3300275528552,589.2466012169158,PIT
315967854.0662833,00000000-0000-0000-0000-000000009780,OTHERS,2038.5122128057403,605.4540760267593,PIT
315967854.0662833,00000000-0000-0000-0000-000000009747,OTHERS,2110.980908958254,667.4715353881618,PIT
315967854.0662833,00000000-0000-0000-0000-000000009772,AGENT,1990.6652486047558,593.9866044677888,PIT
315967854.0662833,00000000-0000-0000-0000-000000009726,OTHERS,2080.4836473057167,643.3908213000957,PIT
315967854.16195315,00000000-0000-0000-0000-000000000000,AV,2063.038038329054,634.3117198920359,PIT
315967854.16195315,00000000-0000-0000-0000-000000009489,OTHERS,2082.9152941475954,649.1398361689803,PIT
315967854.16195315,00000000-0000-0000-0000-000000009776,OTHERS,2018.6234165840176,590.2481964873548,PIT
315967854.16195315,00000000-0000-0000-0000-000000009780,OTHERS,2039.7342822927071,606.578614445948,PIT
315967854.16195315,00000000-0000-0000-0000-000000009747,OTHERS,2109.841470366725,666.2606600322152,PIT
315967854.16195315,00000000-0000-0000-0000-000000009772,AGENT,1991.0456867735581,593.4537639280762,PIT
315967854.16195315,00000000-0000-0000-0000-000000009726,OTHERS,2079.057498413157,642.3147211046163,PIT
315967854.266296,00000000-0000-0000-0000-000000000000,AV,2062.099328518348,633.6201631438872,PIT
315967854.266296,00000000-0000-0000-0000-000000009489,OTHERS,2081.945744644672,648.4585659789598,PIT
315967854.266296,00000000-0000-0000-0000-000000009726,OTHERS,2077.649154059713,641.2785703423405,PIT
315967854.266296,00000000-0000-0000-0000-000000009785,OTHERS,2006.8386935848,584.3985494189789,PIT
315967854.266296,00000000-0000-0000-0000-000000009776,OTHERS,2020.0366484755689,591.2948207690447,PIT
315967854.266296,00000000-0000-0000-0000-000000009780,OTHERS,2041.0223547159949,607.5467994995262,PIT
315967854.266296,00000000-0000-0000-0000-000000009747,OTHERS,2109.841470357746,666.2606600260514,PIT
315967854.266296,00000000-0000-0000-0000-000000009772,AGENT,1991.2535500806405,593.1960627037157,PIT
315967854.37265825,00000000-0000-0000-0000-000000000000,AV,2061.2469403050645,632.9870558091344,PIT
315967854.37265825,00000000-0000-0000-0000-000000009489,OTHERS,2081.247340070728,647.8846983406802,PIT
315967854.37265825,00000000-0000-0000-0000-000000009726,OTHERS,2076.285242208559,640.2652525565834,PIT
315967854.37265825,00000000-0000-0000-0000-000000009772,AGENT,1991.587310622423,592.8210609752017,PIT
315967854.37265825,00000000-0000-0000-0000-000000009747,OTHERS,2109.8414703487656,666.2606600198868,PIT
315967854.37265825,00000000-0000-0000-0000-000000009780,OTHERS,2042.3422449498362,608.534727678893,PIT
315967854.37265825,00000000-0000-0000-0000-000000009785,OTHERS,2007.9484087657786,585.7016947582655,PIT
315967854.37265825,00000000-0000-0000-0000-000000009776,OTHERS,2021.4816218318747,592.3271588982259,PIT
315967854.46654034,00000000-0000-0000-0000-000000000000,AV,2060.392152103369,632.3523342888521,PIT
315967854.46654034,00000000-0000-0000-0000-000000009489,OTHERS,2080.4064541569105,647.2824679947968,PIT
315967854.46654034,00000000-0000-0000-0000-000000009726,OTHERS,2074.8663674706845,639.213856635528,PIT
315967854.46654034,00000000-0000-0000-0000-000000009772,AGENT,1991.905152710368,592.5365559281266,PIT
315967854.46654034,00000000-0000-0000-0000-000000009776,OTHERS,2022.7342855454638,593.386760072362,PIT
315967854.46654034,00000000-0000-0000-0000-000000009785,OTHERS,2007.9484087657786,585.7016947582655,PIT
315967854.46654034,00000000-0000-0000-0000-000000009747,OTHERS,2109.8414703397875,666.2606600137236,PIT
315967854.46654034,00000000-0000-0000-0000-000000009780,OTHERS,2043.7994140118506,609.5377994228055,PIT
315967854.56758684,00000000-0000-0000-0000-000000000000,AV,2059.5418401402217,631.719012544079,PIT
315967854.56758684,00000000-0000-0000-0000-000000009489,OTHERS,2079.5638379841907,646.6262052498682,PIT
315967854.56758684,00000000-0000-0000-0000-000000009726,OTHERS,2073.4753151896816,638.2186033558678,PIT
315967854.56758684,00000000-0000-0000-0000-000000009772,AGENT,1992.0320655817013,592.2491939303068,PIT
315967854.56758684,00000000-0000-0000-0000-000000009776,OTHERS,2024.1475943177265,594.4509735414108,PIT
315967854.56758684,00000000-0000-0000-0000-000000009780,OTHERS,2045.1704592486176,610.5441990779259,PIT
315967854.56758684,00000000-0000-0000-0000-000000009785,OTHERS,2007.9484087657786,585.7016947582655,PIT
315967854.67125964,00000000-0000-0000-0000-000000000000,AV,2058.604474070553,631.0236668190845,PIT
315967854.67125964,00000000-0000-0000-0000-000000009489,OTHERS,2078.7273609584845,646.0417481923563,PIT
315967854.67125964,00000000-0000-0000-0000-000000009726,OTHERS,2072.0874501079393,637.1970244493799,PIT
315967854.67125964,00000000-0000-0000-0000-000000009772,AGENT,1992.2025821900504,591.86861031069,PIT
315967854.67125964,00000000-0000-0000-0000-000000009790,OTHERS,1987.5973214632647,572.3998848245636,PIT
315967854.67125964,00000000-0000-0000-0000-000000009776,OTHERS,2025.4842430232932,595.3796806048874,PIT
315967854.67125964,00000000-0000-0000-0000-000000009785,OTHERS,2007.9484087657786,585.7016947582655,PIT
315967854.67125964,00000000-0000-0000-0000-000000009795,OTHERS,2089.8955643583035,652.1728978859697,PIT
315967854.67125964,00000000-0000-0000-0000-000000009789,OTHERS,1993.318108391658,590.6358135684499,PIT
315967854.67125964,00000000-0000-0000-0000-000000009780,OTHERS,2046.5214564094924,611.4699870236517,PIT
315967854.77118635,00000000-0000-0000-0000-000000000000,AV,2057.7493832947434,630.3903765618991,PIT
315967854.77118635,00000000-0000-0000-0000-000000009489,OTHERS,2077.863786025658,645.4057046960636,PIT
315967854.77118635,00000000-0000-0000-0000-000000009726,OTHERS,2070.660476658741,636.1003357066847,PIT
315967854.77118635,00000000-0000-0000-0000-000000009772,AGENT,1992.408498302071,591.7500676732707,PIT
315967854.77118635,00000000-0000-0000-0000-000000009790,OTHERS,1986.7480345229087,571.4255252843178,PIT
315967854.77118635,00000000-0000-0000-0000-000000009776,OTHERS,2026.7659224683728,596.3722257878796,PIT
315967854.77118635,00000000-0000-0000-0000-000000009795,OTHERS,2088.5069761372133,650.8873409297794,PIT
315967854.77118635,00000000-0000-0000-0000-000000009789,OTHERS,1993.4733916390821,590.2118559453419,PIT
315967854.77118635,00000000-0000-0000-0000-000000009780,OTHERS,2047.7692417900546,612.4229265542616,PIT
315967854.87243587,00000000-0000-0000-0000-000000000000,AV,2056.814842027181,629.6943380512948,PIT
315967854.87243587,00000000-0000-0000-0000-000000009489,OTHERS,2077.046922965229,644.7845650518526,PIT
315967854.87243587,00000000-0000-0000-0000-000000009726,OTHERS,2069.3617472820274,635.1266747275314,PIT
315967854.87243587,00000000-0000-0000-0000-000000009772,AGENT,1993.076983330365,590.796871246328,PIT
315967854.87243587,00000000-0000-0000-0000-000000009795,OTHERS,2087.2258620287053,649.9543658796367,PIT
315967854.87243587,00000000-0000-0000-0000-000000009789,OTHERS,1994.7080751529247,588.2046962499306,PIT
315967854.87243587,00000000-0000-0000-0000-000000009780,OTHERS,2049.0898294088097,613.3553591213048,PIT
315967854.87243587,00000000-0000-0000-0000-000000009776,OTHERS,2027.787662514982,597.0307436356981,PIT
315967854.87243587,00000000-0000-0000-0000-000000009790,OTHERS,1986.748034514535,571.4255252774651,PIT
315967854.9842668,00000000-0000-0000-0000-000000000000,AV,2055.875444340336,628.995299432183,PIT
315967854.9842668,00000000-0000-0000-0000-000000009489,OTHERS,2076.2366526299083,644.2141350444024,PIT
315967854.9842668,00000000-0000-0000-0000-000000009726,OTHERS,2067.936961793482,634.0519062799832,PIT
315967854.9842668,00000000-0000-0000-0000-000000009772,AGENT,1993.1886812569928,590.6797753430012,PIT
315967854.9842668,00000000-0000-0000-0000-000000009790,OTHERS,1986.7480345061606,571.4255252706132,PIT
315967854.9842668,00000000-0000-0000-0000-000000009776,OTHERS,2029.045407739473,598.0015645037284,PIT
315967854.9842668,00000000-0000-0000-0000-000000009780,OTHERS,2050.5304197073433,614.447710716046,PIT
315967854.9842668,00000000-0000-0000-0000-000000009789,OTHERS,1994.694840231612,588.0732438486482,PIT
315967854.9842668,00000000-0000-0000-0000-000000009795,OTHERS,2085.844960215484,648.7799020041177,PIT
315967855.076959,00000000-0000-0000-0000-000000000000,AV,2055.0253985510976,628.3595235142673,PIT
315967855.076959,00000000-0000-0000-0000-000000009489,OTHERS,2075.400428008466,643.5541343029396,PIT
315967855.076959,00000000-0000-0000-0000-000000009726,OTHERS,2066.5074393270856,633.0194119231443,PIT
315967855.076959,00000000-0000-0000-0000-000000009772,AGENT,1993.5727812951493,589.8899794011705,PIT
315967855.076959,00000000-0000-0000-0000-000000009790,OTHERS,1986.7480344977866,571.4255252637607,PIT
315967855.076959,00000000-0000-0000-0000-000000009776,OTHERS,2030.3495497339727,599.0050341820593,PIT
315967855.076959,00000000-0000-0000-0000-000000009780,OTHERS,2051.764937669308,615.3429600881012,PIT
315967855.076959,00000000-0000-0000-0000-000000009799,OTHERS,2015.9699912257595,591.3055770902893,PIT
315967855.076959,00000000-0000-0000-0000-000000009798,OTHERS,2017.981389336561,593.2403507589178,PIT
315967855.076959,00000000-0000-0000-0000-000000009789,OTHERS,1994.7575911917315,587.8661415100098,PIT
315967855.076959,00000000-0000-0000-0000-000000009795,OTHERS,2084.5928779196565,647.4499807965262,PIT
315967855.17393506,00000000-0000-0000-0000-000000000000,AV,2054.1783525422284,627.7261648167861,PIT
315967855.17393506,00000000-0000-0000-0000-000000009489,OTHERS,2074.5788533129094,642.9497418476524,PIT
315967855.17393506,00000000-0000-0000-0000-000000009776,OTHERS,2031.6434191508026,600.0478640532663,PIT
315967855.17393506,00000000-0000-0000-0000-000000009780,OTHERS,2053.2502207723637,616.5278208837227,PIT
315967855.17393506,00000000-0000-0000-0000-000000009772,AGENT,1993.6383793178366,589.6908901081193,PIT
315967855.17393506,00000000-0000-0000-0000-000000009795,OTHERS,2083.944759341241,646.9273958954973,PIT
315967855.17393506,00000000-0000-0000-0000-000000009726,OTHERS,2065.260943313465,632.0572945643893,PIT
315967855.17393506,00000000-0000-0000-0000-000000009799,OTHERS,2015.969991217184,591.3055770836393,PIT
315967855.17393506,00000000-0000-0000-0000-000000009789,OTHERS,1994.7953087493759,587.6449785995783,PIT
315967855.17393506,00000000-0000-0000-0000-000000009798,OTHERS,2019.2954699432373,594.2934771218838,PIT
315967855.27934235,00000000-0000-0000-0000-000000000000,AV,2053.3297945674667,627.0910782145586,PIT
315967855.27934235,00000000-0000-0000-0000-000000009489,OTHERS,2073.382396773839,642.0885135183155,PIT
315967855.27934235,00000000-0000-0000-0000-000000009776,OTHERS,2033.0081191587933,601.0870026508621,PIT
315967855.27934235,00000000-0000-0000-0000-000000009780,OTHERS,2054.384509554788,617.3937575246478,PIT
315967855.27934235,00000000-0000-0000-0000-000000009795,OTHERS,2082.08767646881,645.2035553271547,PIT
315967855.27934235,00000000-0000-0000-0000-000000009726,OTHERS,2063.8825197759475,631.0544608778805,PIT
315967855.27934235,00000000-0000-0000-0000-000000009772,AGENT,1993.6123653750456,589.8807085945148,PIT
315967855.27934235,00000000-0000-0000-0000-000000009799,OTHERS,2015.9699912086094,591.3055770769872,PIT
315967855.27934235,00000000-0000-0000-0000-000000009789,OTHERS,1994.546730584218,588.2680079116005,PIT
315967855.27934235,00000000-0000-0000-0000-000000009798,OTHERS,2020.8058169087435,595.2720268219604,PIT
315967855.37367094,00000000-0000-0000-0000-000000000000,AV,2052.478047527032,626.4545804503738,PIT
315967855.37367094,00000000-0000-0000-0000-000000009489,OTHERS,2072.5624465860665,641.4708780409097,PIT
315967855.37367094,00000000-0000-0000-0000-000000009776,OTHERS,2034.2639952636328,602.0454435322098,PIT
315967855.37367094,00000000-0000-0000-0000-000000009780,OTHERS,2055.6997571886677,618.3129369424389,PIT
315967855.37367094,00000000-0000-0000-0000-000000009726,OTHERS,2062.35853849769,629.9540712478963,PIT
315967855.37367094,00000000-0000-0000-0000-000000009772,AGENT,1993.4342975027066,589.8954486210953,PIT
315967855.37367094,00000000-0000-0000-0000-000000009795,OTHERS,2080.853235276179,644.2219323830833,PIT
315967855.37367094,00000000-0000-0000-0000-000000009799,OTHERS,2015.969991200035,591.3055770703376,PIT
315967855.37367094,00000000-0000-0000-0000-000000009789,OTHERS,1994.546730575586,588.2680079049481,PIT
315967855.37367094,00000000-0000-0000-0000-000000009798,OTHERS,2022.01976821156,596.3008566418805,PIT
315967855.4702038,00000000-0000-0000-0000-000000000000,AV,2051.628043763854,625.8195069755988,PIT
315967855.4702038,00000000-0000-0000-0000-000000009489,OTHERS,2071.7387160156104,640.8845668305481,PIT
315967855.4702038,00000000-0000-0000-0000-000000009772,AGENT,1993.7238511939493,589.1891256474536,PIT
315967855.4702038,00000000-0000-0000-0000-000000009780,OTHERS,2057.0719281208217,619.191924665595,PIT
315967855.4702038,00000000-0000-0000-0000-000000009776,OTHERS,2035.500141355528,602.8963849013328,PIT
315967855.4702038,00000000-0000-0000-0000-000000009789,OTHERS,1994.4899567686725,587.9728891841318,PIT
315967855.4702038,00000000-0000-0000-0000-000000009798,OTHERS,2022.982568099628,596.9520736988262,PIT
315967855.4702038,00000000-0000-0000-0000-000000009726,OTHERS,2061.1878502629775,628.9336279747715,PIT
315967855.4702038,00000000-0000-0000-0000-000000009795,OTHERS,2079.9858815501652,643.4338097963072,PIT
315967855.57136524,00000000-0000-0000-0000-000000000000,AV,2050.779044438424,625.1867330048019,PIT
315967855.57136524,00000000-0000-0000-0000-000000009489,OTHERS,2071.2537805603,640.4643522249246,PIT
315967855.57136524,00000000-0000-0000-0000-000000009726,OTHERS,2059.800450304475,627.9325474093789,PIT
315967855.57136524,00000000-0000-0000-0000-000000009772,AGENT,1993.9512778835456,589.0559050657797,PIT
315967855.57136524,00000000-0000-0000-0000-000000009780,OTHERS,2058.4491115850933,620.3952939886816,PIT
315967855.57136524,00000000-0000-0000-0000-000000009789,OTHERS,1994.4899567600946,587.9728891774182,PIT
315967855.57136524,00000000-0000-0000-0000-000000009798,OTHERS,2024.124132902678,597.8779813769887,PIT
315967855.57136524,00000000-0000-0000-0000-000000009795,OTHERS,2078.6126451010587,642.3642044535669,PIT
315967855.57136524,00000000-0000-0000-0000-000000009776,OTHERS,2036.9622044101006,604.0025639714104,PIT
315967855.57136524,00000000-0000-0000-0000-000000009805,OTHERS,2093.674807868313,654.2553627280588,PIT
315967855.6707393,00000000-0000-0000-0000-000000000000,AV,2049.841561319679,624.4845506162841,PIT
315967855.6707393,00000000-0000-0000-0000-000000009489,OTHERS,2070.2546368241246,639.8108070258747,PIT
315967855.6707393,00000000-0000-0000-0000-000000009726,OTHERS,2058.436536750828,626.8984517217036,PIT
315967855.6707393,00000000-0000-0000-0000-000000009772,AGENT,1994.2587838489505,588.4617521251782,PIT
315967855.6707393,00000000-0000-0000-0000-000000009795,OTHERS,2076.933907524634,640.8525299000204,PIT
315967855.6707393,00000000-0000-0000-0000-000000009798,OTHERS,2025.5288842029352,599.0104423065063,PIT
315967855.6707393,00000000-0000-0000-0000-000000009789,OTHERS,1994.4899567515165,587.9728891707039,PIT
315967855.6707393,00000000-0000-0000-0000-000000009780,OTHERS,2059.309865957586,621.0989881886974,PIT
315967855.6707393,00000000-0000-0000-0000-000000009776,OTHERS,2038.2765507018466,604.8804859868446,PIT
315967855.6707393,00000000-0000-0000-0000-000000009805,OTHERS,2092.600965553264,653.1954097451078,PIT
315967855.7684615,00000000-0000-0000-0000-000000000000,AV,2048.994137820228,623.8522195369345,PIT
315967855.7684615,00000000-0000-0000-0000-000000009489,OTHERS,2069.4201273547337,639.2200085657503,PIT
315967855.7684615,00000000-0000-0000-0000-000000009726,OTHERS,2056.963134320326,625.9185287924943,PIT
315967855.7684615,00000000-0000-0000-0000-000000009772,AGENT,1994.3912931055097,588.0417756858863,PIT
315967855.7684615,00000000-0000-0000-0000-000000009795,OTHERS,2075.209717210756,639.5104421659888,PIT
315967855.7684615,00000000-0000-0000-0000-000000009798,OTHERS,2026.886889742621,600.0460892565256,PIT
315967855.7684615,00000000-0000-0000-0000-000000009789,OTHERS,1994.4899567429386,587.9728891639904,PIT
315967855.7684615,00000000-0000-0000-0000-000000009780,OTHERS,2060.8819650555106,622.210416899235,PIT
315967855.7684615,00000000-0000-0000-0000-000000009776,OTHERS,2039.6971577595568,605.9268034516277,PIT
315967855.7684615,00000000-0000-0000-0000-000000009805,OTHERS,2091.435183267652,652.200657393617,PIT
315967855.8704477,00000000-0000-0000-0000-000000000000,AV,2048.1390818254067,623.2143825656785,PIT
315967855.8704477,00000000-0000-0000-0000-000000009489,OTHERS,2068.7372931252494,638.6104037834733,PIT
315967855.8704477,00000000-0000-0000-0000-000000009726,OTHERS,2055.6824395256695,624.8690185536946,PIT
315967855.8704477,00000000-0000-0000-0000-000000009772,AGENT,1994.4403308527044,586.473460769814,PIT
315967855.8704477,00000000-0000-0000-0000-000000009798,OTHERS,2027.984827064829,600.8669594194732,PIT
315967855.8704477,00000000-0000-0000-0000-000000009795,OTHERS,2073.8093673655285,638.575762941764,PIT
315967855.8704477,00000000-0000-0000-0000-000000009776,OTHERS,2041.1115094731922,606.8834933489153,PIT
315967855.8704477,00000000-0000-0000-0000-000000009805,OTHERS,2090.2938960471697,651.2879742302346,PIT
315967855.8704477,00000000-0000-0000-0000-000000009780,OTHERS,2061.999916927544,622.9537687720929,PIT
315967855.97119087,00000000-0000-0000-0000-000000000000,AV,2047.2882191355413,622.5818774624342,PIT
315967855.97119087,00000000-0000-0000-0000-000000009489,OTHERS,2067.7368854547353,637.944145825784,PIT
315967855.97119087,00000000-0000-0000-0000-000000009726,OTHERS,2054.1978230830928,623.9347712399461,PIT
315967855.97119087,00000000-0000-0000-0000-000000009772,AGENT,1994.3861876246986,587.2576348564597,PIT
315967855.97119087,00000000-0000-0000-0000-000000009798,OTHERS,2029.3647149812439,601.9163027016,PIT
315967855.97119087,00000000-0000-0000-0000-000000009795,OTHERS,2072.716119141962,637.6258403750812,PIT
315967855.97119087,00000000-0000-0000-0000-000000009776,OTHERS,2042.4871236742347,608.0206060678335,PIT
315967855.97119087,00000000-0000-0000-0000-000000009805,OTHERS,2089.2233378377264,650.2995674503447,PIT
315967855.97119087,00000000-0000-0000-0000-000000009780,OTHERS,2063.031824392488,623.3465080531413,PIT
315967856.07176906,00000000-0000-0000-0000-000000000000,AV,2046.354248800831,621.8844588046679,PIT
315967856.07176906,00000000-0000-0000-0000-000000009489,OTHERS,2066.865573093054,637.2889989783439,PIT
315967856.07176906,00000000-0000-0000-0000-000000009726,OTHERS,2052.836206256644,622.9316282874419,PIT
315967856.07176906,00000000-0000-0000-0000-000000009772,AGENT,1994.2845737250962,586.470213829441,PIT
315967856.07176906,00000000-0000-0000-0000-000000009780,OTHERS,2063.0318243837364,623.3465080465703,PIT
315967856.07176906,00000000-0000-0000-0000-000000009807,OTHERS,1970.7592022280319,557.8030812813072,PIT
315967856.07176906,00000000-0000-0000-0000-000000009798,OTHERS,2030.6475373603266,602.9163792113827,PIT
315967856.07176906,00000000-0000-0000-0000-000000009795,OTHERS,2071.34436955356,636.5616913596908,PIT
315967856.07176906,00000000-0000-0000-0000-000000009776,OTHERS,2043.791652995802,608.9822510468251,PIT
315967856.07176906,00000000-0000-0000-0000-000000009805,OTHERS,2088.1063837179167,649.4380948742121,PIT
315967856.16864,00000000-0000-0000-0000-000000000000,AV,2045.5038430049408,621.2489446912484,PIT
315967856.16864,00000000-0000-0000-0000-000000009489,OTHERS,2066.149341879001,636.6803822865488,PIT
315967856.16864,00000000-0000-0000-0000-000000009726,OTHERS,2051.4234358981853,621.8670360129008,PIT
315967856.16864,00000000-0000-0000-0000-000000009772,AGENT,1994.4946703400005,586.0382108406743,PIT
315967856.16864,00000000-0000-0000-0000-000000009780,OTHERS,2063.0318243749844,623.3465080400011,PIT
315967856.16864,00000000-0000-0000-0000-000000009807,OTHERS,1969.2283766331461,557.2212296102332,PIT
315967856.16864,00000000-0000-0000-0000-000000009798,OTHERS,2032.0278963265189,603.8081697029901,PIT
315967856.16864,00000000-0000-0000-0000-000000009795,OTHERS,2069.8557639091487,635.4341940292577,PIT
315967856.16864,00000000-0000-0000-0000-000000009776,OTHERS,2045.1314571862686,609.9620497836971,PIT
315967856.16864,00000000-0000-0000-0000-000000009805,OTHERS,2086.8948092166625,648.532718376267,PIT
315967856.27209646,00000000-0000-0000-0000-000000000000,AV,2044.650573141882,620.6152745061627,PIT
315967856.27209646,00000000-0000-0000-0000-000000009489,OTHERS,2064.9650269079925,635.824920790264,PIT
315967856.27209646,00000000-0000-0000-0000-000000009726,OTHERS,2050.108830967657,620.8662787825823,PIT
315967856.27209646,00000000-0000-0000-0000-000000009772,AGENT,1994.573905177251,585.4775923665462,PIT
315967856.27209646,00000000-0000-0000-0000-000000009776,OTHERS,2046.4004442402038,610.9136358670162,PIT
315967856.27209646,00000000-0000-0000-0000-000000009805,OTHERS,2086.256146906369,648.1313577128064,PIT
315967856.27209646,00000000-0000-0000-0000-000000009780,OTHERS,2067.7471485384867,627.4159170580145,PIT
315967856.27209646,00000000-0000-0000-0000-000000009807,OTHERS,1968.1219081440713,556.197673275082,PIT
315967856.27209646,00000000-0000-0000-0000-000000009798,OTHERS,2033.3980309711221,604.7497686375832,PIT
315967856.27209646,00000000-0000-0000-0000-000000009795,OTHERS,2068.4248091213353,634.466902895795,PIT
315967856.3738191,00000000-0000-0000-0000-000000000000,AV,2043.7175027437625,619.9143916339627,PIT
315967856.3738191,00000000-0000-0000-0000-000000009489,OTHERS,2064.1873352261505,635.2410265332703,PIT
315967856.3738191,00000000-0000-0000-0000-000000009726,OTHERS,2048.8444095426644,620.0173323235597,PIT
315967856.3738191,00000000-0000-0000-0000-000000009772,AGENT,1994.3445218392126,584.9594605635882,PIT
315967856.3738191,00000000-0000-0000-0000-000000009780,OTHERS,2068.95043903986,628.1922368103915,PIT
315967856.3738191,00000000-0000-0000-0000-000000009807,OTHERS,1966.6974633530856,555.2567974112324,PIT
315967856.3738191,00000000-0000-0000-0000-000000009798,OTHERS,2034.6993952978946,605.8665742041076,PIT
315967856.3738191,00000000-0000-0000-0000-000000009795,OTHERS,2066.849966787377,633.3752853197028,PIT
315967856.3738191,00000000-0000-0000-0000-000000009776,OTHERS,2047.7133032565189,611.8969990443791,PIT
315967856.3738191,00000000-0000-0000-0000-000000009805,OTHERS,2085.206886110902,647.2797778700777,PIT
315967856.4689123,00000000-0000-0000-0000-000000000000,AV,2042.9533616190438,619.3459271123643,PIT
315967856.4689123,00000000-0000-0000-0000-000000009489,OTHERS,2063.608291160538,634.775430851845,PIT
315967856.4689123,00000000-0000-0000-0000-000000009726,OTHERS,2047.5839599698006,619.0902821366312,PIT
315967856.4689123,00000000-0000-0000-0000-000000009772,AGENT,1994.2347661969989,584.4404641025285,PIT
315967856.4689123,00000000-0000-0000-0000-000000009807,OTHERS,1965.5043246121024,554.1835086504761,PIT
315967856.4689123,00000000-0000-0000-0000-000000009780,OTHERS,2070.4183223308733,629.2097598118107,PIT
315967856.4689123,00000000-0000-0000-0000-000000009798,OTHERS,2036.125668868977,606.7587202086103,PIT
315967856.4689123,00000000-0000-0000-0000-000000009795,OTHERS,2065.362527601471,632.2400608807773,PIT
315967856.4689123,00000000-0000-0000-0000-000000009776,OTHERS,2049.135074054828,613.1112959186044,PIT
315967856.4689123,00000000-0000-0000-0000-000000009805,OTHERS,2083.4266092337693,645.8295064489806,PIT
315967856.56824243,00000000-0000-0000-0000-000000000000,AV,2042.018588702516,618.6511724372648,PIT
315967856.56824243,00000000-0000-0000-0000-000000009489,OTHERS,2062.40409353445,633.9117597576047,PIT
315967856.56824243,00000000-0000-0000-0000-000000009726,OTHERS,2046.2783292939896,618.1449182477069,PIT
315967856.56824243,00000000-0000-0000-0000-000000009772,AGENT,1994.0607542408993,584.1493171601087,PIT
315967856.56824243,00000000-0000-0000-0000-000000009798,OTHERS,2037.4625433998408,607.8382328380592,PIT
315967856.56824243,00000000-0000-0000-0000-000000009795,OTHERS,2063.833900119575,631.1912831418921,PIT
315967856.56824243,00000000-0000-0000-0000-000000009805,OTHERS,2082.778990691478,645.3506833615472,PIT
315967856.56824243,00000000-0000-0000-0000-000000009776,OTHERS,2050.0921233294507,613.6230257761465,PIT
315967856.56824243,00000000-0000-0000-0000-000000009807,OTHERS,1964.3047431382888,553.1673602535266,PIT
315967856.56824243,00000000-0000-0000-0000-000000009780,OTHERS,2071.658983004617,630.0937968918648,PIT
315967856.66895515,00000000-0000-0000-0000-000000000000,AV,2041.166680269714,618.0199775689223,PIT
315967856.66895515,00000000-0000-0000-0000-000000009489,OTHERS,2061.7672770350214,633.4892610408457,PIT
315967856.66895515,00000000-0000-0000-0000-000000009726,OTHERS,2044.9337950174645,617.1439201219945,PIT
315967856.66895515,00000000-0000-0000-0000-000000009772,AGENT,1994.0147133471885,583.317060439695,PIT
315967856.66895515,00000000-0000-0000-0000-000000009798,OTHERS,2038.8621136007928,609.0113187751997,PIT
315967856.66895515,00000000-0000-0000-0000-000000009795,OTHERS,2062.369453271559,630.1592573658745,PIT
315967856.66895515,00000000-0000-0000-0000-000000009805,OTHERS,2081.454443557814,644.4989192538299,PIT
315967856.66895515,00000000-0000-0000-0000-000000009776,OTHERS,2051.0446532667543,614.3129995052947,PIT
315967856.66895515,00000000-0000-0000-0000-000000009807,OTHERS,1964.304743129269,553.1673602473941,PIT
315967856.66895515,00000000-0000-0000-0000-000000009780,OTHERS,2072.9840346777523,631.0268915218387,PIT
315967856.7718246,00000000-0000-0000-0000-000000000000,AV,2040.3238625307108,617.3902133278223,PIT
315967856.7718246,00000000-0000-0000-0000-000000009489,OTHERS,2061.0014405687657,632.8580461397212,PIT
315967856.7718246,00000000-0000-0000-0000-000000009726,OTHERS,2043.5938704289435,616.135827182683,PIT
315967856.7718246,00000000-0000-0000-0000-000000009772,AGENT,1993.709316319744,583.0281194415852,PIT
315967856.7718246,00000000-0000-0000-0000-000000009798,OTHERS,2040.126055651051,609.900513837988,PIT
315967856.7718246,00000000-0000-0000-0000-000000009795,OTHERS,2060.847068178426,629.0444102319218,PIT
315967856.7718246,00000000-0000-0000-0000-000000009805,OTHERS,2079.8196779390155,643.1921736785562,PIT
315967856.7718246,00000000-0000-0000-0000-000000009776,OTHERS,2053.3269148613213,616.1981546766361,PIT
315967856.7718246,00000000-0000-0000-0000-000000009807,OTHERS,1961.952776545108,551.2653868939934,PIT
315967856.7718246,00000000-0000-0000-0000-000000009780,OTHERS,2074.2980079690456,632.0906140333719,PIT
315967856.8728314,00000000-0000-0000-0000-000000000000,AV,2039.3921490021994,616.6987035312139,PIT
315967856.8728314,00000000-0000-0000-0000-000000009489,OTHERS,2060.1561505071,632.2114396162273,PIT
315967856.8728314,00000000-0000-0000-0000-000000009726,OTHERS,2042.265220377043,615.1744910406211,PIT
315967856.8728314,00000000-0000-0000-0000-000000009772,AGENT,1993.5605679711985,582.5155539257768,PIT
315967856.8728314,00000000-0000-0000-0000-000000009798,OTHERS,2041.265327301876,610.7387433545014,PIT
315967856.8728314,00000000-0000-0000-0000-000000009795,OTHERS,2059.40494723758,628.0470014892552,PIT
315967856.8728314,00000000-0000-0000-0000-000000009805,OTHERS,2078.841172595227,642.4745650295614,PIT
315967856.8728314,00000000-0000-0000-0000-000000009776,OTHERS,2054.379462908684,617.0151119994725,PIT
315967856.8728314,00000000-0000-0000-0000-000000009807,OTHERS,1961.952776536224,551.2653868878475,PIT
315967856.8728314,00000000-0000-0000-0000-000000009780,OTHERS,2075.484715525722,632.9663051947101,PIT
315967856.96998733,00000000-0000-0000-0000-000000000000,AV,2038.5474593734768,616.0720503687066,PIT
315967856.96998733,00000000-0000-0000-0000-000000009489,OTHERS,2059.2439146188167,631.4584410577831,PIT
315967856.96998733,00000000-0000-0000-0000-000000009772,AGENT,1993.3835122413889,581.8373721287007,PIT
315967856.96998733,00000000-0000-0000-0000-000000009726,OTHERS,2040.9207362713119,614.1780804035137,PIT
315967856.96998733,00000000-0000-0000-0000-000000009776,OTHERS,2055.8281122960875,618.0867273856683,PIT
315967856.96998733,00000000-0000-0000-0000-000000009805,OTHERS,2077.745176280243,641.6934638285218,PIT
315967856.96998733,00000000-0000-0000-0000-000000009798,OTHERS,2041.9643562693445,611.2160891097109,PIT
315967856.96998733,00000000-0000-0000-0000-000000009795,OTHERS,2057.5812691541,626.6224182803168,PIT
315967856.96998733,00000000-0000-0000-0000-000000009807,OTHERS,1959.6382243309213,549.1588448683606,PIT
315967856.96998733,00000000-0000-0000-0000-000000009780,OTHERS,2076.7286133175426,633.6997931887007,PIT
315967857.07305795,00000000-0000-0000-0000-000000000000,AV,2037.702647093454,615.4470864407301,PIT
315967857.07305795,00000000-0000-0000-0000-000000009489,OTHERS,2058.440119506399,630.9284816648055,PIT
315967857.07305795,00000000-0000-0000-0000-000000009772,AGENT,1992.9978526749155,581.1337687430948,PIT
315967857.07305795,00000000-0000-0000-0000-000000009726,OTHERS,2039.6619828706173,613.2472655632513,PIT
315967857.07305795,00000000-0000-0000-0000-000000009813,OTHERS,1981.9696937082806,560.7661092052988,PIT
315967857.07305795,00000000-0000-0000-0000-000000009776,OTHERS,2057.1548652671754,619.038556069568,PIT
315967857.07305795,00000000-0000-0000-0000-000000009805,OTHERS,2076.534976686041,640.6090510874117,PIT
315967857.07305795,00000000-0000-0000-0000-000000009798,OTHERS,2044.920874250059,613.3135637042874,PIT
315967857.07305795,00000000-0000-0000-0000-000000009795,OTHERS,2056.16336718409,625.7043939840229,PIT
315967857.07305795,00000000-0000-0000-0000-000000009807,OTHERS,1958.3403567343921,548.3387768013696,PIT
315967857.07305795,00000000-0000-0000-0000-000000009780,OTHERS,2078.018313854555,634.7930673130451,PIT
315967857.17289704,00000000-0000-0000-0000-000000000000,AV,2036.7784649830605,614.7544518738878,PIT
315967857.17289704,00000000-0000-0000-0000-000000009489,OTHERS,2057.415496097025,630.2363888957168,PIT
315967857.17289704,00000000-0000-0000-0000-000000009772,AGENT,1992.6596000666266,580.8251062288901,PIT
315967857.17289704,00000000-0000-0000-0000-000000009726,OTHERS,2038.4371594728561,612.3836275644527,PIT
315967857.17289704,00000000-0000-0000-0000-000000009813,OTHERS,1983.3785545567735,562.0906349431456,PIT
315967857.17289704,00000000-0000-0000-0000-000000009776,OTHERS,2058.512562736532,620.019254393063,PIT
315967857.17289704,00000000-0000-0000-0000-000000009805,OTHERS,2075.2543919325803,639.6200864230527,PIT
315967857.17289704,00000000-0000-0000-0000-000000009798,OTHERS,2045.6661074643646,613.9208613677881,PIT
315967857.17289704,00000000-0000-0000-0000-000000009795,OTHERS,2054.622258956595,624.5839330387265,PIT
315967857.17289704,00000000-0000-0000-0000-000000009807,OTHERS,1958.340356725619,548.3387767950401,PIT
315967857.17289704,00000000-0000-0000-0000-000000009780,OTHERS,2079.342690928021,635.3410461139607,PIT
315967857.2703563,00000000-0000-0000-0000-000000000000,AV,2035.9353428059628,614.1264963292532,PIT
315967857.2703563,00000000-0000-0000-0000-000000009489,OTHERS,2056.5483414864048,629.5946558028289,PIT
315967857.2703563,00000000-0000-0000-0000-000000009772,AGENT,1992.108610153876,580.2919160121518,PIT
315967857.2703563,00000000-0000-0000-0000-000000009726,OTHERS,2037.354465947876,611.586923379351,PIT
315967857.2703563,00000000-0000-0000-0000-000000009813,OTHERS,1985.2833292797275,563.4432835735431,PIT
315967857.2703563,00000000-0000-0000-0000-000000009776,OTHERS,2059.793898981151,621.0437658795904,PIT
315967857.2703563,00000000-0000-0000-0000-000000009805,OTHERS,2074.096674567385,638.7709336382209,PIT
315967857.2703563,00000000-0000-0000-0000-000000009798,OTHERS,2046.657560071305,614.8906219005604,PIT
315967857.2703563,00000000-0000-0000-0000-000000009795,OTHERS,2053.2255926871485,623.580267574873,PIT
315967857.2703563,00000000-0000-0000-0000-000000009807,OTHERS,1956.046264443678,546.2220967087774,PIT
315967857.2703563,00000000-0000-0000-0000-000000009780,OTHERS,2079.342690919369,635.3410461075778,PIT
315967857.37191004,00000000-0000-0000-0000-000000000000,AV,2035.0960932240191,613.5039503707161,PIT
315967857.37191004,00000000-0000-0000-0000-000000009489,OTHERS,2055.7921147620386,628.9341317547676,PIT
315967857.37191004,00000000-0000-0000-0000-000000009772,AGENT,1991.6682643370661,579.7736493141248,PIT
315967857.37191004,00000000-0000-0000-0000-000000009726,OTHERS,2035.920081352316,610.5881265833265,PIT
315967857.37191004,00000000-0000-0000-0000-000000009813,OTHERS,1986.7429044661656,564.5300211358399,PIT
315967857.37191004,00000000-0000-0000-0000-000000009776,OTHERS,2061.2189513467483,622.1043498596998,PIT
315967857.37191004,00000000-0000-0000-0000-000000009805,OTHERS,2072.944033816133,638.0062410598089,PIT
315967857.37191004,00000000-0000-0000-0000-000000009798,OTHERS,2048.067309545426,615.9498252397229,PIT
315967857.37191004,00000000-0000-0000-0000-000000009795,OTHERS,2051.817580651989,622.4905518619461,PIT
315967857.37191004,00000000-0000-0000-0000-000000009807,OTHERS,1954.758448278556,545.3482802736796,PIT
315967857.37191004,00000000-0000-0000-0000-000000009780,OTHERS,2079.342690910717,635.341046101194,PIT
315967857.4752727,00000000-0000-0000-0000-000000000000,AV,2034.1735226251649,612.8198133380574,PIT
315967857.4752727,00000000-0000-0000-0000-000000009489,OTHERS,2054.778376444002,628.2753700265314,PIT
315967857.4752727,00000000-0000-0000-0000-000000009772,AGENT,1991.3229789586176,579.3573927249731,PIT
315967857.4752727,00000000-0000-0000-0000-000000009776,OTHERS,2062.3789374431767,623.0210104550566,PIT
315967857.4752727,00000000-0000-0000-0000-000000009805,OTHERS,2071.795696030137,637.1916739661444,PIT
315967857.4752727,00000000-0000-0000-0000-000000009795,OTHERS,2050.2799021901524,621.3522303672889,PIT
315967857.4752727,00000000-0000-0000-0000-000000009726,OTHERS,2034.7020030787376,609.6360510140388,PIT
315967857.4752727,00000000-0000-0000-0000-000000009813,OTHERS,1988.3250045473544,565.8195898385125,PIT
315967857.4752727,00000000-0000-0000-0000-000000009780,OTHERS,2079.342690902065,635.3410460948097,PIT
315967857.4752727,00000000-0000-0000-0000-000000009807,OTHERS,1953.7277792104087,544.2271856950839,PIT
315967857.4752727,00000000-0000-0000-0000-000000009798,OTHERS,2049.1699957536707,616.8034219479371,PIT
315967857.5718809,00000000-0000-0000-0000-000000000000,AV,2033.4189404700992,612.2620883354989,PIT
315967857.5718809,00000000-0000-0000-0000-000000009489,OTHERS,2053.8774935810234,627.5950884210096,PIT
315967857.5718809,00000000-0000-0000-0000-000000009772,AGENT,1990.6482681341872,579.0183928823161,PIT
315967857.5718809,00000000-0000-0000-0000-000000009795,OTHERS,2048.7783378522645,620.2844342711987,PIT
315967857.5718809,00000000-0000-0000-0000-000000009776,OTHERS,2063.7080897216338,624.1093844334729,PIT
315967857.5718809,00000000-0000-0000-0000-000000009805,OTHERS,2070.308504462143,636.0506956764908,PIT
315967857.5718809,00000000-0000-0000-0000-000000009726,OTHERS,2033.4180298811093,608.6717087056943,PIT
315967857.5718809,00000000-0000-0000-0000-000000009813,OTHERS,1989.747535533168,567.1117708882482,PIT
315967857.5718809,00000000-0000-0000-0000-000000009798,OTHERS,2050.4350635647143,617.7435215260474,PIT
315967857.5718809,00000000-0000-0000-0000-000000009807,OTHERS,1952.4985754888626,543.2963830817928,PIT
315967857.6712812,00000000-0000-0000-0000-000000000000,AV,2032.499660262858,611.5778550692123,PIT
315967857.6712812,00000000-0000-0000-0000-000000009489,OTHERS,2053.1142224736955,626.9303542120207,PIT
315967857.6712812,00000000-0000-0000-0000-000000009772,AGENT,1990.2713708406488,578.3100065086518,PIT
315967857.6712812,00000000-0000-0000-0000-000000009795,OTHERS,2047.344751378308,619.2240731695351,PIT
315967857.6712812,00000000-0000-0000-0000-000000009776,OTHERS,2064.7562117695,625.0224271107179,PIT
315967857.6712812,00000000-0000-0000-0000-000000009805,OTHERS,2069.1655944163067,635.3180539690351,PIT
315967857.6712812,00000000-0000-0000-0000-000000009726,OTHERS,2032.0599474885519,607.65662441458,PIT
315967857.6712812,00000000-0000-0000-0000-000000009813,OTHERS,1991.1930130273795,568.4510053157303,PIT
315967857.6712812,00000000-0000-0000-0000-000000009807,OTHERS,1951.2587504749067,542.1094054801123,PIT
315967857.6712812,00000000-0000-0000-0000-000000009798,OTHERS,2051.5594522878273,618.5216015550833,PIT
315967857.77699417,00000000-0000-0000-0000-000000000000,AV,2031.581677754112,610.8911573323152,PIT
315967857.77699417,00000000-0000-0000-0000-000000009489,OTHERS,2051.872243726797,626.0126055436023,PIT
315967857.77699417,00000000-0000-0000-0000-000000009772,AGENT,1989.761557117467,577.7021143233917,PIT
315967857.77699417,00000000-0000-0000-0000-000000009795,OTHERS,2045.802471941385,618.0306977939773,PIT
315967857.77699417,00000000-0000-0000-0000-000000009798,OTHERS,2052.7425181419944,619.2029748436054,PIT
315967857.77699417,00000000-0000-0000-0000-000000009807,OTHERS,1951.258750466244,542.1094054738164,PIT
315967857.77699417,00000000-0000-0000-0000-000000009726,OTHERS,2030.8502727120444,606.7637143104778,PIT
315967857.77699417,00000000-0000-0000-0000-000000009813,OTHERS,1992.2337327907328,569.8825497914413,PIT
315967857.77699417,00000000-0000-0000-0000-000000009776,OTHERS,2064.7562117608936,625.0224271043464,PIT
315967857.77699417,00000000-0000-0000-0000-000000009805,OTHERS,2068.2791194915167,634.7108050861561,PIT
315967857.87353706,00000000-0000-0000-0000-000000000000,AV,2030.828424555212,610.3347434075854,PIT
315967857.87353706,00000000-0000-0000-0000-000000009489,OTHERS,2050.993554702882,625.3745991135579,PIT
315967857.87353706,00000000-0000-0000-0000-000000009772,AGENT,1989.1017820617471,577.2624480260016,PIT
315967857.87353706,00000000-0000-0000-0000-000000009795,OTHERS,2044.227713670351,616.8761458213359,PIT
315967857.87353706,00000000-0000-0000-0000-000000009798,OTHERS,2054.0157258194463,619.8175043192972,PIT
315967857.87353706,00000000-0000-0000-0000-000000009726,OTHERS,2029.393047338428,605.6299933649087,PIT
315967857.87353706,00000000-0000-0000-0000-000000009813,OTHERS,1994.3428971865146,570.9869373365647,PIT
315967857.87353706,00000000-0000-0000-0000-000000009776,OTHERS,2064.756211752288,625.0224270979746,PIT
315967857.87353706,00000000-0000-0000-0000-000000009805,OTHERS,2067.137273050384,633.7426890116135,PIT
315967857.87353706,00000000-0000-0000-0000-000000009807,OTHERS,1951.258750457584,542.1094054675202,PIT
315967857.97802705,00000000-0000-0000-0000-000000000000,AV,2029.9116726150985,609.6486880552447,PIT
315967857.97802705,00000000-0000-0000-0000-000000009489,OTHERS,2050.133680629245,624.7188203216779,PIT
315967857.97802705,00000000-0000-0000-0000-000000009795,OTHERS,2042.7552193673666,615.7456643327886,PIT
315967857.97802705,00000000-0000-0000-0000-000000009798,OTHERS,2054.015725810849,619.8175043129478,PIT
315967857.97802705,00000000-0000-0000-0000-000000009807,OTHERS,1951.2587504489209,542.1094054612253,PIT
315967857.97802705,00000000-0000-0000-0000-000000009726,OTHERS,2028.082042977844,604.665178709665,PIT
315967857.97802705,00000000-0000-0000-0000-000000009813,OTHERS,1995.4798686780482,572.1869601927579,PIT
315967857.97802705,00000000-0000-0000-0000-000000009772,AGENT,1988.5006161910544,576.789087653896,PIT
315967857.97802705,00000000-0000-0000-0000-000000009776,OTHERS,2064.756211743681,625.0224270916042,PIT
315967857.97802705,00000000-0000-0000-0000-000000009805,OTHERS,2065.6855033591273,632.7015413388614,PIT
315967858.069107,00000000-0000-0000-0000-000000000000,AV,2029.1622350705688,609.0957202688048,PIT
315967858.069107,00000000-0000-0000-0000-000000009489,OTHERS,2049.587924485372,624.3530459101557,PIT
315967858.069107,00000000-0000-0000-0000-000000009795,OTHERS,2041.331647733288,614.6545989648756,PIT
315967858.069107,00000000-0000-0000-0000-000000009798,OTHERS,2056.733122129978,622.4091034970029,PIT
315967858.069107,00000000-0000-0000-0000-000000009772,AGENT,1987.7676400389264,576.337695109782,PIT
315967858.069107,00000000-0000-0000-0000-000000009805,OTHERS,2064.399474468595,631.7600705262465,PIT
315967858.069107,00000000-0000-0000-0000-000000009726,OTHERS,2026.7049200826505,603.6412152537354,PIT
315967858.069107,00000000-0000-0000-0000-000000009813,OTHERS,1996.8730975573126,573.3276883468227,PIT
315967858.169725,00000000-0000-0000-0000-000000000000,AV,2028.25100910286,608.4162822918855,PIT
315967858.169725,00000000-0000-0000-0000-000000009489,OTHERS,2048.576051716484,623.6879737003762,PIT
315967858.169725,00000000-0000-0000-0000-000000009795,OTHERS,2039.8014166479638,613.4819685018739,PIT
315967858.169725,00000000-0000-0000-0000-000000009798,OTHERS,2057.9240686890757,623.0161752912524,PIT
315967858.169725,00000000-0000-0000-0000-000000009805,OTHERS,2063.07239209924,630.7370293435099,PIT
315967858.169725,00000000-0000-0000-0000-000000009772,AGENT,1987.0941880788848,575.6898609969231,PIT
315967858.169725,00000000-0000-0000-0000-000000009726,OTHERS,2025.3331527452613,602.5939499035929,PIT
315967858.169725,00000000-0000-0000-0000-000000009813,OTHERS,1998.7700677999371,574.5897217745401,PIT
315967858.27007097,00000000-0000-0000-0000-000000000000,AV,2027.4191473483227,607.8018774577549,PIT
315967858.27007097,00000000-0000-0000-0000-000000009489,OTHERS,2047.6908725817905,623.0072105214998,PIT
315967858.27007097,00000000-0000-0000-0000-000000009795,OTHERS,2038.3457388759693,612.3631532616986,PIT
315967858.27007097,00000000-0000-0000-0000-000000009798,OTHERS,2059.122196213376,624.3752146060623,PIT
315967858.27007097,00000000-0000-0000-0000-000000009805,OTHERS,2061.8905089788395,629.809365733551,PIT
315967858.27007097,00000000-0000-0000-0000-000000009772,AGENT,1986.4129372850712,575.1846883794151,PIT
315967858.27007097,00000000-0000-0000-0000-000000009726,OTHERS,2023.9686402424506,601.5630362539306,PIT
315967858.27007097,00000000-0000-0000-0000-000000009813,OTHERS,2000.1633736560345,575.7428761521768,PIT
315967858.37233186,00000000-0000-0000-0000-000000000000,AV,2026.5092322664184,607.1220992422219,PIT
315967858.37233186,00000000-0000-0000-0000-000000009489,OTHERS,2046.5174451807904,622.0067030408549,PIT
315967858.37233186,00000000-0000-0000-0000-000000009772,AGENT,1985.801843725117,574.4412015538278,PIT
315967858.37233186,00000000-0000-0000-0000-000000009795,OTHERS,2036.8493251579964,611.2008697574549,PIT
315967858.37233186,00000000-0000-0000-0000-000000009805,OTHERS,2061.5052574199567,629.4305790926512,PIT
315967858.37233186,00000000-0000-0000-0000-000000009726,OTHERS,2022.5959292684613,600.5309858992773,PIT
315967858.37233186,00000000-0000-0000-0000-000000009813,OTHERS,2001.467473368174,576.9001469669593,PIT
315967858.37233186,00000000-0000-0000-0000-000000009798,OTHERS,2060.8219705950382,625.5140021204293,PIT
315967858.4727828,00000000-0000-0000-0000-000000000000,AV,2025.6794983742247,606.5048235156559,PIT
315967858.4727828,00000000-0000-0000-0000-000000009489,OTHERS,2045.5769224700146,621.362330093545,PIT
315967858.4727828,00000000-0000-0000-0000-000000009831,OTHERS,2060.660304298713,629.0311117789771,PIT
315967858.4727828,00000000-0000-0000-0000-000000009772,AGENT,1984.8108729291541,573.6808016633959,PIT
315967858.4727828,00000000-0000-0000-0000-000000009830,OTHERS,1984.1027007916773,566.0486344089172,PIT
315967858.4727828,00000000-0000-0000-0000-000000009798,OTHERS,2062.024024955901,626.323285185408,PIT
315967858.4727828,00000000-0000-0000-0000-000000009805,OTHERS,2059.3508672615035,627.901161211727,PIT
315967858.4727828,00000000-0000-0000-0000-000000009813,OTHERS,2002.5592925429198,578.3531624052232,PIT
315967858.4727828,00000000-0000-0000-0000-000000009726,OTHERS,2021.3161443506824,599.6228602694651,PIT
315967858.4727828,00000000-0000-0000-0000-000000009795,OTHERS,2035.3605020975594,610.0465182650505,PIT
315967858.5723517,00000000-0000-0000-0000-000000000000,AV,2024.85428167432,605.8906810519999,PIT
315967858.5723517,00000000-0000-0000-0000-000000009489,OTHERS,2044.7143552176958,620.6788708130005,PIT
315967858.5723517,00000000-0000-0000-0000-000000009795,OTHERS,2033.931189440304,608.9255135661298,PIT
315967858.5723517,00000000-0000-0000-0000-000000009726,OTHERS,2019.9640993772198,598.6095744290727,PIT
315967858.5723517,00000000-0000-0000-0000-000000009813,OTHERS,2002.6599497851223,578.5957144033442,PIT
315967858.5723517,00000000-0000-0000-0000-000000009805,OTHERS,2058.7485277942833,627.4536839665126,PIT
315967858.5723517,00000000-0000-0000-0000-000000009798,OTHERS,2063.143732465808,627.2199477823965,PIT
315967858.5723517,00000000-0000-0000-0000-000000009830,OTHERS,1985.6106600067906,567.2597074372883,PIT
315967858.5723517,00000000-0000-0000-0000-000000009772,AGENT,1983.9413432303168,573.0566310864876,PIT
315967858.67261755,00000000-0000-0000-0000-000000000000,AV,2024.0260204830083,605.2781401526149,PIT
315967858.67261755,00000000-0000-0000-0000-000000009489,OTHERS,2044.1982244475146,620.388158504447,PIT
315967858.67261755,00000000-0000-0000-0000-000000009772,AGENT,1983.4876308581988,572.8057980135269,PIT
315967858.67261755,00000000-0000-0000-0000-000000009830,OTHERS,1986.077992285466,568.1497243548879,PIT
315967858.67261755,00000000-0000-0000-0000-000000009798,OTHERS,2064.5786657999074,628.2381668579677,PIT
315967858.67261755,00000000-0000-0000-0000-000000009805,OTHERS,2057.268998473446,626.3704168992635,PIT
315967858.67261755,00000000-0000-0000-0000-000000009813,OTHERS,2002.6599497766845,578.5957143969937,PIT
315967858.67261755,00000000-0000-0000-0000-000000009726,OTHERS,2018.613287281128,597.5825430667406,PIT
315967858.67261755,00000000-0000-0000-0000-000000009795,OTHERS,2032.4847139162848,607.8384157677866,PIT
315967858.7734121,00000000-0000-0000-0000-000000000000,AV,2023.122905418772,604.6023148938012,PIT
315967858.7734121,00000000-0000-0000-0000-000000009489,OTHERS,2043.1528527125988,619.6790501643691,PIT
315967858.7734121,00000000-0000-0000-0000-000000009795,OTHERS,2031.210994124821,606.8722155968043,PIT
315967858.7734121,00000000-0000-0000-0000-000000009726,OTHERS,2017.2807543467875,596.5469800845124,PIT
315967858.7734121,00000000-0000-0000-0000-000000009813,OTHERS,2002.659949768247,578.5957143906426,PIT
315967858.7734121,00000000-0000-0000-0000-000000009805,OTHERS,2055.826086588303,625.2460602172881,PIT
315967858.7734121,00000000-0000-0000-0000-000000009798,OTHERS,2065.751332120241,629.2760984729413,PIT
315967858.7734121,00000000-0000-0000-0000-000000009830,OTHERS,1987.8622026251505,569.1465047422338,PIT
315967858.7734121,00000000-0000-0000-0000-000000009772,AGENT,1982.750381425813,572.1607637725907,PIT
