TIMESTAMP,TRACK_ID,OBJECT_TYPE,X,Y,CITY_NAME
315969723.8211669,00000000-0000-0000-0000-000000000000,AV,253.12954033455605,1086.631052812588,MIA
315969723.8211669,00000000-0000-0000-0000-000000012716,OTHERS,252.52375686743787,1068.4255412722503,MIA
315969723.8211669,00000000-0000-0000-0000-000000015108,OTHERS,246.8587532032612,1093.4284808798327,MIA
315969723.8211669,00000000-0000-0000-0000-000000015013,OTHERS,257.4264109802019,1119.7399650862974,MIA
315969723.8211669,00000000-0000-0000-0000-000000014950,AGENT,255.62355087204816,1090.4433742137824,MIA
315969723.8211669,00000000-0000-0000-0000-000000015126,OTHERS,258.93850449183134,1104.748000704395,MIA
315969723.8211669,00000000-0000-0000-0000-000000015070,OTHERS,257.9711061138658,1108.3387096972785,MIA
315969723.8211669,00000000-0000-0000-0000-000000015127,OTHERS,250.14424581327805,988.4228380603466,MIA
315969723.8211669,00000000-0000-0000-0000-000000015081,OTHERS,258.32835621638907,1103.3794828421876,MIA
315969723.8211669,00000000-0000-0000-0000-000000015118,OTHERS,258.22679470025065,1098.3173796653782,MIA
315969723.8211669,00000000-0000-0000-0000-000000015036,OTHERS,259.0651824010831,1100.9072872245245,MIA
315969723.8211669,00000000-0000-0000-0000-000000015006,OTHERS,246.1328784183147,1114.8724254045642,MIA
315969723.8211669,00000000-0000-0000-0000-000000014988,OTHERS,252.1073987935249,1114.8195065646194,MIA
315969723.8211669,00000000-0000-0000-0000-000000015069,OTHERS,257.6831587230424,1113.9544391574761,MIA
315969723.8211669,00000000-0000-0000-0000-000000014938,OTHERS,252.83482463270215,1020.5524092831912,MIA
315969723.97952336,00000000-0000-0000-0000-000000000000,AV,253.20407478104624,1084.8397910021063,MIA
315969723.97952336,00000000-0000-0000-0000-000000012716,OTHERS,252.72614672601355,1065.8127736069064,MIA
315969723.97952336,00000000-0000-0000-0000-000000014938,OTHERS,252.83482463270215,1020.5524092831912,MIA
315969723.97952336,00000000-0000-0000-0000-000000014950,AGENT,255.6896919009831,1087.7745519706425,MIA
315969723.97952336,00000000-0000-0000-0000-000000015013,OTHERS,257.2752934057124,1119.2717662746863,MIA
315969723.97952336,00000000-0000-0000-0000-000000015126,OTHERS,258.87485612331045,1104.7378890499324,MIA
315969723.97952336,00000000-0000-0000-0000-000000014988,OTHERS,252.15510004249413,1112.2179112536676,MIA
315969723.97952336,00000000-0000-0000-0000-000000015070,OTHERS,257.8907106000084,1108.3439211072607,MIA
315969723.97952336,00000000-0000-0000-0000-000000015108,OTHERS,246.839274587912,1093.3589594722266,MIA
315969723.97952336,00000000-0000-0000-0000-000000015127,OTHERS,250.14424581327805,988.4228380603466,MIA
315969723.97952336,00000000-0000-0000-0000-000000015081,OTHERS,258.2732764745493,1103.383454320504,MIA
315969723.97952336,00000000-0000-0000-0000-000000015118,OTHERS,258.4609277792698,1099.0252005545938,MIA
315969723.97952336,00000000-0000-0000-0000-000000015036,OTHERS,258.85153843498887,1104.7236406004722,MIA
315969723.97952336,00000000-0000-0000-0000-000000015006,OTHERS,246.12235189380482,1114.671548847794,MIA
315969723.97952336,00000000-0000-0000-0000-000000015069,OTHERS,257.6344100813306,1113.9667652715882,MIA
315969724.1016623,00000000-0000-0000-0000-000000000000,AV,253.2652189139796,1083.4280422204054,MIA
315969724.1016623,00000000-0000-0000-0000-000000012716,OTHERS,252.8586175834507,1064.357878101952,MIA
315969724.1016623,00000000-0000-0000-0000-000000014950,AGENT,255.76503719150418,1086.5143780219591,MIA
315969724.1016623,00000000-0000-0000-0000-000000015013,OTHERS,257.2218370480166,1119.2552552697982,MIA
315969724.1016623,00000000-0000-0000-0000-000000015126,OTHERS,258.24374561162375,1103.3491519747718,MIA
315969724.1016623,00000000-0000-0000-0000-000000014988,OTHERS,252.1870632589176,1110.927079270303,MIA
315969724.1016623,00000000-0000-0000-0000-000000015070,OTHERS,257.86956500122034,1108.347900338562,MIA
315969724.1016623,00000000-0000-0000-0000-000000015108,OTHERS,246.92423640207528,1093.086101716224,MIA
315969724.1016623,00000000-0000-0000-0000-000000015127,OTHERS,250.14424581327805,988.4228380603466,MIA
315969724.1016623,00000000-0000-0000-0000-000000015081,OTHERS,258.99666187041765,1100.766149570361,MIA
315969724.1016623,00000000-0000-0000-0000-000000015118,OTHERS,258.1845784983498,1098.3173669840512,MIA
315969724.1016623,00000000-0000-0000-0000-000000015036,OTHERS,258.8635856112162,1104.6747730946606,MIA
315969724.1016623,00000000-0000-0000-0000-000000015006,OTHERS,246.0734090901617,1114.9528814005805,MIA
315969724.1016623,00000000-0000-0000-0000-000000015069,OTHERS,257.63395773727194,1113.653641812116,MIA
315969724.23152006,00000000-0000-0000-0000-000000000000,AV,253.32504217722146,1082.0061470105504,MIA
315969724.23152006,00000000-0000-0000-0000-000000012716,OTHERS,253.06602589164848,1061.9770932041486,MIA
315969724.23152006,00000000-0000-0000-0000-000000014950,AGENT,255.8485205146904,1084.0153243045554,MIA
315969724.23152006,00000000-0000-0000-0000-000000015069,OTHERS,257.70682823668216,1113.5047851942295,MIA
315969724.23152006,00000000-0000-0000-0000-000000015070,OTHERS,257.8272683513523,1108.3513722333234,MIA
315969724.23152006,00000000-0000-0000-0000-000000015013,OTHERS,257.1478670356309,1119.0873552557973,MIA
315969724.23152006,00000000-0000-0000-0000-000000015126,OTHERS,258.7857876119392,1104.7044698689197,MIA
315969724.23152006,00000000-0000-0000-0000-000000015130,OTHERS,271.265030821846,1084.8621776833463,MIA
315969724.23152006,00000000-0000-0000-0000-000000015006,OTHERS,246.32381503994046,1114.131513775728,MIA
315969724.23152006,00000000-0000-0000-0000-000000014988,OTHERS,252.2377025632205,1108.4055851801595,MIA
315969724.23152006,00000000-0000-0000-0000-000000015108,OTHERS,246.90733089252862,1093.0980734422446,MIA
315969724.23152006,00000000-0000-0000-0000-000000015081,OTHERS,258.26072683699664,1103.526718194009,MIA
315969724.23152006,00000000-0000-0000-0000-000000015131,OTHERS,270.2227992717485,1084.822689730047,MIA
315969724.23152006,00000000-0000-0000-0000-000000015118,OTHERS,258.4494472177359,1099.0454345659202,MIA
315969724.23152006,00000000-0000-0000-0000-000000015036,OTHERS,259.0112436842998,1100.7072495709442,MIA
315969724.36111367,00000000-0000-0000-0000-000000000000,AV,253.3858841364477,1080.5826857291106,MIA
315969724.36111367,00000000-0000-0000-0000-000000012716,OTHERS,253.14733918571568,1060.6927011486287,MIA
315969724.36111367,00000000-0000-0000-0000-000000014950,AGENT,255.88239448662483,1082.6314705038437,MIA
315969724.36111367,00000000-0000-0000-0000-000000015069,OTHERS,257.3755370561165,1112.8049259349032,MIA
315969724.36111367,00000000-0000-0000-0000-000000015070,OTHERS,257.78872246989744,1108.2597852315714,MIA
315969724.36111367,00000000-0000-0000-0000-000000015013,OTHERS,257.2904674445997,1119.0361816796058,MIA
315969724.36111367,00000000-0000-0000-0000-000000015126,OTHERS,258.78578761246894,1104.7044698578216,MIA
315969724.36111367,00000000-0000-0000-0000-000000014988,OTHERS,252.26769073498247,1107.1834435651324,MIA
315969724.36111367,00000000-0000-0000-0000-000000015006,OTHERS,246.4206041023001,1114.1004591737253,MIA
315969724.36111367,00000000-0000-0000-0000-000000015108,OTHERS,246.8647831580932,1093.0517823925843,MIA
315969724.36111367,00000000-0000-0000-0000-000000015081,OTHERS,258.2073581983361,1103.5179008019445,MIA
315969724.36111367,00000000-0000-0000-0000-000000015118,OTHERS,258.20662437107103,1098.3207872171358,MIA
315969724.36111367,00000000-0000-0000-0000-000000015036,OTHERS,259.02030373128997,1100.7388911795342,MIA
315969724.5040679,00000000-0000-0000-0000-000000000000,AV,253.4556349761664,1078.9321943453278,MIA
315969724.5040679,00000000-0000-0000-0000-000000012716,OTHERS,253.29484711198376,1059.393493076127,MIA
315969724.5040679,00000000-0000-0000-0000-000000014950,AGENT,255.95098891153262,1081.3460898340188,MIA
315969724.5040679,00000000-0000-0000-0000-000000015069,OTHERS,257.68183555266916,1113.3089682011305,MIA
315969724.5040679,00000000-0000-0000-0000-000000014988,OTHERS,252.35209968688724,1105.9542719257684,MIA
315969724.5040679,00000000-0000-0000-0000-000000015013,OTHERS,257.2904674454195,1119.0361816684551,MIA
315969724.5040679,00000000-0000-0000-0000-000000015126,OTHERS,258.7857876129986,1104.7044698467234,MIA
315969724.5040679,00000000-0000-0000-0000-000000015070,OTHERS,257.75141852952754,1108.211197944442,MIA
315969724.5040679,00000000-0000-0000-0000-000000015006,OTHERS,246.43720481406933,1113.971309736074,MIA
315969724.5040679,00000000-0000-0000-0000-000000015108,OTHERS,246.79426670713212,1093.2954201242503,MIA
315969724.5040679,00000000-0000-0000-0000-000000015081,OTHERS,259.0328733873812,1100.7878983961946,MIA
315969724.5040679,00000000-0000-0000-0000-000000015118,OTHERS,258.2022799808242,1098.3129011652588,MIA
315969724.5040679,00000000-0000-0000-0000-000000015036,OTHERS,258.20418397896265,1103.5055724194822,MIA
315969724.62956023,00000000-0000-0000-0000-000000000000,AV,253.51636622790016,1077.501087345786,MIA
315969724.62956023,00000000-0000-0000-0000-000000012716,OTHERS,253.49247100597256,1056.8939934785287,MIA
315969724.62956023,00000000-0000-0000-0000-000000014950,AGENT,256.0505162352539,1078.7257780790562,MIA
315969724.62956023,00000000-0000-0000-0000-000000014988,OTHERS,252.37709203687282,1103.3109287617783,MIA
315969724.62956023,00000000-0000-0000-0000-000000015013,OTHERS,257.29046744705863,1119.036181646154,MIA
315969724.62956023,00000000-0000-0000-0000-000000015124,OTHERS,262.3160394039736,1035.974656403412,MIA
315969724.62956023,00000000-0000-0000-0000-000000015138,OTHERS,246.24457095613357,1110.8923525271746,MIA
315969724.62956023,00000000-0000-0000-0000-000000015069,OTHERS,257.3735277040816,1112.9637950254755,MIA
315969724.62956023,00000000-0000-0000-0000-000000015070,OTHERS,257.74775848573694,1108.072024853408,MIA
315969724.62956023,00000000-0000-0000-0000-000000015081,OTHERS,259.0126112491043,1100.7732344398653,MIA
315969724.62956023,00000000-0000-0000-0000-000000015006,OTHERS,246.54559715936284,1117.619146280489,MIA
315969724.62956023,00000000-0000-0000-0000-000000015036,OTHERS,258.1503079676789,1103.2784221027864,MIA
315969724.62956023,00000000-0000-0000-0000-000000015118,OTHERS,258.1828842760483,1098.1984304187338,MIA
315969724.62956023,00000000-0000-0000-0000-000000015108,OTHERS,246.8599659345762,1093.0325565426483,MIA
315969724.75470454,00000000-0000-0000-0000-000000000000,AV,253.5766666197633,1076.0552893755673,MIA
315969724.75470454,00000000-0000-0000-0000-000000012716,OTHERS,253.60052996036407,1055.673288268894,MIA
315969724.75470454,00000000-0000-0000-0000-000000014950,AGENT,256.1145870485971,1077.4767487117135,MIA
315969724.75470454,00000000-0000-0000-0000-000000014988,OTHERS,252.43366041415428,1101.9626018155325,MIA
315969724.75470454,00000000-0000-0000-0000-000000015006,OTHERS,246.5606736628733,1117.686181136857,MIA
315969724.75470454,00000000-0000-0000-0000-000000015133,OTHERS,224.08546970223733,1030.9276307363448,MIA
315969724.75470454,00000000-0000-0000-0000-000000015124,OTHERS,262.16239566164796,1036.2832949420906,MIA
315969724.75470454,00000000-0000-0000-0000-000000015069,OTHERS,257.2760887648932,1112.664837793891,MIA
315969724.75470454,00000000-0000-0000-0000-000000015081,OTHERS,259.0092094836556,1100.7353810190582,MIA
315969724.75470454,00000000-0000-0000-0000-000000015138,OTHERS,246.1754444273886,1110.8233698322383,MIA
315969724.75470454,00000000-0000-0000-0000-000000015070,OTHERS,257.71685991385516,1108.062465978348,MIA
315969724.75470454,00000000-0000-0000-0000-000000015036,OTHERS,258.10432824457365,1103.3274725366364,MIA
315969724.75470454,00000000-0000-0000-0000-000000015118,OTHERS,258.1934184767915,1098.1522000189211,MIA
315969724.75470454,00000000-0000-0000-0000-000000015108,OTHERS,246.90783156029843,1093.0725136755348,MIA
315969724.8801898,00000000-0000-0000-0000-000000000000,AV,253.63630123647468,1074.6174184497984,MIA
315969724.8801898,00000000-0000-0000-0000-000000012716,OTHERS,253.72781724421253,1054.379567714481,MIA
315969724.8801898,00000000-0000-0000-0000-000000014950,AGENT,256.17104285329043,1076.2148097451936,MIA
315969724.8801898,00000000-0000-0000-0000-000000015069,OTHERS,257.31767079293195,1112.5667785368878,MIA
315969724.8801898,00000000-0000-0000-0000-000000014988,OTHERS,252.47697409668828,1100.7349385457042,MIA
315969724.8801898,00000000-0000-0000-0000-000000015006,OTHERS,246.65619322957556,1117.685088452646,MIA
315969724.8801898,00000000-0000-0000-0000-000000015124,OTHERS,262.16239566164796,1036.2832949420906,MIA
315969724.8801898,00000000-0000-0000-0000-000000015081,OTHERS,259.0285386817982,1100.7110236213894,MIA
315969724.8801898,00000000-0000-0000-0000-000000015070,OTHERS,257.7195488405526,1108.0283667570534,MIA
315969724.8801898,00000000-0000-0000-0000-000000015133,OTHERS,222.40956141473163,1031.0657749686577,MIA
315969724.8801898,00000000-0000-0000-0000-000000015138,OTHERS,246.14665972561386,1110.936315227441,MIA
315969724.8801898,00000000-0000-0000-0000-000000015036,OTHERS,258.0150851507176,1103.4008467780723,MIA
315969724.8801898,00000000-0000-0000-0000-000000015118,OTHERS,258.1419262937595,1098.0276492233227,MIA
315969724.8801898,00000000-0000-0000-0000-000000015108,OTHERS,246.8852372337094,1093.0194631222596,MIA
315969725.040816,00000000-0000-0000-0000-000000000000,AV,253.71017215126517,1072.828318690701,MIA
315969725.040816,00000000-0000-0000-0000-000000014950,AGENT,256.2706571394645,1073.8260508041276,MIA
315969725.040816,00000000-0000-0000-0000-000000015069,OTHERS,257.3176707939576,1112.5667785143396,MIA
315969725.040816,00000000-0000-0000-0000-000000014988,OTHERS,252.57099273173745,1098.1721148198562,MIA
315969725.040816,00000000-0000-0000-0000-000000015006,OTHERS,246.07989793443332,1118.1609731226697,MIA
315969725.040816,00000000-0000-0000-0000-000000015133,OTHERS,222.40956141473163,1031.0657749686577,MIA
315969725.040816,00000000-0000-0000-0000-000000015070,OTHERS,257.7351090592358,1108.1412754227345,MIA
315969725.040816,00000000-0000-0000-0000-000000012716,OTHERS,253.9130712027297,1051.8516654176137,MIA
315969725.040816,00000000-0000-0000-0000-000000015081,OTHERS,258.9816732810543,1100.7704119135547,MIA
315969725.040816,00000000-0000-0000-0000-000000015142,OTHERS,223.2778323409604,1031.1023752909607,MIA
315969725.040816,00000000-0000-0000-0000-000000015124,OTHERS,262.06413707455084,1036.7671251611573,MIA
315969725.040816,00000000-0000-0000-0000-000000015138,OTHERS,246.21776629019402,1110.727735501248,MIA
315969725.040816,00000000-0000-0000-0000-000000015036,OTHERS,257.9776465110402,1103.2837757554678,MIA
315969725.040816,00000000-0000-0000-0000-000000015118,OTHERS,258.14080891038054,1098.0051956506607,MIA
315969725.040816,00000000-0000-0000-0000-000000015108,OTHERS,246.87176218646286,1093.024098303043,MIA
315969725.1869441,00000000-0000-0000-0000-000000000000,AV,253.77675822976624,1071.149376392263,MIA
315969725.1869441,00000000-0000-0000-0000-000000014950,AGENT,256.22145219185524,1072.7661445711242,MIA
315969725.1869441,00000000-0000-0000-0000-000000015069,OTHERS,257.31767079447064,1112.5667785030657,MIA
315969725.1869441,00000000-0000-0000-0000-000000014988,OTHERS,252.62372172067435,1097.1807560635013,MIA
315969725.1869441,00000000-0000-0000-0000-000000015006,OTHERS,246.52060399794047,1110.837084429416,MIA
315969725.1869441,00000000-0000-0000-0000-000000015133,OTHERS,222.40956141473163,1031.0657749686577,MIA
315969725.1869441,00000000-0000-0000-0000-000000015070,OTHERS,257.7020317314349,1108.0088687847,MIA
315969725.1869441,00000000-0000-0000-0000-000000012716,OTHERS,253.9368815578564,1050.455594364576,MIA
315969725.1869441,00000000-0000-0000-0000-000000015081,OTHERS,257.8362237954837,1103.3643045971526,MIA
315969725.1869441,00000000-0000-0000-0000-000000015142,OTHERS,223.2778323409604,1031.1023752909607,MIA
315969725.1869441,00000000-0000-0000-0000-000000015124,OTHERS,262.06413707455084,1036.7671251611573,MIA
315969725.1869441,00000000-0000-0000-0000-000000015036,OTHERS,259.0268687191283,1100.783442084938,MIA
315969725.1869441,00000000-0000-0000-0000-000000015118,OTHERS,258.1146798445193,1098.0282405770386,MIA
315969725.1869441,00000000-0000-0000-0000-000000015108,OTHERS,246.86400066420484,1093.0180989421908,MIA
315969725.33383363,00000000-0000-0000-0000-000000000000,AV,253.8452258512801,1069.4760896236814,MIA
315969725.33383363,00000000-0000-0000-0000-000000012716,OTHERS,254.16282682801983,1047.839105305282,MIA
315969725.33383363,00000000-0000-0000-0000-000000014950,AGENT,256.33049846573306,1070.2867003424356,MIA
315969725.33383363,00000000-0000-0000-0000-000000014988,OTHERS,252.7449010482753,1094.4234659760775,MIA
315969725.33383363,00000000-0000-0000-0000-000000015006,OTHERS,246.30061330075503,1117.8560940654042,MIA
315969725.33383363,00000000-0000-0000-0000-000000015081,OTHERS,257.95425844758597,1103.7161893842308,MIA
315969725.33383363,00000000-0000-0000-0000-000000015124,OTHERS,262.06619726810294,1037.70546341771,MIA
315969725.33383363,00000000-0000-0000-0000-000000015036,OTHERS,259.0114140356766,1100.7795052361535,MIA
315969725.33383363,00000000-0000-0000-0000-000000015118,OTHERS,258.1945471298797,1097.9552149534566,MIA
315969725.33383363,00000000-0000-0000-0000-000000015152,OTHERS,246.52612159082747,1110.8461605887014,MIA
315969725.33383363,00000000-0000-0000-0000-000000015108,OTHERS,246.8749934299918,1093.0385646010477,MIA
315969725.33383363,00000000-0000-0000-0000-000000015070,OTHERS,257.4710228322847,1106.9660372501403,MIA
315969725.4958405,00000000-0000-0000-0000-000000000000,AV,253.92197089502582,1067.5841368353501,MIA
315969725.4958405,00000000-0000-0000-0000-000000012716,OTHERS,254.29620052207508,1046.766487179672,MIA
315969725.4958405,00000000-0000-0000-0000-000000014950,AGENT,256.40391567694365,1069.0038884495475,MIA
315969725.4958405,00000000-0000-0000-0000-000000014988,OTHERS,252.72958821382838,1093.0840546440606,MIA
315969725.4958405,00000000-0000-0000-0000-000000015006,OTHERS,246.33384775244733,1110.7856232654613,MIA
315969725.4958405,00000000-0000-0000-0000-000000015081,OTHERS,259.1236471463088,1100.741418350382,MIA
315969725.4958405,00000000-0000-0000-0000-000000015124,OTHERS,262.0761472946559,1037.8449362056833,MIA
315969725.4958405,00000000-0000-0000-0000-000000015036,OTHERS,258.11356496196123,1103.2669873450204,MIA
315969725.4958405,00000000-0000-0000-0000-000000015118,OTHERS,258.10354023619146,1097.864816954363,MIA
315969725.4958405,00000000-0000-0000-0000-000000015108,OTHERS,246.97776485172628,1092.95656795766,MIA
315969725.4958405,00000000-0000-0000-0000-000000015070,OTHERS,257.58147741855043,1107.3443152227007,MIA
315969725.6417995,00000000-0000-0000-0000-000000000000,AV,253.98928805955853,1065.9116440818216,MIA
315969725.6417995,00000000-0000-0000-0000-000000012716,OTHERS,254.4840150611023,1044.0292442079576,MIA
315969725.6417995,00000000-0000-0000-0000-000000014950,AGENT,256.5184526574845,1066.488278250944,MIA
315969725.6417995,00000000-0000-0000-0000-000000014988,OTHERS,252.85053496814479,1090.4822332357603,MIA
315969725.6417995,00000000-0000-0000-0000-000000015006,OTHERS,246.34527085269366,1110.9137865974499,MIA
315969725.6417995,00000000-0000-0000-0000-000000015145,OTHERS,250.28613947770057,988.3746585011418,MIA
315969725.6417995,00000000-0000-0000-0000-000000015081,OTHERS,257.92401049519384,1103.0676429474047,MIA
315969725.6417995,00000000-0000-0000-0000-000000015129,OTHERS,242.34432747016308,1019.2750768983318,MIA
315969725.6417995,00000000-0000-0000-0000-000000015124,OTHERS,262.1199571000732,1037.9526748645917,MIA
315969725.6417995,00000000-0000-0000-0000-000000015036,OTHERS,259.029690133825,1100.6942432082499,MIA
315969725.6417995,00000000-0000-0000-0000-000000015118,OTHERS,258.1271834023536,1097.7322784190978,MIA
315969725.6417995,00000000-0000-0000-0000-000000015108,OTHERS,246.91089138845382,1092.9146255678006,MIA
315969725.6417995,00000000-0000-0000-0000-000000015070,OTHERS,257.8151140595506,1107.7410102925764,MIA
315969725.7879161,00000000-0000-0000-0000-000000000000,AV,254.0542669515142,1064.2503798906919,MIA
315969725.7879161,00000000-0000-0000-0000-000000012716,OTHERS,254.57609917068473,1042.790963186396,MIA
315969725.7879161,00000000-0000-0000-0000-000000014950,AGENT,256.60319631164424,1065.1373225472953,MIA
315969725.7879161,00000000-0000-0000-0000-000000014988,OTHERS,252.93739894672368,1089.3082510659917,MIA
315969725.7879161,00000000-0000-0000-0000-000000015145,OTHERS,250.23060901848427,988.4281372083568,MIA
315969725.7879161,00000000-0000-0000-0000-000000015081,OTHERS,257.56544015409247,1106.873214938232,MIA
315969725.7879161,00000000-0000-0000-0000-000000015006,OTHERS,246.49431503481412,1110.9069481422428,MIA
315969725.7879161,00000000-0000-0000-0000-000000015129,OTHERS,242.34432747016308,1019.2750768983318,MIA
315969725.7879161,00000000-0000-0000-0000-000000015124,OTHERS,262.1199571000732,1037.9526748645917,MIA
315969725.7879161,00000000-0000-0000-0000-000000015108,OTHERS,246.88864432055425,1092.9488784343312,MIA
315969725.7879161,00000000-0000-0000-0000-000000015070,OTHERS,257.94095232839743,1108.663846451454,MIA
315969725.7879161,00000000-0000-0000-0000-000000015118,OTHERS,258.1834365064085,1097.6173516010588,MIA
315969725.7879161,00000000-0000-0000-0000-000000015036,OTHERS,259.05443503030557,1100.7232081979785,MIA
315969725.95038635,00000000-0000-0000-0000-000000000000,AV,254.12636484849983,1062.4757328944822,MIA
315969725.95038635,00000000-0000-0000-0000-000000012716,OTHERS,254.5362424092292,1040.7907979422362,MIA
315969725.95038635,00000000-0000-0000-0000-000000014950,AGENT,256.76238297784835,1062.4266105135862,MIA
315969725.95038635,00000000-0000-0000-0000-000000014988,OTHERS,252.99186320676682,1086.5544666041772,MIA
315969725.95038635,00000000-0000-0000-0000-000000015145,OTHERS,250.38423174880782,988.3185134018872,MIA
315969725.95038635,00000000-0000-0000-0000-000000015081,OTHERS,257.58491807291057,1106.701419835676,MIA
315969725.95038635,00000000-0000-0000-0000-000000015129,OTHERS,242.4799120523708,1019.6880630019748,MIA
315969725.95038635,00000000-0000-0000-0000-000000015006,OTHERS,246.27155932109784,1110.6283023121264,MIA
315969725.95038635,00000000-0000-0000-0000-000000015108,OTHERS,246.8511948173929,1092.7092621265906,MIA
315969725.95038635,00000000-0000-0000-0000-000000015070,OTHERS,257.95735419615164,1108.771083295501,MIA
315969725.95038635,00000000-0000-0000-0000-000000015118,OTHERS,258.2978507772163,1097.4686059744079,MIA
315969725.95038635,00000000-0000-0000-0000-000000015036,OTHERS,259.0367760698357,1100.694249025826,MIA
315969726.0983399,00000000-0000-0000-0000-000000000000,AV,254.1973204695712,1060.7022949841319,MIA
315969726.0983399,00000000-0000-0000-0000-000000012716,OTHERS,254.6211754715505,1039.5328363723577,MIA
315969726.0983399,00000000-0000-0000-0000-000000014950,AGENT,256.8125013802663,1061.190171271489,MIA
315969726.0983399,00000000-0000-0000-0000-000000014988,OTHERS,253.0469881587217,1085.3495713386862,MIA
315969726.0983399,00000000-0000-0000-0000-000000015145,OTHERS,250.37978447785224,988.4615479622763,MIA
315969726.0983399,00000000-0000-0000-0000-000000015081,OTHERS,257.58491807354176,1106.701419824339,MIA
315969726.0983399,00000000-0000-0000-0000-000000015129,OTHERS,242.48961697553244,1019.8088970240747,MIA
315969726.0983399,00000000-0000-0000-0000-000000015006,OTHERS,246.2044943177437,1110.7869786543365,MIA
315969726.0983399,00000000-0000-0000-0000-000000015108,OTHERS,246.8143024702285,1092.6630859797535,MIA
315969726.0983399,00000000-0000-0000-0000-000000015070,OTHERS,257.50073328818337,1106.832218309766,MIA
315969726.0983399,00000000-0000-0000-0000-000000015118,OTHERS,258.217607072795,1097.7070146830447,MIA
315969726.0983399,00000000-0000-0000-0000-000000015036,OTHERS,259.09635495977824,1100.7577734148376,MIA
315969726.2488885,00000000-0000-0000-0000-000000000000,AV,254.26570010878845,1059.043190836322,MIA
315969726.2488885,00000000-0000-0000-0000-000000012716,OTHERS,254.77521216124558,1036.911494572232,MIA
315969726.2488885,00000000-0000-0000-0000-000000014950,AGENT,256.9066976304032,1058.7801662420914,MIA
315969726.2488885,00000000-0000-0000-0000-000000015145,OTHERS,250.4461967562673,988.3427287071946,MIA
315969726.2488885,00000000-0000-0000-0000-000000015081,OTHERS,257.58491807480374,1106.701419801665,MIA
315969726.2488885,00000000-0000-0000-0000-000000015129,OTHERS,242.52213710319927,1020.1110041862579,MIA
315969726.2488885,00000000-0000-0000-0000-000000014988,OTHERS,253.1388482838304,1082.9475903966966,MIA
315969726.2488885,00000000-0000-0000-0000-000000015036,OTHERS,259.14474091080257,1100.8566869323897,MIA
315969726.2488885,00000000-0000-0000-0000-000000015118,OTHERS,258.3166684983738,1097.3692164754423,MIA
315969726.2488885,00000000-0000-0000-0000-000000015006,OTHERS,245.8669884956672,1110.7261225800278,MIA
315969726.2488885,00000000-0000-0000-0000-000000015108,OTHERS,246.83359780267153,1092.6102480880204,MIA
315969726.2488885,00000000-0000-0000-0000-000000015070,OTHERS,257.5193833338729,1106.7768834728622,MIA
315969726.40736765,00000000-0000-0000-0000-000000000000,AV,254.33884441296212,1057.2806520737354,MIA
315969726.40736765,00000000-0000-0000-0000-000000012716,OTHERS,254.82685934200248,1035.4665327524433,MIA
315969726.40736765,00000000-0000-0000-0000-000000014950,AGENT,256.9531980722081,1057.549975649607,MIA
315969726.40736765,00000000-0000-0000-0000-000000015145,OTHERS,250.2889284708726,988.4091864929628,MIA
315969726.40736765,00000000-0000-0000-0000-000000015129,OTHERS,242.65192759739662,1020.2508979401613,MIA
315969726.40736765,00000000-0000-0000-0000-000000014988,OTHERS,253.1947169956148,1081.6413532912218,MIA
315969726.40736765,00000000-0000-0000-0000-000000015036,OTHERS,259.00355859755933,1100.8071828071056,MIA
315969726.40736765,00000000-0000-0000-0000-000000015118,OTHERS,258.2441488577224,1097.4831022556768,MIA
315969726.40736765,00000000-0000-0000-0000-000000015006,OTHERS,245.8669884962909,1110.7261225687082,MIA
315969726.40736765,00000000-0000-0000-0000-000000015108,OTHERS,246.91317017245646,1092.6493684437055,MIA
315969726.40736765,00000000-0000-0000-0000-000000015070,OTHERS,257.5193833342849,1106.7768834615663,MIA
315969726.5561406,00000000-0000-0000-0000-000000000000,AV,254.41167617834518,1055.5223328715292,MIA
315969726.5561406,00000000-0000-0000-0000-000000012716,OTHERS,255.0243628546167,1032.627279487872,MIA
315969726.5561406,00000000-0000-0000-0000-000000015158,OTHERS,261.6085289382145,1038.353432364165,MIA
315969726.5561406,00000000-0000-0000-0000-000000015145,OTHERS,250.386213193794,988.4671415276248,MIA
315969726.5561406,00000000-0000-0000-0000-000000015157,OTHERS,262.10037584519785,1039.20404981126,MIA
315969726.5561406,00000000-0000-0000-0000-000000015006,OTHERS,245.8669884975372,1110.7261225460684,MIA
315969726.5561406,00000000-0000-0000-0000-000000015129,OTHERS,242.6475733198832,1020.4804309646487,MIA
315969726.5561406,00000000-0000-0000-0000-000000015161,OTHERS,242.1823317920417,1028.3235115123907,MIA
315969726.5561406,00000000-0000-0000-0000-000000014988,OTHERS,253.28829199947486,1079.1254019679297,MIA
315969726.5561406,00000000-0000-0000-0000-000000015036,OTHERS,259.13848609210544,1100.8209293005602,MIA
315969726.5561406,00000000-0000-0000-0000-000000015118,OTHERS,258.2125228432296,1097.202868645974,MIA
315969726.5561406,00000000-0000-0000-0000-000000015108,OTHERS,246.8722707433504,1092.481764248192,MIA
315969726.5561406,00000000-0000-0000-0000-000000014950,AGENT,257.0963538498204,1055.0732145989155,MIA
315969726.70320964,00000000-0000-0000-0000-000000000000,AV,254.47737877794805,1053.8647435575017,MIA
315969726.70320964,00000000-0000-0000-0000-000000012716,OTHERS,254.988377979308,1031.791718250398,MIA
315969726.70320964,00000000-0000-0000-0000-000000014950,AGENT,257.1569527966456,1053.8487740964224,MIA
315969726.70320964,00000000-0000-0000-0000-000000015108,OTHERS,246.8264883339132,1092.5703074190699,MIA
315969726.70320964,00000000-0000-0000-0000-000000015118,OTHERS,258.1666337042442,1097.0399570347074,MIA
315969726.70320964,00000000-0000-0000-0000-000000014988,OTHERS,253.3279636948916,1077.7688158627166,MIA
315969726.70320964,00000000-0000-0000-0000-000000015129,OTHERS,242.81197683911705,1020.6541546557892,MIA
315969726.70320964,00000000-0000-0000-0000-000000015145,OTHERS,250.33562297158667,988.4684005396573,MIA
315969726.70320964,00000000-0000-0000-0000-000000015158,OTHERS,261.6085289382145,1038.353432364165,MIA
315969726.70320964,00000000-0000-0000-0000-000000015036,OTHERS,259.21304697300167,1100.7033722447059,MIA
315969726.70320964,00000000-0000-0000-0000-000000015161,OTHERS,242.02073031385345,1028.3206283605384,MIA
315969726.70320964,00000000-0000-0000-0000-000000015157,OTHERS,262.10037584519785,1039.20404981126,MIA
315969726.86752707,00000000-0000-0000-0000-000000000000,AV,254.54690500297968,1052.1006879675606,MIA
315969726.86752707,00000000-0000-0000-0000-000000012716,OTHERS,255.13512693293399,1029.0751860664875,MIA
315969726.86752707,00000000-0000-0000-0000-000000014950,AGENT,257.307560890337,1051.4131955596893,MIA
315969726.86752707,00000000-0000-0000-0000-000000015036,OTHERS,259.13682857792196,1100.7087255732545,MIA
315969726.86752707,00000000-0000-0000-0000-000000015108,OTHERS,246.920631921388,1092.5407159258364,MIA
315969726.86752707,00000000-0000-0000-0000-000000015118,OTHERS,258.2394262666489,1097.1850599799125,MIA
315969726.86752707,00000000-0000-0000-0000-000000014988,OTHERS,253.33940060967103,1075.494149053175,MIA
315969726.86752707,00000000-0000-0000-0000-000000015129,OTHERS,242.84102282041957,1020.9795292878066,MIA
315969726.86752707,00000000-0000-0000-0000-000000015161,OTHERS,241.9115455822751,1028.273980558065,MIA
315969726.86752707,00000000-0000-0000-0000-000000015145,OTHERS,250.3314496964404,988.5714769408313,MIA
315969726.86752707,00000000-0000-0000-0000-000000015164,OTHERS,264.86660752292454,950.0300738709517,MIA
315969727.0145852,00000000-0000-0000-0000-000000000000,AV,254.61615249448826,1050.3268182667732,MIA
315969727.0145852,00000000-0000-0000-0000-000000015036,OTHERS,259.2646345068838,1100.6309340892253,MIA
315969727.0145852,00000000-0000-0000-0000-000000015108,OTHERS,246.87409790783641,1092.5224027660906,MIA
315969727.0145852,00000000-0000-0000-0000-000000015118,OTHERS,258.22002133793944,1097.133051335646,MIA
315969727.0145852,00000000-0000-0000-0000-000000014950,AGENT,257.4315162955519,1048.9825280718428,MIA
315969727.0145852,00000000-0000-0000-0000-000000015169,OTHERS,295.48428081838415,1023.5776818934204,MIA
315969727.0145852,00000000-0000-0000-0000-000000014988,OTHERS,253.4067533360117,1073.028979644784,MIA
315969727.0145852,00000000-0000-0000-0000-000000015129,OTHERS,242.880776488388,1021.2881994068224,MIA
315969727.0145852,00000000-0000-0000-0000-000000015145,OTHERS,250.37286748689084,988.3881495797259,MIA
315969727.0145852,00000000-0000-0000-0000-000000012716,OTHERS,255.28247030857887,1026.413232539115,MIA
315969727.0145852,00000000-0000-0000-0000-000000015161,OTHERS,241.79993893577918,1028.2829912868938,MIA
315969727.0145852,00000000-0000-0000-0000-000000015164,OTHERS,264.46484366301524,949.728998876246,MIA
315969727.16498303,00000000-0000-0000-0000-000000000000,AV,254.6804898659066,1048.6724482924685,MIA
315969727.16498303,00000000-0000-0000-0000-000000015036,OTHERS,258.96245747890725,1100.839647980522,MIA
315969727.16498303,00000000-0000-0000-0000-000000015108,OTHERS,246.97833173927188,1091.7587281230744,MIA
315969727.16498303,00000000-0000-0000-0000-000000015118,OTHERS,258.18055836491044,1096.8932245849792,MIA
315969727.16498303,00000000-0000-0000-0000-000000014950,AGENT,257.47530431561006,1047.7732992795577,MIA
315969727.16498303,00000000-0000-0000-0000-000000015169,OTHERS,295.48428081838415,1023.5776818934204,MIA
315969727.16498303,00000000-0000-0000-0000-000000014988,OTHERS,253.43765713640823,1071.6392411051402,MIA
315969727.16498303,00000000-0000-0000-0000-000000015129,OTHERS,242.95614335837828,1021.393497288941,MIA
315969727.16498303,00000000-0000-0000-0000-000000012716,OTHERS,255.34057366476924,1025.144746992052,MIA
315969727.16498303,00000000-0000-0000-0000-000000015145,OTHERS,250.46923675636813,988.3695458128458,MIA
315969727.16498303,00000000-0000-0000-0000-000000015161,OTHERS,241.71175599623317,1028.260475189736,MIA
315969727.16498303,00000000-0000-0000-0000-000000015164,OTHERS,264.3559693617175,949.9645882886098,MIA
315969727.3355112,00000000-0000-0000-0000-000000000000,AV,254.756274799128,1046.7886614619224,MIA
315969727.3355112,00000000-0000-0000-0000-000000012716,OTHERS,255.47116243729167,1022.5718525208732,MIA
315969727.3355112,00000000-0000-0000-0000-000000015036,OTHERS,259.1466281168317,1100.7723479475878,MIA
315969727.3355112,00000000-0000-0000-0000-000000015108,OTHERS,246.83084611983884,1092.4758067159348,MIA
315969727.3355112,00000000-0000-0000-0000-000000015118,OTHERS,258.3930380120319,1097.1645972523083,MIA
315969727.3355112,00000000-0000-0000-0000-000000014950,AGENT,257.6097701015936,1045.3447436681026,MIA
315969727.3355112,00000000-0000-0000-0000-000000015169,OTHERS,295.48428081838415,1023.5776818934204,MIA
315969727.3355112,00000000-0000-0000-0000-000000014988,OTHERS,253.451180276484,1069.0392195387913,MIA
315969727.3355112,00000000-0000-0000-0000-000000015129,OTHERS,243.10925877636646,1021.7242611010576,MIA
315969727.3355112,00000000-0000-0000-0000-000000015145,OTHERS,250.4187539760497,988.3913784456483,MIA
315969727.3355112,00000000-0000-0000-0000-000000015164,OTHERS,264.6216837822599,949.9801727147583,MIA
315969727.3355112,00000000-0000-0000-0000-000000015166,OTHERS,261.7161949074536,1040.0653324974337,MIA
315969727.3355112,00000000-0000-0000-0000-000000015161,OTHERS,241.15481443630264,1028.1587876841854,MIA
315969727.48483384,00000000-0000-0000-0000-000000000000,AV,254.8213987590587,1045.011858571445,MIA
315969727.48483384,00000000-0000-0000-0000-000000012716,OTHERS,255.53258631616018,1021.1046154151483,MIA
315969727.48483384,00000000-0000-0000-0000-000000015166,OTHERS,261.6830744043127,1040.2165891816126,MIA
315969727.48483384,00000000-0000-0000-0000-000000015164,OTHERS,264.47698467977136,949.9651316633104,MIA
315969727.48483384,00000000-0000-0000-0000-000000015145,OTHERS,250.39436049357886,988.326196641747,MIA
315969727.48483384,00000000-0000-0000-0000-000000015129,OTHERS,243.1269301352853,1021.928814502942,MIA
315969727.48483384,00000000-0000-0000-0000-000000015161,OTHERS,241.01913313459755,1028.192293989832,MIA
315969727.48483384,00000000-0000-0000-0000-000000014988,OTHERS,253.52206214091962,1068.003887020549,MIA
315969727.48483384,00000000-0000-0000-0000-000000015036,OTHERS,259.003470316377,1100.7450866504867,MIA
315969727.48483384,00000000-0000-0000-0000-000000015118,OTHERS,258.3910224559657,1096.8607020191866,MIA
315969727.48483384,00000000-0000-0000-0000-000000015108,OTHERS,246.67917960890045,1091.4624664864862,MIA
315969727.48483384,00000000-0000-0000-0000-000000014950,AGENT,257.63028434672214,1044.1340556062228,MIA
315969727.63324857,00000000-0000-0000-0000-000000000000,AV,254.88650390622345,1043.3512591133156,MIA
315969727.63324857,00000000-0000-0000-0000-000000012716,OTHERS,255.68339066525803,1018.5420084993,MIA
315969727.63324857,00000000-0000-0000-0000-000000014950,AGENT,257.74078984327167,1041.6343375883023,MIA
315969727.63324857,00000000-0000-0000-0000-000000015108,OTHERS,246.77360506351204,1091.458673716443,MIA
315969727.63324857,00000000-0000-0000-0000-000000015118,OTHERS,258.20279652971146,1096.8081002887322,MIA
315969727.63324857,00000000-0000-0000-0000-000000014988,OTHERS,253.54800472173144,1065.2675748278962,MIA
315969727.63324857,00000000-0000-0000-0000-000000015129,OTHERS,243.18395154667328,1022.325161810765,MIA
315969727.63324857,00000000-0000-0000-0000-000000015145,OTHERS,250.46889224007128,988.2579601221872,MIA
315969727.63324857,00000000-0000-0000-0000-000000015036,OTHERS,259.0804851598932,1100.717133286494,MIA
315969727.63324857,00000000-0000-0000-0000-000000015166,OTHERS,261.69658370572756,1040.3382802418066,MIA
315969727.63324857,00000000-0000-0000-0000-000000015161,OTHERS,240.4769510662294,1028.1368934362579,MIA
315969727.63324857,00000000-0000-0000-0000-000000015164,OTHERS,264.47698468002534,949.9651316406058,MIA
315969727.80180025,00000000-0000-0000-0000-000000000000,AV,254.95918660956292,1041.4655297775444,MIA
315969727.80180025,00000000-0000-0000-0000-000000012716,OTHERS,255.70823964334994,1017.3020955991697,MIA
315969727.80180025,00000000-0000-0000-0000-000000014950,AGENT,257.77564573289305,1040.3469685873126,MIA
315969727.80180025,00000000-0000-0000-0000-000000015108,OTHERS,246.9124583439888,1091.9228021860922,MIA
315969727.80180025,00000000-0000-0000-0000-000000015118,OTHERS,258.25788095223567,1097.0115241712906,MIA
315969727.80180025,00000000-0000-0000-0000-000000014988,OTHERS,253.55210450098977,1064.0149746862244,MIA
315969727.80180025,00000000-0000-0000-0000-000000015129,OTHERS,243.26803173195657,1022.5440373178467,MIA
315969727.80180025,00000000-0000-0000-0000-000000015145,OTHERS,250.39958382332725,988.4265629889093,MIA
315969727.80180025,00000000-0000-0000-0000-000000015036,OTHERS,259.13505648415423,1100.5756390827903,MIA
315969727.80180025,00000000-0000-0000-0000-000000015161,OTHERS,240.3556817283946,1028.148400344617,MIA
315969727.80180025,00000000-0000-0000-0000-000000015166,OTHERS,261.5940898775886,1040.5788093459284,MIA
315969727.80180025,00000000-0000-0000-0000-000000015164,OTHERS,264.4748902259246,949.9581893143423,MIA
315969727.9499447,00000000-0000-0000-0000-000000000000,AV,255.0239281928437,1039.80601238354,MIA
315969727.9499447,00000000-0000-0000-0000-000000012716,OTHERS,255.7610340140569,1014.6105178391883,MIA
315969727.9499447,00000000-0000-0000-0000-000000015166,OTHERS,261.65853800226944,1040.894632531866,MIA
315969727.9499447,00000000-0000-0000-0000-000000015178,OTHERS,295.6891736673717,1023.4131816720154,MIA
315969727.9499447,00000000-0000-0000-0000-000000014950,AGENT,257.86793182753723,1037.9047424290131,MIA
315969727.9499447,00000000-0000-0000-0000-000000015164,OTHERS,264.581546115372,949.9229681941356,MIA
315969727.9499447,00000000-0000-0000-0000-000000015145,OTHERS,250.46295578066585,988.4894701343953,MIA
315969727.9499447,00000000-0000-0000-0000-000000015129,OTHERS,243.38706343369068,1022.9828070224946,MIA
315969727.9499447,00000000-0000-0000-0000-000000015161,OTHERS,240.5031047071969,1028.1475103987623,MIA
315969727.9499447,00000000-0000-0000-0000-000000014988,OTHERS,253.5768354453301,1061.4563492284067,MIA
315969727.9499447,00000000-0000-0000-0000-000000015036,OTHERS,259.18400625834755,1100.5857855351283,MIA
315969727.9499447,00000000-0000-0000-0000-000000015118,OTHERS,258.38029565004143,1096.9600392199118,MIA
315969727.9499447,00000000-0000-0000-0000-000000015108,OTHERS,246.7117975626627,1091.8619835074624,MIA
315969728.09656733,00000000-0000-0000-0000-000000000000,AV,255.0894265986008,1038.1397189169506,MIA
315969728.09656733,00000000-0000-0000-0000-000000012716,OTHERS,255.9051501261377,1013.1638858678764,MIA
315969728.09656733,00000000-0000-0000-0000-000000015036,OTHERS,259.0602076951916,1100.5368379940849,MIA
315969728.09656733,00000000-0000-0000-0000-000000015108,OTHERS,247.23571494021724,1091.8386101816834,MIA
315969728.09656733,00000000-0000-0000-0000-000000015118,OTHERS,258.2965469725806,1097.541450967276,MIA
315969728.09656733,00000000-0000-0000-0000-000000014988,OTHERS,253.6107559808913,1060.3211175631563,MIA
315969728.09656733,00000000-0000-0000-0000-000000015129,OTHERS,243.46448479640915,1023.2355960704236,MIA
315969728.09656733,00000000-0000-0000-0000-000000015145,OTHERS,250.38879435273915,988.4325041624487,MIA
315969728.09656733,00000000-0000-0000-0000-000000015161,OTHERS,240.43449648740943,1028.1394710841003,MIA
315969728.09656733,00000000-0000-0000-0000-000000014950,AGENT,258.0018533148911,1036.5570034418336,MIA
315969728.09656733,00000000-0000-0000-0000-000000015178,OTHERS,295.93683832954565,1023.4905905789368,MIA
315969728.09656733,00000000-0000-0000-0000-000000015166,OTHERS,261.65853800226944,1040.894632531866,MIA
315969728.09656733,00000000-0000-0000-0000-000000015164,OTHERS,264.52803648572643,949.9975008415744,MIA
315969728.24374217,00000000-0000-0000-0000-000000000000,AV,255.16208905255903,1036.3704453175496,MIA
315969728.24374217,00000000-0000-0000-0000-000000012716,OTHERS,256.0061211991753,1010.712516656326,MIA
315969728.24374217,00000000-0000-0000-0000-000000014950,AGENT,258.08547048347657,1034.0271877699433,MIA
315969728.24374217,00000000-0000-0000-0000-000000015177,OTHERS,223.78237446205281,1021.4556873172636,MIA
315969728.24374217,00000000-0000-0000-0000-000000015164,OTHERS,264.48108691528273,950.0430200232712,MIA
315969728.24374217,00000000-0000-0000-0000-000000015166,OTHERS,261.6323868050659,1041.3273230732004,MIA
315969728.24374217,00000000-0000-0000-0000-000000014988,OTHERS,253.61980405319767,1057.6755780000535,MIA
315969728.24374217,00000000-0000-0000-0000-000000015161,OTHERS,240.43212101807228,1028.1185648242797,MIA
315969728.24374217,00000000-0000-0000-0000-000000015178,OTHERS,296.2645740724731,1023.6191044970333,MIA
315969728.24374217,00000000-0000-0000-0000-000000015108,OTHERS,247.21605115229818,1091.9878257446546,MIA
315969728.24374217,00000000-0000-0000-0000-000000015145,OTHERS,250.5833994943814,988.311764999388,MIA
315969728.24374217,00000000-0000-0000-0000-000000015129,OTHERS,243.59809659695568,1023.5861708359137,MIA
315969728.24374217,00000000-0000-0000-0000-000000015118,OTHERS,258.1957326769569,1097.080604779543,MIA
315969728.24374217,00000000-0000-0000-0000-000000015036,OTHERS,259.06032472392764,1100.5704507275168,MIA
315969728.37094945,00000000-0000-0000-0000-000000000000,AV,255.22021756916487,1034.9287150002758,MIA
315969728.37094945,00000000-0000-0000-0000-000000012716,OTHERS,256.0644478653887,1009.2377209534662,MIA
315969728.37094945,00000000-0000-0000-0000-000000015182,OTHERS,229.67076273887776,1030.1126399403918,MIA
315969728.37094945,00000000-0000-0000-0000-000000014988,OTHERS,253.60898654227387,1056.3039416661838,MIA
315969728.37094945,00000000-0000-0000-0000-000000015161,OTHERS,240.48755749273013,1028.113753797392,MIA
315969728.37094945,00000000-0000-0000-0000-000000015177,OTHERS,222.92912211693192,1021.2462030743941,MIA
315969728.37094945,00000000-0000-0000-0000-000000014950,AGENT,258.11510372930525,1032.781079607037,MIA
315969728.37094945,00000000-0000-0000-0000-000000015164,OTHERS,264.30544922448104,949.7442797323953,MIA
315969728.37094945,00000000-0000-0000-0000-000000015181,OTHERS,327.3163676685956,1024.4414379594555,MIA
315969728.37094945,00000000-0000-0000-0000-000000015108,OTHERS,246.87176986822743,1091.8301666681127,MIA
315969728.37094945,00000000-0000-0000-0000-000000015178,OTHERS,295.9752841234187,1023.4163631529867,MIA
315969728.37094945,00000000-0000-0000-0000-000000015166,OTHERS,261.5640376513516,1041.4920251783103,MIA
315969728.37094945,00000000-0000-0000-0000-000000015145,OTHERS,250.46901577298885,988.4311668959656,MIA
315969728.37094945,00000000-0000-0000-0000-000000015129,OTHERS,243.7094698097893,1023.8396906048582,MIA
315969728.37094945,00000000-0000-0000-0000-000000015036,OTHERS,259.21180640146986,1100.4752584002915,MIA
315969728.37094945,00000000-0000-0000-0000-000000015118,OTHERS,258.2454050673361,1096.8375621980163,MIA
315969728.37094945,00000000-0000-0000-0000-000000015180,OTHERS,232.15776355527768,1030.865068400833,MIA
315969728.50551516,00000000-0000-0000-0000-000000000000,AV,255.2793824136018,1033.4817280734019,MIA
315969728.50551516,00000000-0000-0000-0000-000000015182,OTHERS,229.69705644643923,1030.0736198566676,MIA
315969728.50551516,00000000-0000-0000-0000-000000015108,OTHERS,247.07595684459443,1091.5228788859445,MIA
315969728.50551516,00000000-0000-0000-0000-000000015129,OTHERS,243.80918321736527,1024.3518904928897,MIA
315969728.50551516,00000000-0000-0000-0000-000000015145,OTHERS,250.58941044114638,988.0504252369203,MIA
315969728.50551516,00000000-0000-0000-0000-000000015036,OTHERS,259.3496869944838,1100.309743863449,MIA
315969728.50551516,00000000-0000-0000-0000-000000015118,OTHERS,258.63433894717207,1096.9204562200978,MIA
315969728.50551516,00000000-0000-0000-0000-000000015187,OTHERS,185.62155259051983,1028.9987817649662,MIA
315969728.50551516,00000000-0000-0000-0000-000000015166,OTHERS,261.6488182933147,1041.6927722521389,MIA
315969728.50551516,00000000-0000-0000-0000-000000012716,OTHERS,256.1638831202796,1006.88430935935,MIA
315969728.50551516,00000000-0000-0000-0000-000000015181,OTHERS,327.291169078398,1024.4287793007707,MIA
315969728.50551516,00000000-0000-0000-0000-000000014950,AGENT,258.2018953851947,1030.3164760976151,MIA
315969728.50551516,00000000-0000-0000-0000-000000015177,OTHERS,222.84365161680958,1021.2180059302716,MIA
315969728.50551516,00000000-0000-0000-0000-000000015164,OTHERS,264.47904274615706,949.967635988302,MIA
315969728.50551516,00000000-0000-0000-0000-000000014988,OTHERS,253.5485470949102,1053.7071218844508,MIA
315969728.50551516,00000000-0000-0000-0000-000000015161,OTHERS,240.4244010778281,1028.0803541065131,MIA
315969728.50551516,00000000-0000-0000-0000-000000015184,OTHERS,304.2852976310579,1033.1362969389445,MIA
315969728.50551516,00000000-0000-0000-0000-000000015178,OTHERS,295.80615439342887,1023.573834912082,MIA
315969728.63478386,00000000-0000-0000-0000-000000000000,AV,255.3455250755571,1031.9342321286636,MIA
315969728.63478386,00000000-0000-0000-0000-000000015182,OTHERS,230.01128343742542,1030.1767480281283,MIA
315969728.63478386,00000000-0000-0000-0000-000000015108,OTHERS,246.98243341344158,1091.7014450702588,MIA
315969728.63478386,00000000-0000-0000-0000-000000015129,OTHERS,243.87275165923245,1024.5893835057561,MIA
315969728.63478386,00000000-0000-0000-0000-000000015145,OTHERS,250.49889689633443,988.2441787668947,MIA
315969728.63478386,00000000-0000-0000-0000-000000015164,OTHERS,264.378532570446,949.9908171527456,MIA
315969728.63478386,00000000-0000-0000-0000-000000012716,OTHERS,256.1914350009396,1005.4943298034848,MIA
315969728.63478386,00000000-0000-0000-0000-000000015181,OTHERS,327.34674515028127,1024.5143558637417,MIA
315969728.63478386,00000000-0000-0000-0000-000000015191,OTHERS,191.64285432377886,1019.6670375648424,MIA
315969728.63478386,00000000-0000-0000-0000-000000015187,OTHERS,185.62155259100567,1028.9987817536344,MIA
315969728.63478386,00000000-0000-0000-0000-000000015166,OTHERS,261.67484855132176,1041.8923560269513,MIA
315969728.63478386,00000000-0000-0000-0000-000000015036,OTHERS,259.1562330724512,1100.529302014634,MIA
315969728.63478386,00000000-0000-0000-0000-000000015118,OTHERS,258.38601794741754,1096.9592033756958,MIA
315969728.63478386,00000000-0000-0000-0000-000000014950,AGENT,258.2125882938759,1029.117599016967,MIA
315969728.63478386,00000000-0000-0000-0000-000000015177,OTHERS,223.63360467679325,1020.8587699194724,MIA
315969728.63478386,00000000-0000-0000-0000-000000014988,OTHERS,253.55467192266804,1052.4830595863175,MIA
315969728.63478386,00000000-0000-0000-0000-000000015161,OTHERS,240.458453544048,1028.0951058574087,MIA
315969728.63478386,00000000-0000-0000-0000-000000015184,OTHERS,304.1713887037738,1033.2559787063074,MIA
315969728.63478386,00000000-0000-0000-0000-000000015178,OTHERS,295.68797311661916,1023.4119607647883,MIA
315969728.77228254,00000000-0000-0000-0000-000000000000,AV,255.41065642499768,1030.3840843191078,MIA
315969728.77228254,00000000-0000-0000-0000-000000014950,AGENT,258.2770273230006,1027.8610237135906,MIA
315969728.77228254,00000000-0000-0000-0000-000000015182,OTHERS,229.66947324296453,1030.4901740216176,MIA
315969728.77228254,00000000-0000-0000-0000-000000015180,OTHERS,232.443914243563,1030.5290569304975,MIA
315969728.77228254,00000000-0000-0000-0000-000000015108,OTHERS,246.6980476641901,1091.4842483840275,MIA
315969728.77228254,00000000-0000-0000-0000-000000015129,OTHERS,243.90706534780585,1024.7906938391434,MIA
315969728.77228254,00000000-0000-0000-0000-000000015145,OTHERS,250.59877275850567,987.9805359535814,MIA
315969728.77228254,00000000-0000-0000-0000-000000012716,OTHERS,256.2658835712822,1004.2546537516887,MIA
315969728.77228254,00000000-0000-0000-0000-000000015190,OTHERS,230.7394128162009,1031.3867073081597,MIA
315969728.77228254,00000000-0000-0000-0000-000000015181,OTHERS,327.304028209574,1024.3740699082446,MIA
315969728.77228254,00000000-0000-0000-0000-000000015191,OTHERS,191.773138580006,1019.794416623508,MIA
315969728.77228254,00000000-0000-0000-0000-000000015187,OTHERS,185.6215525914914,1028.9987817423023,MIA
315969728.77228254,00000000-0000-0000-0000-000000015166,OTHERS,261.6575795272764,1042.0319219821504,MIA
315969728.77228254,00000000-0000-0000-0000-000000015036,OTHERS,259.1562330725846,1100.5293020033,MIA
315969728.77228254,00000000-0000-0000-0000-000000015118,OTHERS,258.0832665833468,1097.0894863901494,MIA
315969728.77228254,00000000-0000-0000-0000-000000014988,OTHERS,253.56499772332631,1051.278993911435,MIA
315969728.77228254,00000000-0000-0000-0000-000000015161,OTHERS,240.44997470464503,1028.0255130635517,MIA
315969728.77228254,00000000-0000-0000-0000-000000015184,OTHERS,304.18368524665317,1033.1768227271134,MIA
315969728.77228254,00000000-0000-0000-0000-000000015177,OTHERS,223.7027918036491,1021.1182169790213,MIA
315969728.77228254,00000000-0000-0000-0000-000000015164,OTHERS,264.53630660540614,949.6440730946048,MIA
315969728.77228254,00000000-0000-0000-0000-000000015178,OTHERS,296.3388200727718,1023.6038848117005,MIA
315969728.89064443,00000000-0000-0000-0000-000000000000,AV,255.47012897641682,1029.064274451894,MIA
315969728.89064443,00000000-0000-0000-0000-000000014950,AGENT,258.3068964347562,1026.6005109527996,MIA
315969728.89064443,00000000-0000-0000-0000-000000015182,OTHERS,229.6774219498332,1030.6189298322834,MIA
315969728.89064443,00000000-0000-0000-0000-000000015180,OTHERS,232.40503800810262,1030.5725742810291,MIA
315969728.89064443,00000000-0000-0000-0000-000000015108,OTHERS,246.69804766455545,1091.48424837271,MIA
315969728.89064443,00000000-0000-0000-0000-000000015145,OTHERS,250.49405931552639,988.1195248109165,MIA
315969728.89064443,00000000-0000-0000-0000-000000015164,OTHERS,264.53630660602266,949.6440730833183,MIA
315969728.89064443,00000000-0000-0000-0000-000000015166,OTHERS,261.60149545629247,1042.1482839960333,MIA
315969728.89064443,00000000-0000-0000-0000-000000015185,OTHERS,358.56372327669726,1025.4882962471042,MIA
315969728.89064443,00000000-0000-0000-0000-000000015191,OTHERS,191.829666217928,1019.5253401769817,MIA
315969728.89064443,00000000-0000-0000-0000-000000015129,OTHERS,243.94566779960314,1025.050313599147,MIA
315969728.89064443,00000000-0000-0000-0000-000000015187,OTHERS,185.62155259197758,1028.9987817309702,MIA
315969728.89064443,00000000-0000-0000-0000-000000015036,OTHERS,259.2372656908688,1100.7532331429707,MIA
315969728.89064443,00000000-0000-0000-0000-000000015118,OTHERS,258.0840517838076,1096.9359982638032,MIA
315969728.89064443,00000000-0000-0000-0000-000000014988,OTHERS,253.51720131735942,1050.1499977398976,MIA
315969728.89064443,00000000-0000-0000-0000-000000015161,OTHERS,240.7310319061081,1028.0689077229806,MIA
315969728.89064443,00000000-0000-0000-0000-000000015184,OTHERS,304.30540088821016,1033.069601264773,MIA
315969728.89064443,00000000-0000-0000-0000-000000012716,OTHERS,256.348776368093,1002.8376014514882,MIA
315969728.89064443,00000000-0000-0000-0000-000000015190,OTHERS,230.8046437115604,1031.3445275802883,MIA
315969728.89064443,00000000-0000-0000-0000-000000015181,OTHERS,327.3606857220384,1024.650139533114,MIA
315969728.89064443,00000000-0000-0000-0000-000000015177,OTHERS,223.4185888347388,1021.1492055118435,MIA
315969728.89064443,00000000-0000-0000-0000-000000015178,OTHERS,295.94517110351484,1023.5954289302873,MIA
315969729.0170824,00000000-0000-0000-0000-000000000000,AV,255.5333261041064,1027.630770889421,MIA
315969729.0170824,00000000-0000-0000-0000-000000014950,AGENT,258.39660222123507,1024.1168852799526,MIA
315969729.0170824,00000000-0000-0000-0000-000000015182,OTHERS,229.49500205123425,1030.7224176652257,MIA
315969729.0170824,00000000-0000-0000-0000-000000015180,OTHERS,232.4457751795612,1030.5000138105288,MIA
315969729.0170824,00000000-0000-0000-0000-000000015108,OTHERS,246.6980476652855,1091.4842483500754,MIA
315969729.0170824,00000000-0000-0000-0000-000000015145,OTHERS,250.5661283947292,988.0255973479764,MIA
315969729.0170824,00000000-0000-0000-0000-000000015164,OTHERS,264.3973689723324,949.6543216487248,MIA
315969729.0170824,00000000-0000-0000-0000-000000015194,OTHERS,225.7542252516108,1030.6982107463928,MIA
315969729.0170824,00000000-0000-0000-0000-000000015185,OTHERS,358.55521953425773,1025.8029956620153,MIA
315969729.0170824,00000000-0000-0000-0000-000000015191,OTHERS,191.82322592406842,1019.7333582901623,MIA
315969729.0170824,00000000-0000-0000-0000-000000015129,OTHERS,244.03956101270583,1025.4956478902143,MIA
315969729.0170824,00000000-0000-0000-0000-000000014988,OTHERS,253.49996554471198,1047.3481395838573,MIA
315969729.0170824,00000000-0000-0000-0000-000000015161,OTHERS,240.8555319514988,1027.9673519829557,MIA
315969729.0170824,00000000-0000-0000-0000-000000015184,OTHERS,304.2295237222886,1033.2998264108053,MIA
315969729.0170824,00000000-0000-0000-0000-000000015177,OTHERS,223.9287295465974,1021.0438604676108,MIA
315969729.0170824,00000000-0000-0000-0000-000000015036,OTHERS,259.2372656909216,1100.753233120289,MIA
315969729.0170824,00000000-0000-0000-0000-000000015118,OTHERS,258.24270108521984,1096.9965552650488,MIA
315969729.0170824,00000000-0000-0000-0000-000000012716,OTHERS,256.4456180015823,1000.3871221999248,MIA
315969729.0170824,00000000-0000-0000-0000-000000015190,OTHERS,230.74593568515925,1031.3661354350315,MIA
315969729.0170824,00000000-0000-0000-0000-000000015181,OTHERS,327.2117763442913,1024.404606216795,MIA
315969729.0170824,00000000-0000-0000-0000-000000015178,OTHERS,296.0148164996135,1023.4966263741003,MIA
315969729.0170824,00000000-0000-0000-0000-000000015166,OTHERS,261.70764346947607,1042.4548715712306,MIA
315969729.1377846,00000000-0000-0000-0000-000000000000,AV,255.5900186915488,1026.303159763424,MIA
315969729.1377846,00000000-0000-0000-0000-000000015182,OTHERS,228.4405811381046,1031.016711316433,MIA
315969729.1377846,00000000-0000-0000-0000-000000015180,OTHERS,232.21900689570515,1030.4548765285165,MIA
315969729.1377846,00000000-0000-0000-0000-000000014950,AGENT,258.3987054086846,1022.9120045840095,MIA
315969729.1377846,00000000-0000-0000-0000-000000015129,OTHERS,244.0575121325137,1025.7078660463674,MIA
315969729.1377846,00000000-0000-0000-0000-000000015145,OTHERS,250.45705627188488,988.1058815697313,MIA
315969729.1377846,00000000-0000-0000-0000-000000015192,OTHERS,261.8004495332177,938.4481914320636,MIA
315969729.1377846,00000000-0000-0000-0000-000000015164,OTHERS,264.4256552160253,949.6027578907132,MIA
315969729.1377846,00000000-0000-0000-0000-000000015166,OTHERS,261.6324180524968,1042.6206394829394,MIA
315969729.1377846,00000000-0000-0000-0000-000000015194,OTHERS,226.07755978808856,1029.2958057940257,MIA
315969729.1377846,00000000-0000-0000-0000-000000015185,OTHERS,358.4919719008872,1025.6710646595488,MIA
315969729.1377846,00000000-0000-0000-0000-000000015036,OTHERS,259.25800345506167,1100.5686381164503,MIA
315969729.1377846,00000000-0000-0000-0000-000000015118,OTHERS,258.2427010854334,1096.996555253755,MIA
315969729.1377846,00000000-0000-0000-0000-000000015191,OTHERS,191.90480899401226,1019.8312369020416,MIA
315969729.1377846,00000000-0000-0000-0000-000000014988,OTHERS,253.45093878586783,1046.0441081563804,MIA
315969729.1377846,00000000-0000-0000-0000-000000015161,OTHERS,240.96041707548105,1027.889134278463,MIA
315969729.1377846,00000000-0000-0000-0000-000000015184,OTHERS,304.18900931447115,1033.158282175045,MIA
315969729.1377846,00000000-0000-0000-0000-000000015177,OTHERS,224.0748620744849,1021.0294430431717,MIA
315969729.1377846,00000000-0000-0000-0000-000000012716,OTHERS,256.5101303990622,999.1197468122799,MIA
315969729.1377846,00000000-0000-0000-0000-000000015190,OTHERS,230.20510801625267,1031.0539261316874,MIA
315969729.1377846,00000000-0000-0000-0000-000000015181,OTHERS,327.3550667124444,1024.514340392103,MIA
315969729.1377846,00000000-0000-0000-0000-000000015178,OTHERS,295.8349185383204,1023.524039208238,MIA
315969729.27308345,00000000-0000-0000-0000-000000000000,AV,255.65787284632862,1024.7544150054894,MIA
315969729.27308345,00000000-0000-0000-0000-000000015182,OTHERS,228.54683226817158,1030.9000709132015,MIA
315969729.27308345,00000000-0000-0000-0000-000000015180,OTHERS,230.466535190358,1030.271367837792,MIA
315969729.27308345,00000000-0000-0000-0000-000000014950,AGENT,258.44791938308794,1021.6237623856433,MIA
315969729.27308345,00000000-0000-0000-0000-000000015129,OTHERS,244.0994608074464,1025.9283164451094,MIA
315969729.27308345,00000000-0000-0000-0000-000000015145,OTHERS,250.5552634679774,987.8679190398842,MIA
315969729.27308345,00000000-0000-0000-0000-000000015192,OTHERS,261.8004495332177,938.4481914320636,MIA
315969729.27308345,00000000-0000-0000-0000-000000015164,OTHERS,264.5784689446965,950.0008012968513,MIA
315969729.27308345,00000000-0000-0000-0000-000000015166,OTHERS,261.6351641211652,1042.8160719297014,MIA
315969729.27308345,00000000-0000-0000-0000-000000015194,OTHERS,226.07755978857617,1029.2958057830003,MIA
315969729.27308345,00000000-0000-0000-0000-000000015185,OTHERS,358.56980022381316,1025.6605065992862,MIA
315969729.27308345,00000000-0000-0000-0000-000000015177,OTHERS,223.94568848456157,1021.022367622812,MIA
315969729.27308345,00000000-0000-0000-0000-000000015191,OTHERS,191.6928545663057,1019.5830874600459,MIA
315969729.27308345,00000000-0000-0000-0000-000000014988,OTHERS,253.5163049783409,1045.0408336052049,MIA
315969729.27308345,00000000-0000-0000-0000-000000015161,OTHERS,240.6889180035852,1027.8901946037272,MIA
315969729.27308345,00000000-0000-0000-0000-000000015184,OTHERS,304.32492820330873,1033.0714539300534,MIA
315969729.27308345,00000000-0000-0000-0000-000000012716,OTHERS,256.4917287017111,998.216100412316,MIA
315969729.27308345,00000000-0000-0000-0000-000000015190,OTHERS,230.20510801675186,1031.053926120635,MIA
315969729.27308345,00000000-0000-0000-0000-000000015181,OTHERS,327.3219124506194,1024.3615186263369,MIA
315969729.27308345,00000000-0000-0000-0000-000000015036,OTHERS,259.26790280164454,1100.5432747953218,MIA
315969729.27308345,00000000-0000-0000-0000-000000015118,OTHERS,258.24270108564673,1096.9965552424603,MIA
315969729.27308345,00000000-0000-0000-0000-000000015178,OTHERS,296.0281335823987,1023.4207510550708,MIA
315969729.37624884,00000000-0000-0000-0000-000000000000,AV,255.71274443663367,1023.5353131738457,MIA
315969729.37624884,00000000-0000-0000-0000-000000015182,OTHERS,229.3291688297055,1031.0400812992434,MIA
315969729.37624884,00000000-0000-0000-0000-000000015180,OTHERS,230.60312341443927,1030.2453282662966,MIA
315969729.37624884,00000000-0000-0000-0000-000000014950,AGENT,258.48711070761766,1020.4503562824333,MIA
315969729.37624884,00000000-0000-0000-0000-000000015129,OTHERS,244.1627952076481,1026.0248425362856,MIA
315969729.37624884,00000000-0000-0000-0000-000000015145,OTHERS,250.7020692684464,987.6329078462433,MIA
315969729.37624884,00000000-0000-0000-0000-000000015192,OTHERS,261.6446520389508,939.5446937893179,MIA
315969729.37624884,00000000-0000-0000-0000-000000015164,OTHERS,264.496369324398,949.9534195218947,MIA
315969729.37624884,00000000-0000-0000-0000-000000015166,OTHERS,261.61049526938444,1042.8495812507003,MIA
315969729.37624884,00000000-0000-0000-0000-000000015194,OTHERS,226.07755978906425,1029.2958057719763,MIA
315969729.37624884,00000000-0000-0000-0000-000000015185,OTHERS,358.54651101413236,1025.6516618708404,MIA
315969729.37624884,00000000-0000-0000-0000-000000015199,OTHERS,183.5334124786137,1027.8002407674112,MIA
315969729.37624884,00000000-0000-0000-0000-000000015177,OTHERS,224.11889462850326,1021.0125089476344,MIA
315969729.37624884,00000000-0000-0000-0000-000000014988,OTHERS,253.4702072247605,1043.6108192031336,MIA
315969729.37624884,00000000-0000-0000-0000-000000015161,OTHERS,240.52910141553448,1027.8844440057003,MIA
315969729.37624884,00000000-0000-0000-0000-000000015184,OTHERS,304.20728389929667,1033.2753042642134,MIA
315969729.37624884,00000000-0000-0000-0000-000000015191,OTHERS,191.67156465363632,1019.6510144897376,MIA
315969729.37624884,00000000-0000-0000-0000-000000012716,OTHERS,256.59587405482176,996.8880293249993,MIA
315969729.37624884,00000000-0000-0000-0000-000000015190,OTHERS,230.20510801725143,1031.0539261095837,MIA
315969729.37624884,00000000-0000-0000-0000-000000015181,OTHERS,327.224360923258,1024.329314388374,MIA
315969729.37624884,00000000-0000-0000-0000-000000015036,OTHERS,259.1967249414256,1100.6461619654717,MIA
315969729.37624884,00000000-0000-0000-0000-000000015178,OTHERS,295.7267873769387,1023.4358600207377,MIA
315969729.48003256,00000000-0000-0000-0000-000000000000,AV,255.76212959933991,1022.4211411944838,MIA
315969729.48003256,00000000-0000-0000-0000-000000015182,OTHERS,229.32916883015773,1031.0400812877028,MIA
315969729.48003256,00000000-0000-0000-0000-000000015180,OTHERS,230.20566493798918,1030.4284223636414,MIA
315969729.48003256,00000000-0000-0000-0000-000000014950,AGENT,258.51513421931503,1019.1831149024954,MIA
315969729.48003256,00000000-0000-0000-0000-000000015203,OTHERS,228.25327428579456,1029.376978443624,MIA
315969729.48003256,00000000-0000-0000-0000-000000015129,OTHERS,244.15642945605663,1026.2138328593367,MIA
315969729.48003256,00000000-0000-0000-0000-000000015145,OTHERS,250.6574113186373,987.6134989605199,MIA
315969729.48003256,00000000-0000-0000-0000-000000015192,OTHERS,261.84855326634073,939.9714516637393,MIA
315969729.48003256,00000000-0000-0000-0000-000000015166,OTHERS,261.62944236297835,1043.06109058656,MIA
315969729.48003256,00000000-0000-0000-0000-000000014988,OTHERS,253.46111649755318,1042.2767664736011,MIA
315969729.48003256,00000000-0000-0000-0000-000000015161,OTHERS,240.48709538241687,1027.9030765123223,MIA
315969729.48003256,00000000-0000-0000-0000-000000015184,OTHERS,304.21947308324866,1033.0785937317553,MIA
315969729.48003256,00000000-0000-0000-0000-000000015199,OTHERS,183.54139452501883,1027.827435517501,MIA
315969729.48003256,00000000-0000-0000-0000-000000015164,OTHERS,264.3744817845025,949.9419507224484,MIA
315969729.48003256,00000000-0000-0000-0000-000000015177,OTHERS,223.921819023987,1020.9515612604632,MIA
315969729.48003256,00000000-0000-0000-0000-000000015194,OTHERS,226.07755978955242,1029.295805760951,MIA
315969729.48003256,00000000-0000-0000-0000-000000015185,OTHERS,358.54651101463173,1025.6516618604276,MIA
315969729.48003256,00000000-0000-0000-0000-000000015191,OTHERS,191.84398387317887,1019.9065229957599,MIA
315969729.48003256,00000000-0000-0000-0000-000000012716,OTHERS,256.57064297152573,995.8928775951623,MIA
315969729.48003256,00000000-0000-0000-0000-000000015190,OTHERS,230.2051080177512,1031.053926098531,MIA
315969729.48003256,00000000-0000-0000-0000-000000015181,OTHERS,327.31573622896326,1024.41301261841,MIA
315969729.48003256,00000000-0000-0000-0000-000000015036,OTHERS,259.0925650711071,1100.6339026467283,MIA
315969729.48003256,00000000-0000-0000-0000-000000015178,OTHERS,296.0288515758076,1023.3644601181101,MIA
315969729.5863899,00000000-0000-0000-0000-000000000000,AV,255.8160211419856,1021.1981106174907,MIA
315969729.5863899,00000000-0000-0000-0000-000000012716,OTHERS,256.62793310165995,993.5380993498134,MIA
315969729.5863899,00000000-0000-0000-0000-000000015182,OTHERS,229.32916883106273,1031.0400812646212,MIA
315969729.5863899,00000000-0000-0000-0000-000000015180,OTHERS,230.39596432060773,1030.199829169269,MIA
315969729.5863899,00000000-0000-0000-0000-000000014950,AGENT,258.54198416931604,1016.7489047016484,MIA
315969729.5863899,00000000-0000-0000-0000-000000015203,OTHERS,228.25327428579456,1029.376978443624,MIA
315969729.5863899,00000000-0000-0000-0000-000000015129,OTHERS,244.2045520047181,1026.5201113315577,MIA
315969729.5863899,00000000-0000-0000-0000-000000015145,OTHERS,250.71500843497486,987.586066277332,MIA
315969729.5863899,00000000-0000-0000-0000-000000015192,OTHERS,261.78358949526216,941.528358465259,MIA
315969729.5863899,00000000-0000-0000-0000-000000015166,OTHERS,261.5996721333385,1043.331120739788,MIA
315969729.5863899,00000000-0000-0000-0000-000000015199,OTHERS,184.4052055922812,1028.287666744947,MIA
315969729.5863899,00000000-0000-0000-0000-000000015164,OTHERS,264.3990597581152,949.6986388414236,MIA
315969729.5863899,00000000-0000-0000-0000-000000015206,OTHERS,222.9705572815549,1029.6100550566675,MIA
315969729.5863899,00000000-0000-0000-0000-000000015177,OTHERS,224.63949584832864,1020.9561906625902,MIA
315969729.5863899,00000000-0000-0000-0000-000000015178,OTHERS,295.4181555457462,1023.3643587099008,MIA
315969729.5863899,00000000-0000-0000-0000-000000015036,OTHERS,259.0035204990287,1100.5954613553529,MIA
315969729.5863899,00000000-0000-0000-0000-000000015189,OTHERS,256.02186762470694,931.4706005214664,MIA
315969729.5863899,00000000-0000-0000-0000-000000015209,OTHERS,229.46937348643704,1031.1438307856772,MIA
315969729.5863899,00000000-0000-0000-0000-000000014988,OTHERS,253.37024809284256,1039.5474159618075,MIA
315969729.5863899,00000000-0000-0000-0000-000000015161,OTHERS,240.57861930620084,1027.8322344534,MIA
315969729.5863899,00000000-0000-0000-0000-000000015184,OTHERS,304.1858390419776,1033.2307196177119,MIA
315969729.5863899,00000000-0000-0000-0000-000000015191,OTHERS,191.16282425736568,1019.1027968022107,MIA
315969729.5863899,00000000-0000-0000-0000-000000015200,OTHERS,185.69598299758857,1029.2039845776587,MIA
315969729.5863899,00000000-0000-0000-0000-000000015185,OTHERS,358.54651101563064,1025.651661839601,MIA
315969729.5863899,00000000-0000-0000-0000-000000015181,OTHERS,327.21394221092805,1024.5068285734658,MIA
315969729.7044195,00000000-0000-0000-0000-000000000000,AV,255.87417188628842,1019.8649575737917,MIA
315969729.7044195,00000000-0000-0000-0000-000000012716,OTHERS,256.6534829474493,992.3094907137564,MIA
315969729.7044195,00000000-0000-0000-0000-000000015210,OTHERS,307.3567021797652,1032.5185294478747,MIA
315969729.7044195,00000000-0000-0000-0000-000000015180,OTHERS,230.2911651253677,1030.1182956405728,MIA
315969729.7044195,00000000-0000-0000-0000-000000014950,AGENT,258.5878547004566,1015.320984001314,MIA
315969729.7044195,00000000-0000-0000-0000-000000015203,OTHERS,228.25327428579456,1029.376978443624,MIA
315969729.7044195,00000000-0000-0000-0000-000000015129,OTHERS,244.19792609203282,1026.6715472790272,MIA
315969729.7044195,00000000-0000-0000-0000-000000015145,OTHERS,250.6723527590769,987.579518167437,MIA
315969729.7044195,00000000-0000-0000-0000-000000015192,OTHERS,262.08964554447687,942.2956744578546,MIA
315969729.7044195,00000000-0000-0000-0000-000000015199,OTHERS,183.9614225478162,1027.945026636791,MIA
315969729.7044195,00000000-0000-0000-0000-000000015164,OTHERS,264.51472799597235,949.7688674658904,MIA
315969729.7044195,00000000-0000-0000-0000-000000015206,OTHERS,222.95069680200402,1029.6390352039634,MIA
315969729.7044195,00000000-0000-0000-0000-000000015177,OTHERS,223.77231317614488,1020.9367094476787,MIA
315969729.7044195,00000000-0000-0000-0000-000000015178,OTHERS,295.25622138326236,1023.4893510070652,MIA
315969729.7044195,00000000-0000-0000-0000-000000015036,OTHERS,259.266766434598,1100.7822314028128,MIA
315969729.7044195,00000000-0000-0000-0000-000000015189,OTHERS,256.0454843342921,930.196115345864,MIA
315969729.7044195,00000000-0000-0000-0000-000000015209,OTHERS,229.65515388004985,1031.1565560410793,MIA
315969729.7044195,00000000-0000-0000-0000-000000015191,OTHERS,191.16282425786304,1019.1027967910015,MIA
315969729.7044195,00000000-0000-0000-0000-000000015200,OTHERS,185.6025443638679,1028.8870870567591,MIA
315969729.7044195,00000000-0000-0000-0000-000000014988,OTHERS,253.36160384944512,1038.2332461133942,MIA
315969729.7044195,00000000-0000-0000-0000-000000015161,OTHERS,240.65158654161843,1027.8343852605678,MIA
315969729.7044195,00000000-0000-0000-0000-000000015184,OTHERS,304.23478042352144,1033.1572125510502,MIA
315969729.7044195,00000000-0000-0000-0000-000000015181,OTHERS,327.21394221143385,1024.5068285620453,MIA
315969729.7044195,00000000-0000-0000-0000-000000015166,OTHERS,261.60214510792844,1043.4099185931927,MIA
315969729.8023483,00000000-0000-0000-0000-000000000000,AV,255.92266059267325,1018.7568609878076,MIA
315969729.8023483,00000000-0000-0000-0000-000000012716,OTHERS,256.761157476717,990.9715879259762,MIA
315969729.8023483,00000000-0000-0000-0000-000000015210,OTHERS,307.5895088707933,1032.5287439302876,MIA
315969729.8023483,00000000-0000-0000-0000-000000014950,AGENT,258.5935537415942,1014.1481865588223,MIA
315969729.8023483,00000000-0000-0000-0000-000000015180,OTHERS,230.2399406712909,1030.1686053376095,MIA
315969729.8023483,00000000-0000-0000-0000-000000015129,OTHERS,244.2369055176894,1026.8596627692104,MIA
315969729.8023483,00000000-0000-0000-0000-000000015145,OTHERS,250.66369127167962,987.6890265778037,MIA
315969729.8023483,00000000-0000-0000-0000-000000015192,OTHERS,262.0079436288694,942.8026171322838,MIA
315969729.8023483,00000000-0000-0000-0000-000000015200,OTHERS,185.37954691696999,1028.7060026754789,MIA
315969729.8023483,00000000-0000-0000-0000-000000015199,OTHERS,183.7323801436329,1027.9259527083964,MIA
315969729.8023483,00000000-0000-0000-0000-000000015164,OTHERS,264.66050184982873,949.7652276752118,MIA
315969729.8023483,00000000-0000-0000-0000-000000015206,OTHERS,223.0470317355613,1029.5962027831897,MIA
315969729.8023483,00000000-0000-0000-0000-000000015177,OTHERS,224.29116104135346,1020.8132832584292,MIA
315969729.8023483,00000000-0000-0000-0000-000000015178,OTHERS,295.3210918014742,1023.3968260498604,MIA
315969729.8023483,00000000-0000-0000-0000-000000015036,OTHERS,258.8789200584425,1100.8225572822537,MIA
315969729.8023483,00000000-0000-0000-0000-000000015189,OTHERS,256.0454843342921,930.196115345864,MIA
315969729.8023483,00000000-0000-0000-0000-000000015209,OTHERS,229.67564551613881,1031.1922193478322,MIA
315969729.8023483,00000000-0000-0000-0000-000000015191,OTHERS,191.77092985233043,1019.9700435783864,MIA
315969729.8023483,00000000-0000-0000-0000-000000014988,OTHERS,253.36983117085305,1036.8936785480796,MIA
315969729.8023483,00000000-0000-0000-0000-000000015161,OTHERS,240.5409850657854,1027.8133942072072,MIA
315969729.8023483,00000000-0000-0000-0000-000000015184,OTHERS,304.35664758659664,1033.0792063310437,MIA
315969729.8023483,00000000-0000-0000-0000-000000015181,OTHERS,327.21394221193873,1024.506828550625,MIA
315969729.8023483,00000000-0000-0000-0000-000000015166,OTHERS,261.5657124988803,1043.5895736713146,MIA
315969729.91078186,00000000-0000-0000-0000-000000000000,AV,255.9790144872944,1017.4538481070218,MIA
315969729.91078186,00000000-0000-0000-0000-000000012716,OTHERS,256.8534632175084,990.0601726672148,MIA
315969729.91078186,00000000-0000-0000-0000-000000015210,OTHERS,307.5895088707933,1032.5287439302876,MIA
315969729.91078186,00000000-0000-0000-0000-000000014950,AGENT,258.6367391056529,1012.9580028949596,MIA
315969729.91078186,00000000-0000-0000-0000-000000015180,OTHERS,230.1797565634413,1030.1072061187026,MIA
315969729.91078186,00000000-0000-0000-0000-000000015129,OTHERS,244.23008791037103,1027.0133039371594,MIA
315969729.91078186,00000000-0000-0000-0000-000000015145,OTHERS,250.69227933989518,987.5566166902504,MIA
315969729.91078186,00000000-0000-0000-0000-000000015192,OTHERS,261.7416540791504,942.856786423589,MIA
315969729.91078186,00000000-0000-0000-0000-000000015199,OTHERS,183.56969242673642,1027.8790394965317,MIA
315969729.91078186,00000000-0000-0000-0000-000000015164,OTHERS,264.36588969706133,949.9154546151714,MIA
315969729.91078186,00000000-0000-0000-0000-000000015206,OTHERS,223.09199630072257,1029.6714298714166,MIA
315969729.91078186,00000000-0000-0000-0000-000000015177,OTHERS,223.91125615329,1020.9522708170108,MIA
315969729.91078186,00000000-0000-0000-0000-000000015178,OTHERS,295.32109180199797,1023.396826038582,MIA
315969729.91078186,00000000-0000-0000-0000-000000015036,OTHERS,259.0336966086657,1100.9228250012484,MIA
315969729.91078186,00000000-0000-0000-0000-000000015189,OTHERS,256.0454843342921,930.196115345864,MIA
315969729.91078186,00000000-0000-0000-0000-000000015209,OTHERS,229.6756455166402,1031.1922193363657,MIA
315969729.91078186,00000000-0000-0000-0000-000000015191,OTHERS,191.77092985286407,1019.9700435668108,MIA
315969729.91078186,00000000-0000-0000-0000-000000015200,OTHERS,185.1058068563247,1028.852176773022,MIA
315969729.91078186,00000000-0000-0000-0000-000000014988,OTHERS,253.38316216131855,1035.4945617241165,MIA
315969729.91078186,00000000-0000-0000-0000-000000015161,OTHERS,240.53174964063732,1027.7758545836414,MIA
315969729.91078186,00000000-0000-0000-0000-000000015184,OTHERS,304.2954293611828,1033.0037859960444,MIA
315969729.91078186,00000000-0000-0000-0000-000000015166,OTHERS,261.5716474032292,1043.6628305163981,MIA
315969730.02399784,00000000-0000-0000-0000-000000000000,AV,256.027596582056,1016.2879934038311,MIA
315969730.02399784,00000000-0000-0000-0000-000000012716,OTHERS,256.90956342754953,988.9388050303082,MIA
315969730.02399784,00000000-0000-0000-0000-000000014950,AGENT,258.67574541139567,1011.6895791927092,MIA
315969730.02399784,00000000-0000-0000-0000-000000015180,OTHERS,230.30049781782398,1030.1009272155316,MIA
315969730.02399784,00000000-0000-0000-0000-000000015129,OTHERS,244.25816016752202,1027.2009605083513,MIA
315969730.02399784,00000000-0000-0000-0000-000000015145,OTHERS,250.65259265673976,987.4627543806545,MIA
315969730.02399784,00000000-0000-0000-0000-000000015192,OTHERS,261.8090404649646,943.6893662327284,MIA
315969730.02399784,00000000-0000-0000-0000-000000015191,OTHERS,191.9429911299449,1019.738835115991,MIA
315969730.02399784,00000000-0000-0000-0000-000000015199,OTHERS,183.7491969524797,1027.9067911446716,MIA
315969730.02399784,00000000-0000-0000-0000-000000015177,OTHERS,224.11768112103366,1021.2132365635716,MIA
315969730.02399784,00000000-0000-0000-0000-000000015206,OTHERS,223.09974108809115,1029.5950695934025,MIA
315969730.02399784,00000000-0000-0000-0000-000000015164,OTHERS,264.47326945759784,949.7617105370192,MIA
315969730.02399784,00000000-0000-0000-0000-000000015209,OTHERS,229.675645517142,1031.1922193248977,MIA
315969730.02399784,00000000-0000-0000-0000-000000015207,OTHERS,258.3905455511844,1097.0719443372059,MIA
315969730.02399784,00000000-0000-0000-0000-000000015036,OTHERS,259.1629307118934,1100.659115554577,MIA
315969730.02399784,00000000-0000-0000-0000-000000015189,OTHERS,256.20049713477545,926.3316585173998,MIA
315969730.02399784,00000000-0000-0000-0000-000000015200,OTHERS,185.3457882249756,1028.7401739730676,MIA
315969730.02399784,00000000-0000-0000-0000-000000015178,OTHERS,295.32109180252223,1023.3968260273024,MIA
315969730.02399784,00000000-0000-0000-0000-000000015166,OTHERS,261.6875602431154,1044.0425583951258,MIA
315969730.02399784,00000000-0000-0000-0000-000000014988,OTHERS,253.3277654759713,1034.0799072239333,MIA
315969730.02399784,00000000-0000-0000-0000-000000015184,OTHERS,304.37292247989717,1033.0629420669877,MIA
315969730.02399784,00000000-0000-0000-0000-000000015161,OTHERS,240.4801441190075,1027.7795825500627,MIA
315969730.12316155,00000000-0000-0000-0000-000000000000,AV,256.06885967276594,1015.2562329109352,MIA
315969730.12316155,00000000-0000-0000-0000-000000012716,OTHERS,256.87946263527925,987.7504754461964,MIA
315969730.12316155,00000000-0000-0000-0000-000000014950,AGENT,258.707201934548,1010.4757766308662,MIA
315969730.12316155,00000000-0000-0000-0000-000000015180,OTHERS,230.32066330573704,1030.0753656179725,MIA
315969730.12316155,00000000-0000-0000-0000-000000015129,OTHERS,244.3113302398693,1027.353238490621,MIA
315969730.12316155,00000000-0000-0000-0000-000000015191,OTHERS,191.8689817549416,1020.0734267020073,MIA
315969730.12316155,00000000-0000-0000-0000-000000015177,OTHERS,224.40937642909282,1020.7871656477687,MIA
315969730.12316155,00000000-0000-0000-0000-000000015206,OTHERS,223.38799251609788,1029.7174930682866,MIA
315969730.12316155,00000000-0000-0000-0000-000000015164,OTHERS,264.32589796572813,949.5847460960828,MIA
315969730.12316155,00000000-0000-0000-0000-000000015036,OTHERS,259.1644783827209,1100.5876565474314,MIA
315969730.12316155,00000000-0000-0000-0000-000000015189,OTHERS,256.20049713477545,926.3316585173998,MIA
315969730.12316155,00000000-0000-0000-0000-000000015207,OTHERS,258.3905455511844,1097.0719443372059,MIA
315969730.12316155,00000000-0000-0000-0000-000000015145,OTHERS,250.67589309429547,987.5167950876663,MIA
315969730.12316155,00000000-0000-0000-0000-000000015209,OTHERS,229.67564551764409,1031.1922193134303,MIA
315969730.12316155,00000000-0000-0000-0000-000000015178,OTHERS,295.32109180304667,1023.3968260160235,MIA
315969730.12316155,00000000-0000-0000-0000-000000015166,OTHERS,261.5562375526453,1044.1263850292526,MIA
315969730.12316155,00000000-0000-0000-0000-000000015200,OTHERS,184.7092810158496,1028.5769231020295,MIA
315969730.12316155,00000000-0000-0000-0000-000000014988,OTHERS,253.318760227464,1032.7379931673643,MIA
315969730.12316155,00000000-0000-0000-0000-000000015184,OTHERS,304.3729224805442,1033.0629420551288,MIA
315969730.12316155,00000000-0000-0000-0000-000000015161,OTHERS,240.4087307117159,1027.7995881424722,MIA
315969730.12316155,00000000-0000-0000-0000-000000015192,OTHERS,261.8413745722973,944.9566651460302,MIA
315969730.23507744,00000000-0000-0000-0000-000000000000,AV,256.1151165629348,1014.0539680491521,MIA
315969730.23507744,00000000-0000-0000-0000-000000012716,OTHERS,256.9639590264723,986.8890494044427,MIA
315969730.23507744,00000000-0000-0000-0000-000000014950,AGENT,258.7157484513049,1009.1974636671916,MIA
315969730.23507744,00000000-0000-0000-0000-000000015180,OTHERS,230.26342460674152,1030.1056951775297,MIA
315969730.23507744,00000000-0000-0000-0000-000000015191,OTHERS,191.8689817554514,1020.0734266915813,MIA
315969730.23507744,00000000-0000-0000-0000-000000015036,OTHERS,259.18179261611454,1100.7336651974865,MIA
315969730.23507744,00000000-0000-0000-0000-000000015189,OTHERS,256.09285043683616,923.8158558782187,MIA
315969730.23507744,00000000-0000-0000-0000-000000015207,OTHERS,258.3905455511844,1097.0719443372059,MIA
315969730.23507744,00000000-0000-0000-0000-000000015145,OTHERS,250.69373145062184,987.4274785486432,MIA
315969730.23507744,00000000-0000-0000-0000-000000015177,OTHERS,224.00289312386124,1020.5475013307228,MIA
315969730.23507744,00000000-0000-0000-0000-000000015206,OTHERS,223.1709858272173,1029.662750687825,MIA
315969730.23507744,00000000-0000-0000-0000-000000015164,OTHERS,264.35465956452657,949.6766625223387,MIA
315969730.23507744,00000000-0000-0000-0000-000000015166,OTHERS,261.5562375526453,1044.1263850292526,MIA
315969730.23507744,00000000-0000-0000-0000-000000015200,OTHERS,185.6725395818982,1029.324654250588,MIA
315969730.23507744,00000000-0000-0000-0000-000000014988,OTHERS,253.31455457219104,1031.3270284219514,MIA
315969730.23507744,00000000-0000-0000-0000-000000015184,OTHERS,304.37292248119047,1033.0629420432706,MIA
315969730.23507744,00000000-0000-0000-0000-000000015161,OTHERS,240.58083622597385,1027.7933448716549,MIA
315969730.23507744,00000000-0000-0000-0000-000000015192,OTHERS,261.7424542417556,945.6993267604223,MIA
315969730.23507744,00000000-0000-0000-0000-000000015129,OTHERS,244.3693751662679,1027.5003875098002,MIA
315969730.3254043,00000000-0000-0000-0000-000000000000,AV,256.14759651436003,1013.1744015472364,MIA
315969730.3254043,00000000-0000-0000-0000-000000012716,OTHERS,256.9972473146703,985.8367239096228,MIA
315969730.3254043,00000000-0000-0000-0000-000000014950,AGENT,258.77012940587997,1008.0088829655772,MIA
315969730.3254043,00000000-0000-0000-0000-000000015180,OTHERS,230.46357207437697,1030.086057333055,MIA
315969730.3254043,00000000-0000-0000-0000-000000015191,OTHERS,191.76687719807592,1019.4175902531554,MIA
315969730.3254043,00000000-0000-0000-0000-000000015207,OTHERS,258.3905455511844,1097.0719443372059,MIA
315969730.3254043,00000000-0000-0000-0000-000000015036,OTHERS,259.1817926174499,1100.7336651864814,MIA
315969730.3254043,00000000-0000-0000-0000-000000015189,OTHERS,256.2162138213501,922.5453516474569,MIA
315969730.3254043,00000000-0000-0000-0000-000000015145,OTHERS,250.69096358783267,987.4275951695962,MIA
315969730.3254043,00000000-0000-0000-0000-000000015129,OTHERS,244.44497630072013,1027.6571332306842,MIA
315969730.3254043,00000000-0000-0000-0000-000000015177,OTHERS,224.20875607202748,1020.7187405498628,MIA
315969730.3254043,00000000-0000-0000-0000-000000015206,OTHERS,223.2272465426928,1029.6779190575478,MIA
315969730.3254043,00000000-0000-0000-0000-000000015164,OTHERS,264.4592053649985,949.9117594825876,MIA
315969730.3254043,00000000-0000-0000-0000-000000015166,OTHERS,261.6077340286836,1044.2585336840964,MIA
315969730.3254043,00000000-0000-0000-0000-000000015200,OTHERS,183.6851650271729,1027.770868392139,MIA
315969730.3254043,00000000-0000-0000-0000-000000014988,OTHERS,253.3112620452079,1029.9395994813096,MIA
315969730.3254043,00000000-0000-0000-0000-000000015184,OTHERS,304.3729224818373,1033.0629420314126,MIA
315969730.3254043,00000000-0000-0000-0000-000000015161,OTHERS,240.52729246720017,1027.762543645669,MIA
315969730.3254043,00000000-0000-0000-0000-000000015192,OTHERS,261.6401505026997,946.4946635636314,MIA
315969730.41622615,00000000-0000-0000-0000-000000000000,AV,256.18098268753863,1012.3151401665596,MIA
315969730.41622615,00000000-0000-0000-0000-000000012716,OTHERS,257.0832816889404,984.8224755220295,MIA
315969730.41622615,00000000-0000-0000-0000-000000014950,AGENT,258.80758144181635,1006.831054174375,MIA
315969730.41622615,00000000-0000-0000-0000-000000015177,OTHERS,224.1952095903217,1021.0431881516707,MIA
315969730.41622615,00000000-0000-0000-0000-000000015206,OTHERS,223.3345443335077,1029.7252530795315,MIA
315969730.41622615,00000000-0000-0000-0000-000000015164,OTHERS,264.3219430040879,949.8557643119881,MIA
315969730.41622615,00000000-0000-0000-0000-000000015036,OTHERS,259.18179261878515,1100.7336651754754,MIA
315969730.41622615,00000000-0000-0000-0000-000000015189,OTHERS,256.2162138213501,922.5453516474569,MIA
315969730.41622615,00000000-0000-0000-0000-000000015145,OTHERS,250.6742571819997,987.4059234914888,MIA
315969730.41622615,00000000-0000-0000-0000-000000015191,OTHERS,191.7668771985452,1019.4175902429499,MIA
315969730.41622615,00000000-0000-0000-0000-000000015166,OTHERS,261.59186681935137,1044.3779842003444,MIA
315969730.41622615,00000000-0000-0000-0000-000000015200,OTHERS,185.1342015921609,1029.0983614198242,MIA
315969730.41622615,00000000-0000-0000-0000-000000015180,OTHERS,230.34128184269025,1030.1264229606684,MIA
315969730.41622615,00000000-0000-0000-0000-000000014988,OTHERS,253.35500575137797,1028.6645479711274,MIA
315969730.41622615,00000000-0000-0000-0000-000000015161,OTHERS,240.4742092969169,1027.7500596021719,MIA
315969730.41622615,00000000-0000-0000-0000-000000015192,OTHERS,261.72988802669465,947.1880947245143,MIA
315969730.41622615,00000000-0000-0000-0000-000000015129,OTHERS,244.4705977930656,1027.7851436780218,MIA
