TIMESTAMP,TRACK_ID,OBJECT_TYPE,X,Y,CITY_NAME
315967189.74173075,00000000-0000-0000-0000-000000000000,AV,2044.9156460712866,613.3151076999626,PIT
315967189.74173075,00000000-0000-0000-0000-000000004938,AGENT,2087.363573091811,642.5748051571325,PIT
315967189.74173075,00000000-0000-0000-0000-000000006370,OTHERS,2069.5814682419195,628.5927196993413,PIT
315967189.74173075,00000000-0000-0000-0000-000000006400,OTHERS,1952.0909938893285,546.1946990324604,PIT
315967189.74173075,00000000-0000-0000-0000-000000006431,OTHERS,2013.7977076580032,593.681990968835,PIT
315967189.74173075,00000000-0000-0000-0000-000000006518,OTHERS,1986.293050575235,594.4775336106442,PIT
315967189.74173075,00000000-0000-0000-0000-000000006510,OTHERS,2022.6746126566352,603.7266394705069,PIT
315967189.74173075,00000000-0000-0000-0000-000000006253,OTHERS,2026.5537465612208,599.277213309105,PIT
315967189.74173075,00000000-0000-0000-0000-000000006488,OTHERS,2018.0315119595873,589.8355298389365,PIT
315967189.74173075,00000000-0000-0000-0000-000000006503,OTHERS,2036.1843075212296,610.7744551265704,PIT
315967189.74173075,00000000-0000-0000-0000-000000006475,OTHERS,2028.202557383594,597.2890714521336,PIT
315967189.8555384,00000000-0000-0000-0000-000000000000,AV,2045.9396485108896,614.0747645103025,PIT
315967189.8555384,00000000-0000-0000-0000-000000006370,OTHERS,2071.6939940853063,630.1031926110489,PIT
315967189.8555384,00000000-0000-0000-0000-000000006400,OTHERS,1949.8433440769606,544.3501840014444,PIT
315967189.8555384,00000000-0000-0000-0000-000000006431,OTHERS,2011.2919365186358,591.8432429795109,PIT
315967189.8555384,00000000-0000-0000-0000-000000006518,OTHERS,1985.7021694469504,595.2022902469968,PIT
315967189.8555384,00000000-0000-0000-0000-000000006253,OTHERS,2028.2729709066991,600.6970800164221,PIT
315967189.8555384,00000000-0000-0000-0000-000000006527,OTHERS,2005.4457585742114,583.3064022020342,PIT
315967189.8555384,00000000-0000-0000-0000-000000004938,AGENT,2089.468767376532,644.2707615221196,PIT
315967189.8555384,00000000-0000-0000-0000-000000006488,OTHERS,2020.7031103829968,592.1187246343626,PIT
315967189.8555384,00000000-0000-0000-0000-000000006510,OTHERS,2020.8281431262567,602.0942159675308,PIT
315967189.8555384,00000000-0000-0000-0000-000000006503,OTHERS,2034.1690597158965,609.2054696329877,PIT
315967189.8555384,00000000-0000-0000-0000-000000006475,OTHERS,2030.301247729336,598.9222410448673,PIT
315967189.9403647,00000000-0000-0000-0000-000000000000,AV,2046.707420478948,614.6418496649933,PIT
315967189.9403647,00000000-0000-0000-0000-000000006370,OTHERS,2072.9309099278425,631.064014890018,PIT
315967189.9403647,00000000-0000-0000-0000-000000006400,OTHERS,1948.632825848597,543.677884643376,PIT
315967189.9403647,00000000-0000-0000-0000-000000006431,OTHERS,2010.0366570656781,590.7896104589852,PIT
315967189.9403647,00000000-0000-0000-0000-000000006518,OTHERS,1986.2354992630053,594.2693235683472,PIT
315967189.9403647,00000000-0000-0000-0000-000000006253,OTHERS,2029.0940117171447,601.1932386843548,PIT
315967189.9403647,00000000-0000-0000-0000-000000006527,OTHERS,2005.4457585742114,583.3064022020342,PIT
315967189.9403647,00000000-0000-0000-0000-000000004938,AGENT,2090.3905610379225,645.0990578500067,PIT
315967189.9403647,00000000-0000-0000-0000-000000006488,OTHERS,2021.4640417513297,592.3702621572063,PIT
315967189.9403647,00000000-0000-0000-0000-000000006510,OTHERS,2020.1063618663793,601.3679949455774,PIT
315967189.9403647,00000000-0000-0000-0000-000000006503,OTHERS,2033.23693259624,608.4789109135722,PIT
315967189.9403647,00000000-0000-0000-0000-000000006475,OTHERS,2031.519713970178,599.8455645479771,PIT
315967190.04470223,00000000-0000-0000-0000-000000000000,AV,2047.6483932088024,615.3334726873114,PIT
315967190.04470223,00000000-0000-0000-0000-000000006370,OTHERS,2073.9100227789536,631.7733968342208,PIT
315967190.04470223,00000000-0000-0000-0000-000000006400,OTHERS,1947.6074453214144,542.4109622715566,PIT
315967190.04470223,00000000-0000-0000-0000-000000006431,OTHERS,2008.8704156163064,589.6389969754404,PIT
315967190.04470223,00000000-0000-0000-0000-000000006518,OTHERS,1986.2562554494248,594.294727401746,PIT
315967190.04470223,00000000-0000-0000-0000-000000006253,OTHERS,2029.8920555904501,601.833784787942,PIT
315967190.04470223,00000000-0000-0000-0000-000000006527,OTHERS,2005.4457585742114,583.3064022020342,PIT
315967190.04470223,00000000-0000-0000-0000-000000004938,AGENT,2091.41899698512,645.9405473387966,PIT
315967190.04470223,00000000-0000-0000-0000-000000006488,OTHERS,2022.6943374042871,593.3013625958138,PIT
315967190.04470223,00000000-0000-0000-0000-000000006510,OTHERS,2020.1063618749247,601.3679949523097,PIT
315967190.04470223,00000000-0000-0000-0000-000000006503,OTHERS,2032.050872421392,607.6524101541986,PIT
315967190.04470223,00000000-0000-0000-0000-000000006475,OTHERS,2032.7211652246522,600.7028010223028,PIT
315967190.1426113,00000000-0000-0000-0000-000000000000,AV,2048.5084153792905,615.9655709800596,PIT
315967190.1426113,00000000-0000-0000-0000-000000006370,OTHERS,2074.92087717294,632.5142908058439,PIT
315967190.1426113,00000000-0000-0000-0000-000000006400,OTHERS,1947.6074453299593,542.4109622782222,PIT
315967190.1426113,00000000-0000-0000-0000-000000006431,OTHERS,2007.443870076888,588.871368894266,PIT
315967190.1426113,00000000-0000-0000-0000-000000006518,OTHERS,1986.1649315990023,594.5642931962855,PIT
315967190.1426113,00000000-0000-0000-0000-000000006253,OTHERS,2030.7385611170687,602.4387458047541,PIT
315967190.1426113,00000000-0000-0000-0000-000000006527,OTHERS,2005.4457585742114,583.3064022020342,PIT
315967190.1426113,00000000-0000-0000-0000-000000004938,AGENT,2092.3224847984397,646.7049969037349,PIT
315967190.1426113,00000000-0000-0000-0000-000000006530,OTHERS,2008.131692590511,588.6503632033098,PIT
315967190.1426113,00000000-0000-0000-0000-000000006488,OTHERS,2023.771148158016,594.1132272662923,PIT
315967190.1426113,00000000-0000-0000-0000-000000006510,OTHERS,2020.1063618834714,601.3679949590428,PIT
315967190.1426113,00000000-0000-0000-0000-000000006503,OTHERS,2031.1006795876456,606.8768806842318,PIT
315967190.1426113,00000000-0000-0000-0000-000000006475,OTHERS,2033.8101651321124,601.5305670224283,PIT
315967190.2437552,00000000-0000-0000-0000-000000000000,AV,2049.3727929154775,616.6018032640675,PIT
315967190.2437552,00000000-0000-0000-0000-000000006253,OTHERS,2031.5739667673806,603.1220562532745,PIT
315967190.2437552,00000000-0000-0000-0000-000000006370,OTHERS,2075.9108391821233,633.281766138562,PIT
315967190.2437552,00000000-0000-0000-0000-000000006400,OTHERS,1947.607445338504,542.4109622848874,PIT
315967190.2437552,00000000-0000-0000-0000-000000006431,OTHERS,2006.3145217258493,587.7169501617235,PIT
315967190.2437552,00000000-0000-0000-0000-000000004938,AGENT,2093.295710409081,647.4351874108737,PIT
315967190.2437552,00000000-0000-0000-0000-000000006530,OTHERS,2008.9941105010073,586.2134315540967,PIT
315967190.2437552,00000000-0000-0000-0000-000000006488,OTHERS,2024.8439575281948,594.9522099897413,PIT
315967190.2437552,00000000-0000-0000-0000-000000006510,OTHERS,2020.1063618920166,601.3679949657752,PIT
315967190.2437552,00000000-0000-0000-0000-000000006503,OTHERS,2030.159932752012,606.098136742563,PIT
315967190.2437552,00000000-0000-0000-0000-000000006475,OTHERS,2034.8797921952653,602.3685631005402,PIT
315967190.2437552,00000000-0000-0000-0000-000000006518,OTHERS,1986.0458053523264,594.7579940880447,PIT
315967190.3366715,00000000-0000-0000-0000-000000000000,AV,2050.236075382766,617.2381647509567,PIT
315967190.3366715,00000000-0000-0000-0000-000000006253,OTHERS,2032.4188501940573,603.7200401063009,PIT
315967190.3366715,00000000-0000-0000-0000-000000006370,OTHERS,2076.9791775147264,634.1018055592892,PIT
315967190.3366715,00000000-0000-0000-0000-000000006400,OTHERS,1947.607445347048,542.4109622915532,PIT
315967190.3366715,00000000-0000-0000-0000-000000004938,AGENT,2094.2018826385433,648.288050653173,PIT
315967190.3366715,00000000-0000-0000-0000-000000006530,OTHERS,2008.9941105010073,586.2134315540967,PIT
315967190.3366715,00000000-0000-0000-0000-000000006488,OTHERS,2025.991740006461,595.816051201537,PIT
315967190.3366715,00000000-0000-0000-0000-000000006431,OTHERS,2005.1659299395083,586.8639452488272,PIT
315967190.3366715,00000000-0000-0000-0000-000000006503,OTHERS,2029.0903335973198,605.2880004737985,PIT
315967190.3366715,00000000-0000-0000-0000-000000006475,OTHERS,2036.199880226056,603.3175304819304,PIT
315967190.3366715,00000000-0000-0000-0000-000000006518,OTHERS,1986.2157761951169,594.6778473375141,PIT
315967190.43944806,00000000-0000-0000-0000-000000000000,AV,2051.106444051386,617.8833265357039,PIT
315967190.43944806,00000000-0000-0000-0000-000000006253,OTHERS,2033.2167255892111,604.302442211568,PIT
315967190.43944806,00000000-0000-0000-0000-000000006370,OTHERS,2078.093872414306,634.9183682506746,PIT
315967190.43944806,00000000-0000-0000-0000-000000006431,OTHERS,2003.9133200343522,585.7591709120343,PIT
315967190.43944806,00000000-0000-0000-0000-000000004938,AGENT,2095.1369055223417,649.1109359137741,PIT
315967190.43944806,00000000-0000-0000-0000-000000006530,OTHERS,2008.9941105010073,586.2134315540967,PIT
315967190.43944806,00000000-0000-0000-0000-000000006488,OTHERS,2027.2920522869892,596.7519497648855,PIT
315967190.43944806,00000000-0000-0000-0000-000000006503,OTHERS,2028.098449952992,604.6498976373276,PIT
315967190.43944806,00000000-0000-0000-0000-000000006475,OTHERS,2037.3736123694434,604.1591327937007,PIT
315967190.43944806,00000000-0000-0000-0000-000000006518,OTHERS,1986.0591638167764,594.7851739874059,PIT
315967190.5370066,00000000-0000-0000-0000-000000000000,AV,2051.9784501625736,618.5306627160769,PIT
315967190.5370066,00000000-0000-0000-0000-000000006253,OTHERS,2034.0787816177392,604.9872302055649,PIT
315967190.5370066,00000000-0000-0000-0000-000000006370,OTHERS,2079.0868728773307,635.7048501422415,PIT
315967190.5370066,00000000-0000-0000-0000-000000006431,OTHERS,2002.6169976343344,584.9026806299007,PIT
315967190.5370066,00000000-0000-0000-0000-000000004938,AGENT,2096.1412537444726,650.0803344687257,PIT
315967190.5370066,00000000-0000-0000-0000-000000006530,OTHERS,2008.9941105010073,586.2134315540967,PIT
315967190.5370066,00000000-0000-0000-0000-000000006488,OTHERS,2028.3227877886047,597.5543895491805,PIT
315967190.5370066,00000000-0000-0000-0000-000000006503,OTHERS,2027.1030718427025,603.9701565478198,PIT
315967190.5370066,00000000-0000-0000-0000-000000006475,OTHERS,2038.5195959043008,605.0623237412858,PIT
315967190.5370066,00000000-0000-0000-0000-000000006518,OTHERS,1986.2919801040825,594.1243413254157,PIT
315967190.64726746,00000000-0000-0000-0000-000000000000,AV,2053.025963312385,619.3107527720323,PIT
315967190.64726746,00000000-0000-0000-0000-000000004938,AGENT,2096.962151893578,650.8228720156683,PIT
315967190.64726746,00000000-0000-0000-0000-000000006253,OTHERS,2034.9197167061375,605.6375843416097,PIT
315967190.64726746,00000000-0000-0000-0000-000000006370,OTHERS,2080.1571699640976,636.4078135642794,PIT
315967190.64726746,00000000-0000-0000-0000-000000006431,OTHERS,2001.36182814007,583.9369448056444,PIT
315967190.64726746,00000000-0000-0000-0000-000000006518,OTHERS,1986.5436991453955,594.2504103246397,PIT
315967190.64726746,00000000-0000-0000-0000-000000006475,OTHERS,2039.6987040977112,605.9439859340205,PIT
315967190.64726746,00000000-0000-0000-0000-000000006532,OTHERS,2135.032349092071,691.0660014384456,PIT
315967190.64726746,00000000-0000-0000-0000-000000006503,OTHERS,2026.072373669596,603.2986836118303,PIT
315967190.64726746,00000000-0000-0000-0000-000000006488,OTHERS,2029.4573189679666,598.3970337095036,PIT
315967190.7477458,00000000-0000-0000-0000-000000000000,AV,2053.901758733841,619.961822549695,PIT
315967190.7477458,00000000-0000-0000-0000-000000004938,AGENT,2097.8173569304267,651.5055496143716,PIT
315967190.7477458,00000000-0000-0000-0000-000000006253,OTHERS,2035.3682715110904,606.0237627415878,PIT
315967190.7477458,00000000-0000-0000-0000-000000006370,OTHERS,2081.2947550079766,637.3523140535783,PIT
315967190.7477458,00000000-0000-0000-0000-000000006431,OTHERS,2000.225839258289,582.9053416480343,PIT
315967190.7477458,00000000-0000-0000-0000-000000006518,OTHERS,1985.867194112097,594.9940177404055,PIT
315967190.7477458,00000000-0000-0000-0000-000000006475,OTHERS,2040.8999765618005,606.8427804171337,PIT
315967190.7477458,00000000-0000-0000-0000-000000006532,OTHERS,2135.032349092071,691.0660014384456,PIT
315967190.7477458,00000000-0000-0000-0000-000000006503,OTHERS,2025.3283572060407,602.7336941660483,PIT
315967190.7477458,00000000-0000-0000-0000-000000006488,OTHERS,2030.630095257517,599.1550612711873,PIT
315967190.84906346,00000000-0000-0000-0000-000000000000,AV,2054.783262767988,620.617581189716,PIT
315967190.84906346,00000000-0000-0000-0000-000000004938,AGENT,2098.8143846960734,652.3441297786726,PIT
315967190.84906346,00000000-0000-0000-0000-000000006253,OTHERS,2036.1229417165634,606.5270324421963,PIT
315967190.84906346,00000000-0000-0000-0000-000000006370,OTHERS,2082.386427631535,638.0810919455653,PIT
315967190.84906346,00000000-0000-0000-0000-000000006535,OTHERS,2013.25116479058,596.9531385524027,PIT
315967190.84906346,00000000-0000-0000-0000-000000006431,OTHERS,1999.0535284343023,582.0163516569447,PIT
315967190.84906346,00000000-0000-0000-0000-000000006488,OTHERS,2031.7622246349488,599.963061543436,PIT
315967190.84906346,00000000-0000-0000-0000-000000006518,OTHERS,1986.1880299216366,594.6300608350705,PIT
315967190.84906346,00000000-0000-0000-0000-000000006475,OTHERS,2042.0948018327026,607.7078511111938,PIT
315967190.84906346,00000000-0000-0000-0000-000000006532,OTHERS,2135.032349092071,691.0660014384456,PIT
315967190.84906346,00000000-0000-0000-0000-000000006503,OTHERS,2024.2776862911896,601.7952221026437,PIT
315967190.94847554,00000000-0000-0000-0000-000000000000,AV,2055.6604650982904,621.2735623133457,PIT
315967190.94847554,00000000-0000-0000-0000-000000004938,AGENT,2099.7835009075457,653.3221150201678,PIT
315967190.94847554,00000000-0000-0000-0000-000000006253,OTHERS,2036.9095799763727,607.1320003999815,PIT
315967190.94847554,00000000-0000-0000-0000-000000006370,OTHERS,2083.34174125796,638.8251192092376,PIT
315967190.94847554,00000000-0000-0000-0000-000000006535,OTHERS,2012.6748538870638,596.3069626814781,PIT
315967190.94847554,00000000-0000-0000-0000-000000006431,OTHERS,1997.5567691752865,581.3465441944386,PIT
315967190.94847554,00000000-0000-0000-0000-000000006488,OTHERS,2032.7029722011566,600.7000170472699,PIT
315967190.94847554,00000000-0000-0000-0000-000000006518,OTHERS,1985.8682199249765,595.0796639027942,PIT
315967190.94847554,00000000-0000-0000-0000-000000006534,OTHERS,1997.7509536878308,581.2033933395433,PIT
315967190.94847554,00000000-0000-0000-0000-000000006475,OTHERS,2043.2300576531748,608.5552532288847,PIT
315967190.94847554,00000000-0000-0000-0000-000000006503,OTHERS,2023.2410875208807,601.0202995585552,PIT
315967190.94847554,00000000-0000-0000-0000-000000006532,OTHERS,2131.5318535819915,688.3082847714671,PIT
315967191.04949915,00000000-0000-0000-0000-000000000000,AV,2056.6269297583553,621.9962972148868,PIT
315967191.04949915,00000000-0000-0000-0000-000000004938,AGENT,2100.7201947628887,654.1504836565806,PIT
315967191.04949915,00000000-0000-0000-0000-000000006253,OTHERS,2038.2474314587325,608.1346676326394,PIT
315967191.04949915,00000000-0000-0000-0000-000000006370,OTHERS,2084.4063697386214,639.7330563724785,PIT
315967191.04949915,00000000-0000-0000-0000-000000006535,OTHERS,2012.0055604925485,595.804929832156,PIT
315967191.04949915,00000000-0000-0000-0000-000000006431,OTHERS,1996.5056848712986,579.951680291541,PIT
315967191.04949915,00000000-0000-0000-0000-000000006488,OTHERS,2033.7917373579653,601.5090556347371,PIT
315967191.04949915,00000000-0000-0000-0000-000000006518,OTHERS,1986.0224367339042,594.9110945845955,PIT
315967191.04949915,00000000-0000-0000-0000-000000006534,OTHERS,1997.7509536878308,581.2033933395433,PIT
315967191.04949915,00000000-0000-0000-0000-000000006475,OTHERS,2044.4788738124496,609.5031957781953,PIT
315967191.04949915,00000000-0000-0000-0000-000000006532,OTHERS,2131.5318535819915,688.3082847714671,PIT
315967191.04949915,00000000-0000-0000-0000-000000006503,OTHERS,2022.1892814863975,600.3001260350327,PIT
315967191.14949965,00000000-0000-0000-0000-000000000000,AV,2057.516459774056,622.6599763539201,PIT
315967191.14949965,00000000-0000-0000-0000-000000004938,AGENT,2101.6541981189243,654.9753941997642,PIT
315967191.14949965,00000000-0000-0000-0000-000000006253,OTHERS,2039.1248263864566,608.7860091296609,PIT
315967191.14949965,00000000-0000-0000-0000-000000006370,OTHERS,2085.4533141885395,640.4034039499855,PIT
315967191.14949965,00000000-0000-0000-0000-000000006535,OTHERS,2011.4300849422784,595.5849593112837,PIT
315967191.14949965,00000000-0000-0000-0000-000000006431,OTHERS,1995.2785720298805,579.1560641161306,PIT
315967191.14949965,00000000-0000-0000-0000-000000006488,OTHERS,2034.8107670634906,602.3240438990763,PIT
315967191.14949965,00000000-0000-0000-0000-000000006518,OTHERS,1985.7358165034161,595.1705337297964,PIT
315967191.14949965,00000000-0000-0000-0000-000000006534,OTHERS,1997.7509536878308,581.2033933395433,PIT
315967191.14949965,00000000-0000-0000-0000-000000006475,OTHERS,2045.568132780028,610.2743029892904,PIT
315967191.14949965,00000000-0000-0000-0000-000000006503,OTHERS,2021.2859802120056,599.5346135858669,PIT
315967191.14949965,00000000-0000-0000-0000-000000006532,OTHERS,2129.4940137380013,686.3001204672418,PIT
315967191.24772626,00000000-0000-0000-0000-000000000000,AV,2058.3997256438684,623.321461472372,PIT
315967191.24772626,00000000-0000-0000-0000-000000004938,AGENT,2102.4280309432406,655.6207049772968,PIT
315967191.24772626,00000000-0000-0000-0000-000000006253,OTHERS,2039.9887667090106,609.4492998863402,PIT
315967191.24772626,00000000-0000-0000-0000-000000006370,OTHERS,2086.5108151843297,641.2155112546967,PIT
315967191.24772626,00000000-0000-0000-0000-000000006535,OTHERS,2010.7435654733465,595.0323691161298,PIT
315967191.24772626,00000000-0000-0000-0000-000000006431,OTHERS,1994.0535731924567,578.2225597220557,PIT
315967191.24772626,00000000-0000-0000-0000-000000006518,OTHERS,1986.1830453587545,594.514336742013,PIT
315967191.24772626,00000000-0000-0000-0000-000000006475,OTHERS,2046.8898812809812,611.3025646810883,PIT
315967191.24772626,00000000-0000-0000-0000-000000006503,OTHERS,2019.977898870534,598.6909050707383,PIT
315967191.24772626,00000000-0000-0000-0000-000000006532,OTHERS,2128.1172603625014,685.3615782992854,PIT
315967191.24772626,00000000-0000-0000-0000-000000006488,OTHERS,2035.9781985227085,603.0797556015619,PIT
315967191.24772626,00000000-0000-0000-0000-000000006534,OTHERS,1997.7509536878308,581.2033933395433,PIT
315967191.3516525,00000000-0000-0000-0000-000000000000,AV,2059.3730648079268,624.0495370225268,PIT
315967191.3516525,00000000-0000-0000-0000-000000004938,AGENT,2103.331777227129,656.5535938600805,PIT
315967191.3516525,00000000-0000-0000-0000-000000006253,OTHERS,2040.8252652332387,610.0646167544596,PIT
315967191.3516525,00000000-0000-0000-0000-000000006370,OTHERS,2087.4602716662575,641.9464735108322,PIT
315967191.3516525,00000000-0000-0000-0000-000000006535,OTHERS,2010.7435654825158,595.0323691226828,PIT
315967191.3516525,00000000-0000-0000-0000-000000006431,OTHERS,1992.8109392406675,577.1617560025676,PIT
315967191.3516525,00000000-0000-0000-0000-000000006518,OTHERS,1986.1655767459847,594.7017039776691,PIT
315967191.3516525,00000000-0000-0000-0000-000000006488,OTHERS,2037.0802552687687,603.9074470665081,PIT
315967191.3516525,00000000-0000-0000-0000-000000006475,OTHERS,2048.031317250905,612.1663966680977,PIT
315967191.3516525,00000000-0000-0000-0000-000000006503,OTHERS,2019.0409225664173,597.991517083095,PIT
315967191.3516525,00000000-0000-0000-0000-000000006532,OTHERS,2127.0271943697007,684.4385828894676,PIT
315967191.45035946,00000000-0000-0000-0000-000000000000,AV,2060.264122947445,624.7126608689557,PIT
315967191.45035946,00000000-0000-0000-0000-000000004938,AGENT,2104.2849692330647,657.3606335981477,PIT
315967191.45035946,00000000-0000-0000-0000-000000006253,OTHERS,2041.668565043243,610.7377276434297,PIT
315967191.45035946,00000000-0000-0000-0000-000000006535,OTHERS,2010.7435654916849,595.0323691292358,PIT
315967191.45035946,00000000-0000-0000-0000-000000006431,OTHERS,1991.587117098732,576.0591082623456,PIT
315967191.45035946,00000000-0000-0000-0000-000000006518,OTHERS,1986.207697432482,594.6063395512322,PIT
315967191.45035946,00000000-0000-0000-0000-000000006488,OTHERS,2038.139591418893,604.6809856247531,PIT
315967191.45035946,00000000-0000-0000-0000-000000006370,OTHERS,2088.490012197215,642.7093919559569,PIT
315967191.45035946,00000000-0000-0000-0000-000000006475,OTHERS,2049.094787767317,612.9458732789433,PIT
315967191.45035946,00000000-0000-0000-0000-000000006503,OTHERS,2018.020748885136,597.1231273197071,PIT
315967191.45035946,00000000-0000-0000-0000-000000006532,OTHERS,2125.9522187566413,683.5876380129265,PIT
315967191.5530017,00000000-0000-0000-0000-000000000000,AV,2061.149476605929,625.3716261221401,PIT
315967191.5530017,00000000-0000-0000-0000-000000004938,AGENT,2105.1892267743874,658.1327156324953,PIT
315967191.5530017,00000000-0000-0000-0000-000000006253,OTHERS,2042.4797993357706,611.3322592144892,PIT
315967191.5530017,00000000-0000-0000-0000-000000006535,OTHERS,2010.7435655008533,595.0323691357893,PIT
315967191.5530017,00000000-0000-0000-0000-000000006431,OTHERS,1990.1959554505786,575.2483483278868,PIT
315967191.5530017,00000000-0000-0000-0000-000000006518,OTHERS,1986.224463212073,594.6178913036532,PIT
315967191.5530017,00000000-0000-0000-0000-000000006370,OTHERS,2089.6539178734797,643.6289867624017,PIT
315967191.5530017,00000000-0000-0000-0000-000000006475,OTHERS,2050.351827163852,613.8417546901803,PIT
315967191.5530017,00000000-0000-0000-0000-000000006503,OTHERS,2016.9939892601624,596.3782343195887,PIT
315967191.5530017,00000000-0000-0000-0000-000000006532,OTHERS,2124.784324299211,682.5962718203808,PIT
315967191.5530017,00000000-0000-0000-0000-000000006488,OTHERS,2039.1848706663031,605.4984046997713,PIT
315967191.63907623,00000000-0000-0000-0000-000000000000,AV,2061.951292115658,625.9687038151814,PIT
315967191.63907623,00000000-0000-0000-0000-000000004938,AGENT,2106.1374330567087,658.9350494895405,PIT
315967191.63907623,00000000-0000-0000-0000-000000006253,OTHERS,2043.342177034225,611.9855112686719,PIT
315967191.63907623,00000000-0000-0000-0000-000000006544,OTHERS,2163.976219996069,708.157999361321,PIT
315967191.63907623,00000000-0000-0000-0000-000000006431,OTHERS,1988.9987701501216,574.1534203713214,PIT
315967191.63907623,00000000-0000-0000-0000-000000006518,OTHERS,1986.0279204334106,594.8157089198014,PIT
315967191.63907623,00000000-0000-0000-0000-000000006370,OTHERS,2090.5485677452934,644.2495271794993,PIT
315967191.63907623,00000000-0000-0000-0000-000000006546,OTHERS,1973.715886061882,556.5797006547108,PIT
315967191.63907623,00000000-0000-0000-0000-000000006532,OTHERS,2123.6033473358098,681.587683619513,PIT
315967191.63907623,00000000-0000-0000-0000-000000006475,OTHERS,2051.5722837557987,614.8001251702765,PIT
315967191.63907623,00000000-0000-0000-0000-000000006503,OTHERS,2015.9256489017184,595.5147764932525,PIT
315967191.63907623,00000000-0000-0000-0000-000000006488,OTHERS,2040.2168056739426,606.1193782559467,PIT
315967191.74248725,00000000-0000-0000-0000-000000000000,AV,2062.9305109683733,626.6948509115692,PIT
315967191.74248725,00000000-0000-0000-0000-000000004938,AGENT,2106.84531938535,659.7146880470754,PIT
315967191.74248725,00000000-0000-0000-0000-000000006253,OTHERS,2044.1126069289185,612.5930522639185,PIT
315967191.74248725,00000000-0000-0000-0000-000000006544,OTHERS,2163.976219996069,708.157999361321,PIT
315967191.74248725,00000000-0000-0000-0000-000000006431,OTHERS,1987.8893728677126,573.0368484380492,PIT
315967191.74248725,00000000-0000-0000-0000-000000006518,OTHERS,1986.388637952729,594.5056084970814,PIT
315967191.74248725,00000000-0000-0000-0000-000000006370,OTHERS,2091.4600998418227,644.9816561422261,PIT
315967191.74248725,00000000-0000-0000-0000-000000006546,OTHERS,1974.8071211477195,557.3970528085244,PIT
315967191.74248725,00000000-0000-0000-0000-000000006475,OTHERS,2052.619280774861,615.5329839123742,PIT
315967191.74248725,00000000-0000-0000-0000-000000006532,OTHERS,2122.218836384196,680.6372781779933,PIT
315967191.74248725,00000000-0000-0000-0000-000000006503,OTHERS,2014.864789629608,594.4877064513888,PIT
315967191.74248725,00000000-0000-0000-0000-000000006488,OTHERS,2040.8822339023209,606.7032346871242,PIT
315967191.84387165,00000000-0000-0000-0000-000000000000,AV,2063.8237887607293,627.355897472322,PIT
315967191.84387165,00000000-0000-0000-0000-000000004938,AGENT,2107.8552360481654,660.4005162992322,PIT
315967191.84387165,00000000-0000-0000-0000-000000006253,OTHERS,2044.924547366915,613.2090127544449,PIT
315967191.84387165,00000000-0000-0000-0000-000000006544,OTHERS,2163.976219996069,708.157999361321,PIT
315967191.84387165,00000000-0000-0000-0000-000000006518,OTHERS,1985.7951109386624,595.1202838662578,PIT
315967191.84387165,00000000-0000-0000-0000-000000006488,OTHERS,2042.436546411456,607.9490873500263,PIT
315967191.84387165,00000000-0000-0000-0000-000000006475,OTHERS,2053.867358689884,616.4395356361148,PIT
315967191.84387165,00000000-0000-0000-0000-000000006503,OTHERS,2014.0643540033946,593.9361508499785,PIT
315967191.84387165,00000000-0000-0000-0000-000000006532,OTHERS,2120.9268948008985,679.3934441262843,PIT
315967191.84387165,00000000-0000-0000-0000-000000006431,OTHERS,1986.6409644649973,572.3911998442165,PIT
315967191.84387165,00000000-0000-0000-0000-000000006370,OTHERS,2092.526106272336,645.7759791283485,PIT
315967191.84387165,00000000-0000-0000-0000-000000006546,OTHERS,1974.807121156548,557.3970528157004,PIT
315967191.9473821,00000000-0000-0000-0000-000000000000,AV,2064.8034073316453,628.0826758224565,PIT
315967191.9473821,00000000-0000-0000-0000-000000004938,AGENT,2108.640404401131,661.2321641779048,PIT
315967191.9473821,00000000-0000-0000-0000-000000006253,OTHERS,2045.863657918569,613.8566032077578,PIT
315967191.9473821,00000000-0000-0000-0000-000000006544,OTHERS,2163.976219996069,708.157999361321,PIT
315967191.9473821,00000000-0000-0000-0000-000000006370,OTHERS,2093.674165683309,646.6463647351568,PIT
315967191.9473821,00000000-0000-0000-0000-000000006532,OTHERS,2119.863326286984,678.3869794334503,PIT
315967191.9473821,00000000-0000-0000-0000-000000006503,OTHERS,2012.9139171881518,593.0172263177662,PIT
315967191.9473821,00000000-0000-0000-0000-000000006475,OTHERS,2054.9956528243397,617.3378686535244,PIT
315967191.9473821,00000000-0000-0000-0000-000000006431,OTHERS,1985.5390148506867,571.2424918377018,PIT
315967191.9473821,00000000-0000-0000-0000-000000006546,OTHERS,1977.0233364089224,559.3063874512824,PIT
315967191.9473821,00000000-0000-0000-0000-000000006488,OTHERS,2043.5426890163474,608.7315634379013,PIT
315967191.9473821,00000000-0000-0000-0000-000000006518,OTHERS,1985.985792547892,594.9295368656738,PIT
315967192.05514205,00000000-0000-0000-0000-000000000000,AV,2065.781611491308,628.807633379667,PIT
315967192.05514205,00000000-0000-0000-0000-000000004938,AGENT,2109.568034641114,661.9978259839106,PIT
315967192.05514205,00000000-0000-0000-0000-000000006253,OTHERS,2046.6561255147144,614.4528367750618,PIT
315967192.05514205,00000000-0000-0000-0000-000000006556,OTHERS,2026.68534796503,596.0876883458952,PIT
315967192.05514205,00000000-0000-0000-0000-000000006431,OTHERS,1984.3867476121065,570.0859018973317,PIT
315967192.05514205,00000000-0000-0000-0000-000000006546,OTHERS,1977.943101916756,560.3312346788922,PIT
315967192.05514205,00000000-0000-0000-0000-000000006370,OTHERS,2094.52402700829,647.3495564620579,PIT
315967192.05514205,00000000-0000-0000-0000-000000006532,OTHERS,2118.586331139389,677.3874326991203,PIT
315967192.05514205,00000000-0000-0000-0000-000000006503,OTHERS,2011.8904771865168,592.2915994046,PIT
315967192.05514205,00000000-0000-0000-0000-000000006475,OTHERS,2056.2468406060048,618.2385557322702,PIT
315967192.05514205,00000000-0000-0000-0000-000000006488,OTHERS,2044.4771093743882,609.3060996035186,PIT
315967192.05514205,00000000-0000-0000-0000-000000006518,OTHERS,1986.7606567753448,593.8914912154446,PIT
315967192.1466015,00000000-0000-0000-0000-000000000000,AV,2066.587986175721,629.4046468277568,PIT
315967192.1466015,00000000-0000-0000-0000-000000004938,AGENT,2110.4606466965342,662.8247149850778,PIT
315967192.1466015,00000000-0000-0000-0000-000000006556,OTHERS,2027.6090091555216,596.8848017480249,PIT
315967192.1466015,00000000-0000-0000-0000-000000006431,OTHERS,1983.2926443204053,569.0366538141237,PIT
315967192.1466015,00000000-0000-0000-0000-000000006546,OTHERS,1979.089663964745,560.9234902164947,PIT
315967192.1466015,00000000-0000-0000-0000-000000006370,OTHERS,2095.4391545935105,648.0529396358941,PIT
315967192.1466015,00000000-0000-0000-0000-000000006532,OTHERS,2117.351395991285,676.5051380201303,PIT
315967192.1466015,00000000-0000-0000-0000-000000006503,OTHERS,2010.8679591895805,591.4062587604744,PIT
315967192.1466015,00000000-0000-0000-0000-000000006475,OTHERS,2057.364736598478,619.0617906135686,PIT
315967192.1466015,00000000-0000-0000-0000-000000006488,OTHERS,2045.5712879629025,610.1883525593787,PIT
315967192.1466015,00000000-0000-0000-0000-000000006518,OTHERS,1986.6808984192014,594.1498669606532,PIT
315967192.1466015,00000000-0000-0000-0000-000000006253,OTHERS,2047.5111693743154,615.1401996852477,PIT
315967192.2493361,00000000-0000-0000-0000-000000000000,AV,2067.571239696174,630.1335672230682,PIT
315967192.2493361,00000000-0000-0000-0000-000000006253,OTHERS,2048.2578438521814,615.6636221225313,PIT
315967192.2493361,00000000-0000-0000-0000-000000006431,OTHERS,1982.1027910499874,567.9807817289915,PIT
315967192.2493361,00000000-0000-0000-0000-000000006518,OTHERS,1986.7585869720651,594.0724805792026,PIT
315967192.2493361,00000000-0000-0000-0000-000000006488,OTHERS,2046.4422482217346,610.7859753524782,PIT
315967192.2493361,00000000-0000-0000-0000-000000004938,AGENT,2111.2962107252947,663.6049056341551,PIT
315967192.2493361,00000000-0000-0000-0000-000000006556,OTHERS,2027.6090091645733,596.8848017549045,PIT
315967192.2493361,00000000-0000-0000-0000-000000006370,OTHERS,2096.450540679184,648.8973151067454,PIT
315967192.2493361,00000000-0000-0000-0000-000000006546,OTHERS,1980.1009331028479,561.9997430901568,PIT
315967192.2493361,00000000-0000-0000-0000-000000006475,OTHERS,2058.454076762248,619.8967770859086,PIT
315967192.2493361,00000000-0000-0000-0000-000000006532,OTHERS,2116.359083885092,675.7733359391942,PIT
315967192.2493361,00000000-0000-0000-0000-000000006503,OTHERS,2009.7537643606968,590.6162524954473,PIT
315967192.3490607,00000000-0000-0000-0000-000000000000,AV,2068.463704185777,630.7957998080954,PIT
315967192.3490607,00000000-0000-0000-0000-000000006253,OTHERS,2049.172518193053,616.4129971882737,PIT
315967192.3490607,00000000-0000-0000-0000-000000006431,OTHERS,1982.102791059229,567.9807817356673,PIT
315967192.3490607,00000000-0000-0000-0000-000000006518,OTHERS,1985.4408914798173,595.5189167130762,PIT
315967192.3490607,00000000-0000-0000-0000-000000004938,AGENT,2112.315718491899,664.4050431945449,PIT
315967192.3490607,00000000-0000-0000-0000-000000006556,OTHERS,2029.5556108138119,598.3578258680174,PIT
315967192.3490607,00000000-0000-0000-0000-000000006370,OTHERS,2097.26295760855,649.4237325101523,PIT
315967192.3490607,00000000-0000-0000-0000-000000006546,OTHERS,1980.100933112099,561.9997430968293,PIT
315967192.3490607,00000000-0000-0000-0000-000000006475,OTHERS,2059.6984720270457,620.805987067998,PIT
315967192.3490607,00000000-0000-0000-0000-000000006532,OTHERS,2115.15246228576,674.5901386118521,PIT
315967192.3490607,00000000-0000-0000-0000-000000006503,OTHERS,2008.5524478853147,589.6941647049638,PIT
315967192.3490607,00000000-0000-0000-0000-000000006488,OTHERS,2047.5846915503048,611.7703869668293,PIT
315967192.4475617,00000000-0000-0000-0000-000000000000,AV,2069.3536077195317,631.457191181046,PIT
315967192.4475617,00000000-0000-0000-0000-000000006253,OTHERS,2049.8844933589403,616.9622474603407,PIT
315967192.4475617,00000000-0000-0000-0000-000000006431,OTHERS,1982.102791068473,567.9807817423432,PIT
315967192.4475617,00000000-0000-0000-0000-000000006518,OTHERS,1985.8222296276904,595.0926114759218,PIT
315967192.4475617,00000000-0000-0000-0000-000000004938,AGENT,2113.1348797142473,665.1413617577731,PIT
315967192.4475617,00000000-0000-0000-0000-000000006556,OTHERS,2030.6554302474967,599.1857588494615,PIT
315967192.4475617,00000000-0000-0000-0000-000000006370,OTHERS,2098.3359704300965,650.2861664571626,PIT
315967192.4475617,00000000-0000-0000-0000-000000006546,OTHERS,1980.1009331213504,561.9997431035026,PIT
315967192.4475617,00000000-0000-0000-0000-000000006475,OTHERS,2060.7369074828207,621.6376123907468,PIT
315967192.4475617,00000000-0000-0000-0000-000000006532,OTHERS,2113.8743865922147,673.4766924582749,PIT
315967192.4475617,00000000-0000-0000-0000-000000006503,OTHERS,2007.2567216766604,588.7003306817301,PIT
315967192.4475617,00000000-0000-0000-0000-000000006488,OTHERS,2048.2936088506153,612.1983606263725,PIT
315967192.55065286,00000000-0000-0000-0000-000000000000,AV,2070.3305997285333,632.1849830156784,PIT
315967192.55065286,00000000-0000-0000-0000-000000006253,OTHERS,2050.7410297501583,617.6070498800635,PIT
315967192.55065286,00000000-0000-0000-0000-000000006431,OTHERS,1982.1027910777161,567.9807817490191,PIT
315967192.55065286,00000000-0000-0000-0000-000000006518,OTHERS,1985.822229637028,595.0926114822631,PIT
315967192.55065286,00000000-0000-0000-0000-000000006488,OTHERS,2049.5061046068563,613.1447675027971,PIT
315967192.55065286,00000000-0000-0000-0000-000000004938,AGENT,2114.0499800654275,665.9439438195815,PIT
315967192.55065286,00000000-0000-0000-0000-000000006556,OTHERS,2030.7758715936443,599.0390022305091,PIT
315967192.55065286,00000000-0000-0000-0000-000000006370,OTHERS,2099.4013807695865,651.0670802446258,PIT
315967192.55065286,00000000-0000-0000-0000-000000006546,OTHERS,1980.1009331306038,561.9997431101755,PIT
315967192.55065286,00000000-0000-0000-0000-000000006475,OTHERS,2061.894159589448,622.5020404576662,PIT
315967192.55065286,00000000-0000-0000-0000-000000006503,OTHERS,2006.525568142999,587.9379175957348,PIT
315967192.55065286,00000000-0000-0000-0000-000000006532,OTHERS,2112.79672468438,672.7285173633022,PIT
315967192.63656,00000000-0000-0000-0000-000000000000,AV,2071.0465097821334,632.7155667045754,PIT
315967192.63656,00000000-0000-0000-0000-000000006253,OTHERS,2051.531028080116,618.1820891175752,PIT
315967192.63656,00000000-0000-0000-0000-000000006370,OTHERS,2100.5410998120155,652.2328238950752,PIT
315967192.63656,00000000-0000-0000-0000-000000006518,OTHERS,1985.8222296463653,595.0926114886042,PIT
315967192.63656,00000000-0000-0000-0000-000000004938,AGENT,2114.88204913936,666.5698302915938,PIT
315967192.63656,00000000-0000-0000-0000-000000006556,OTHERS,2032.744914056013,600.6699644837114,PIT
315967192.63656,00000000-0000-0000-0000-000000006475,OTHERS,2063.225624852305,623.4909616339379,PIT
315967192.63656,00000000-0000-0000-0000-000000006503,OTHERS,2005.01853854678,587.2545789654117,PIT
315967192.63656,00000000-0000-0000-0000-000000006532,OTHERS,2111.4806009123786,671.7911692724822,PIT
315967192.63656,00000000-0000-0000-0000-000000006488,OTHERS,2050.7840513135834,614.1140046832306,PIT
315967192.742009,00000000-0000-0000-0000-000000000000,AV,2072.023789985158,633.4444295556445,PIT
315967192.742009,00000000-0000-0000-0000-000000006253,OTHERS,2052.4442039640107,618.8852445871863,PIT
315967192.742009,00000000-0000-0000-0000-000000006370,OTHERS,2101.1371156878427,652.5305912053408,PIT
315967192.742009,00000000-0000-0000-0000-000000006518,OTHERS,1985.8222296557026,595.0926114949461,PIT
315967192.742009,00000000-0000-0000-0000-000000004938,AGENT,2115.7685442373227,667.422865801408,PIT
315967192.742009,00000000-0000-0000-0000-000000006556,OTHERS,2033.572758571152,601.3044058934379,PIT
315967192.742009,00000000-0000-0000-0000-000000006488,OTHERS,2051.608061361984,614.8013042199293,PIT
315967192.742009,00000000-0000-0000-0000-000000006503,OTHERS,2004.0619961382567,586.3057791145559,PIT
315967192.742009,00000000-0000-0000-0000-000000006532,OTHERS,2110.402377981272,670.6552187982904,PIT
315967192.742009,00000000-0000-0000-0000-000000006475,OTHERS,2064.423247297114,624.4290693515587,PIT
315967192.84348035,00000000-0000-0000-0000-000000000000,AV,2072.999127983513,634.1757901586,PIT
315967192.84348035,00000000-0000-0000-0000-000000006253,OTHERS,2053.2076475307817,619.4506011064959,PIT
315967192.84348035,00000000-0000-0000-0000-000000006370,OTHERS,2102.040437384061,653.3240308227392,PIT
315967192.84348035,00000000-0000-0000-0000-000000004938,AGENT,2116.6957589127687,668.2572971788555,PIT
315967192.84348035,00000000-0000-0000-0000-000000006556,OTHERS,2034.5452313212759,602.0867642447855,PIT
315967192.84348035,00000000-0000-0000-0000-000000006488,OTHERS,2052.898879747652,615.6644178564187,PIT
315967192.84348035,00000000-0000-0000-0000-000000006503,OTHERS,2003.060152561609,585.4549614773326,PIT
315967192.84348035,00000000-0000-0000-0000-000000006532,OTHERS,2108.999263517446,669.5374116310611,PIT
315967192.84348035,00000000-0000-0000-0000-000000006475,OTHERS,2065.511544399023,625.1839593439388,PIT
315967192.9414034,00000000-0000-0000-0000-000000000000,AV,2073.883484015051,634.8394545717154,PIT
315967192.9414034,00000000-0000-0000-0000-000000006253,OTHERS,2054.1197501123124,620.1345933671604,PIT
315967192.9414034,00000000-0000-0000-0000-000000006370,OTHERS,2103.105101912857,654.0248335794088,PIT
315967192.9414034,00000000-0000-0000-0000-000000004938,AGENT,2117.624961262737,668.9902666812021,PIT
315967192.9414034,00000000-0000-0000-0000-000000006556,OTHERS,2034.4950190596264,601.808848708805,PIT
315967192.9414034,00000000-0000-0000-0000-000000006488,OTHERS,2053.781755388151,616.3723031370803,PIT
315967192.9414034,00000000-0000-0000-0000-000000006503,OTHERS,2001.9753935218805,584.5241476192139,PIT
315967192.9414034,00000000-0000-0000-0000-000000006532,OTHERS,2107.7323811223723,668.640541436972,PIT
315967192.9414034,00000000-0000-0000-0000-000000006475,OTHERS,2066.653479480587,626.0539743173254,PIT
315967193.03711027,00000000-0000-0000-0000-000000000000,AV,2074.7664438907564,635.5036150783799,PIT
315967193.03711027,00000000-0000-0000-0000-000000006253,OTHERS,2054.9417689084967,620.725187774057,PIT
315967193.03711027,00000000-0000-0000-0000-000000006370,OTHERS,2103.946371904351,654.7997823576612,PIT
315967193.03711027,00000000-0000-0000-0000-000000004938,AGENT,2118.479396760159,669.8135851073688,PIT
315967193.03711027,00000000-0000-0000-0000-000000006556,OTHERS,2036.4183472302973,603.3689090279995,PIT
315967193.03711027,00000000-0000-0000-0000-000000006488,OTHERS,2055.141924283296,617.3269613628299,PIT
315967193.03711027,00000000-0000-0000-0000-000000006503,OTHERS,2001.9753935218805,584.5241476192139,PIT
315967193.03711027,00000000-0000-0000-0000-000000006532,OTHERS,2106.873956290127,668.0418595798385,PIT
315967193.03711027,00000000-0000-0000-0000-000000006475,OTHERS,2067.8079059533693,626.9009697377368,PIT
315967193.1421969,00000000-0000-0000-0000-000000000000,AV,2075.653140411149,636.1712796276017,PIT
315967193.1421969,00000000-0000-0000-0000-000000006253,OTHERS,2055.78249658186,621.379275393891,PIT
315967193.1421969,00000000-0000-0000-0000-000000006370,OTHERS,2105.0130334549567,655.6313852523798,PIT
315967193.1421969,00000000-0000-0000-0000-000000004938,AGENT,2119.3010322800155,670.4902947465274,PIT
315967193.1421969,00000000-0000-0000-0000-000000006556,OTHERS,2036.6796514351893,603.3480329659353,PIT
315967193.1421969,00000000-0000-0000-0000-000000006475,OTHERS,2068.947491146553,627.8337927783384,PIT
315967193.1421969,00000000-0000-0000-0000-000000006503,OTHERS,2001.9753935218805,584.5241476192139,PIT
315967193.1421969,00000000-0000-0000-0000-000000006532,OTHERS,2105.801913218436,667.0154264418143,PIT
315967193.1421969,00000000-0000-0000-0000-000000006488,OTHERS,2056.221448590324,618.1588088994177,PIT
315967193.2440395,00000000-0000-0000-0000-000000000000,AV,2076.6220790471602,636.9000354900962,PIT
315967193.2440395,00000000-0000-0000-0000-000000006253,OTHERS,2056.574709165537,621.9642171239391,PIT
315967193.2440395,00000000-0000-0000-0000-000000006370,OTHERS,2106.085946524568,656.6965783314856,PIT
315967193.2440395,00000000-0000-0000-0000-000000004938,AGENT,2120.10983851185,671.2458576564296,PIT
315967193.2440395,00000000-0000-0000-0000-000000006556,OTHERS,2037.5558770919765,604.1486059554879,PIT
315967193.2440395,00000000-0000-0000-0000-000000006475,OTHERS,2070.05750876399,628.6340032967977,PIT
315967193.2440395,00000000-0000-0000-0000-000000006503,OTHERS,2001.9753935218805,584.5241476192139,PIT
315967193.2440395,00000000-0000-0000-0000-000000006532,OTHERS,2104.5575949216245,666.0185154374653,PIT
315967193.2440395,00000000-0000-0000-0000-000000006488,OTHERS,2057.172853485416,618.9098969723748,PIT
315967193.3440577,00000000-0000-0000-0000-000000000000,AV,2077.505003992793,637.564569216402,PIT
315967193.3440577,00000000-0000-0000-0000-000000006253,OTHERS,2057.4186057754605,622.5690580548927,PIT
315967193.3440577,00000000-0000-0000-0000-000000006370,OTHERS,2106.8201908386754,657.0986880284579,PIT
315967193.3440577,00000000-0000-0000-0000-000000004938,AGENT,2121.006305740417,671.990937001862,PIT
315967193.3440577,00000000-0000-0000-0000-000000006556,OTHERS,2038.6149985794973,604.8609944000045,PIT
315967193.3440577,00000000-0000-0000-0000-000000006488,OTHERS,2058.3451038456283,619.7499941051398,PIT
315967193.3440577,00000000-0000-0000-0000-000000006532,OTHERS,2103.4975092309296,665.2031910408892,PIT
315967193.3440577,00000000-0000-0000-0000-000000006475,OTHERS,2071.3073306910487,629.5910449282175,PIT
315967193.4451243,00000000-0000-0000-0000-000000000000,AV,2078.3917454441007,638.2325921889769,PIT
315967193.4451243,00000000-0000-0000-0000-000000006253,OTHERS,2058.3113463679056,623.2588280507982,PIT
315967193.4451243,00000000-0000-0000-0000-000000006370,OTHERS,2107.7781148525173,657.9423420337931,PIT
315967193.4451243,00000000-0000-0000-0000-000000004938,AGENT,2121.7422443237037,672.7710920305784,PIT
315967193.4451243,00000000-0000-0000-0000-000000006556,OTHERS,2039.5001663449768,605.4778457030409,PIT
315967193.4451243,00000000-0000-0000-0000-000000006475,OTHERS,2072.3678243745553,630.3444629069937,PIT
315967193.4451243,00000000-0000-0000-0000-000000006532,OTHERS,2102.243995808949,664.2053719075251,PIT
315967193.4451243,00000000-0000-0000-0000-000000006488,OTHERS,2059.176705951399,620.348718520121,PIT
315967193.5449701,00000000-0000-0000-0000-000000000000,AV,2079.362546930294,638.9634010654378,PIT
315967193.5449701,00000000-0000-0000-0000-000000006253,OTHERS,2059.108080334875,623.8908097406829,PIT
315967193.5449701,00000000-0000-0000-0000-000000006370,OTHERS,2108.61112135425,658.6858393830964,PIT
315967193.5449701,00000000-0000-0000-0000-000000004938,AGENT,2122.6517652835023,673.4591412063558,PIT
315967193.5449701,00000000-0000-0000-0000-000000006556,OTHERS,2041.0701840997501,607.0987308139272,PIT
315967193.5449701,00000000-0000-0000-0000-000000006475,OTHERS,2073.472923238589,631.2057248056867,PIT
315967193.5449701,00000000-0000-0000-0000-000000006532,OTHERS,2101.0240053648668,663.205832283017,PIT
315967193.5449701,00000000-0000-0000-0000-000000006488,OTHERS,2060.1212142252093,621.0920785536711,PIT
315967193.64196587,00000000-0000-0000-0000-000000000000,AV,2080.244455744972,639.6271664105327,PIT
315967193.64196587,00000000-0000-0000-0000-000000006253,OTHERS,2059.990489144471,624.4649868342493,PIT
315967193.64196587,00000000-0000-0000-0000-000000006370,OTHERS,2109.654449642327,659.4945405501094,PIT
315967193.64196587,00000000-0000-0000-0000-000000004938,AGENT,2123.459066084978,674.1733946254423,PIT
315967193.64196587,00000000-0000-0000-0000-000000006556,OTHERS,2042.1450626145374,607.4298869682705,PIT
315967193.64196587,00000000-0000-0000-0000-000000006475,OTHERS,2074.5193486741955,632.0119868571861,PIT
315967193.64196587,00000000-0000-0000-0000-000000006532,OTHERS,2100.0598997203456,662.3661235426707,PIT
315967193.64196587,00000000-0000-0000-0000-000000006488,OTHERS,2061.2834483325064,621.9529242303232,PIT
315967193.75708216,00000000-0000-0000-0000-000000000000,AV,2081.218314559284,640.3588309483936,PIT
315967193.75708216,00000000-0000-0000-0000-000000006253,OTHERS,2060.7336593340847,625.0313664102671,PIT
315967193.75708216,00000000-0000-0000-0000-000000006370,OTHERS,2110.405258900096,660.0967371289801,PIT
315967193.75708216,00000000-0000-0000-0000-000000004938,AGENT,2124.3665610472253,674.8992321946332,PIT
315967193.75708216,00000000-0000-0000-0000-000000006556,OTHERS,2043.0583871967813,608.3742368430612,PIT
315967193.75708216,00000000-0000-0000-0000-000000006475,OTHERS,2075.76564733292,632.9653874297966,PIT
315967193.75708216,00000000-0000-0000-0000-000000006532,OTHERS,2098.826833588411,661.4171575982859,PIT
315967193.75708216,00000000-0000-0000-0000-000000006488,OTHERS,2062.5869466943627,622.9627612362048,PIT
315967193.8587402,00000000-0000-0000-0000-000000000000,AV,2082.192847925316,641.0895644633797,PIT
315967193.8587402,00000000-0000-0000-0000-000000006253,OTHERS,2061.5276575431626,625.660694573859,PIT
315967193.8587402,00000000-0000-0000-0000-000000006370,OTHERS,2111.470035424288,661.0405275863245,PIT
315967193.8587402,00000000-0000-0000-0000-000000004938,AGENT,2125.182940431694,675.5757798797464,PIT
315967193.8587402,00000000-0000-0000-0000-000000006556,OTHERS,2044.082671482176,608.8766986617303,PIT
315967193.8587402,00000000-0000-0000-0000-000000006488,OTHERS,2063.694605712462,623.7831957139451,PIT
315967193.8587402,00000000-0000-0000-0000-000000006532,OTHERS,2097.5282646915807,660.2851074734052,PIT
315967193.8587402,00000000-0000-0000-0000-000000006475,OTHERS,2076.85541670184,633.7910621077332,PIT
315967193.9442016,00000000-0000-0000-0000-000000000000,AV,2082.9898221343287,641.6860340157351,PIT
315967193.9442016,00000000-0000-0000-0000-000000006253,OTHERS,2062.38139698869,626.2312309196591,PIT
315967193.9442016,00000000-0000-0000-0000-000000006370,OTHERS,2112.2706291970967,661.6640869249252,PIT
315967193.9442016,00000000-0000-0000-0000-000000004938,AGENT,2125.9108064813845,676.2632385901661,PIT
315967193.9442016,00000000-0000-0000-0000-000000006556,OTHERS,2044.2535043834064,609.1140630841643,PIT
315967193.9442016,00000000-0000-0000-0000-000000006562,OTHERS,2166.373903108899,711.1507420072596,PIT
315967193.9442016,00000000-0000-0000-0000-000000006488,OTHERS,2064.549501354129,624.3861453766459,PIT
315967193.9442016,00000000-0000-0000-0000-000000006532,OTHERS,2096.3434053080746,659.4460258520756,PIT
315967193.9442016,00000000-0000-0000-0000-000000006475,OTHERS,2077.9628556189305,634.5968987378466,PIT
315967194.05004096,00000000-0000-0000-0000-000000000000,AV,2083.874804416373,642.3480699099488,PIT
315967194.05004096,00000000-0000-0000-0000-000000006253,OTHERS,2063.2990846041353,626.9971908654237,PIT
315967194.05004096,00000000-0000-0000-0000-000000006370,OTHERS,2113.109690598848,662.3553994672823,PIT
315967194.05004096,00000000-0000-0000-0000-000000004938,AGENT,2126.6635089075935,677.0213737264609,PIT
315967194.05004096,00000000-0000-0000-0000-000000006556,OTHERS,2045.751361139844,610.3519317564135,PIT
315967194.05004096,00000000-0000-0000-0000-000000006475,OTHERS,2078.962917815045,635.3714885584535,PIT
315967194.05004096,00000000-0000-0000-0000-000000006532,OTHERS,2095.2167634611287,658.4534036154131,PIT
315967194.05004096,00000000-0000-0000-0000-000000006562,OTHERS,2166.373903108899,711.1507420072596,PIT
315967194.05004096,00000000-0000-0000-0000-000000006488,OTHERS,2065.4945538003158,625.1493039857348,PIT
315967194.1454092,00000000-0000-0000-0000-000000000000,AV,2084.757264231776,643.0079649039383,PIT
315967194.1454092,00000000-0000-0000-0000-000000006253,OTHERS,2064.043667549889,627.5037664960926,PIT
315967194.1454092,00000000-0000-0000-0000-000000006370,OTHERS,2113.9914769682223,663.0820465951359,PIT
315967194.1454092,00000000-0000-0000-0000-000000004938,AGENT,2127.519360005413,677.6673105210126,PIT
315967194.1454092,00000000-0000-0000-0000-000000006556,OTHERS,2046.7673751188315,611.0336957912223,PIT
315967194.1454092,00000000-0000-0000-0000-000000006475,OTHERS,2080.1515415650338,636.2364304983117,PIT
315967194.1454092,00000000-0000-0000-0000-000000006532,OTHERS,2094.147102101911,657.7235526536638,PIT
315967194.1454092,00000000-0000-0000-0000-000000006562,OTHERS,2166.673635228408,710.9853750267073,PIT
315967194.1454092,00000000-0000-0000-0000-000000006488,OTHERS,2066.5962152542,625.9525184810268,PIT
315967194.25284266,00000000-0000-0000-0000-000000000000,AV,2085.734260060869,643.7385843485854,PIT
315967194.25284266,00000000-0000-0000-0000-000000006253,OTHERS,2064.819032427932,628.0713470595747,PIT
315967194.25284266,00000000-0000-0000-0000-000000006370,OTHERS,2115.000434069458,663.9934960865055,PIT
315967194.25284266,00000000-0000-0000-0000-000000004938,AGENT,2128.3653362130526,678.3295648714525,PIT
315967194.25284266,00000000-0000-0000-0000-000000006556,OTHERS,2047.07692883626,611.1587371587998,PIT
315967194.25284266,00000000-0000-0000-0000-000000006475,OTHERS,2081.3112866337633,637.1006094042566,PIT
315967194.25284266,00000000-0000-0000-0000-000000006532,OTHERS,2092.7847668571185,656.5972004299238,PIT
315967194.25284266,00000000-0000-0000-0000-000000006562,OTHERS,2166.9018784572986,710.9556053840506,PIT
315967194.25284266,00000000-0000-0000-0000-000000006488,OTHERS,2067.531529663608,626.7169647255788,PIT
315967194.34591055,00000000-0000-0000-0000-000000000000,AV,2086.6199625153627,644.4007833134857,PIT
315967194.34591055,00000000-0000-0000-0000-000000006253,OTHERS,2065.6175008718287,628.5883513669249,PIT
315967194.34591055,00000000-0000-0000-0000-000000006370,OTHERS,2115.920889703316,664.6670137703006,PIT
315967194.34591055,00000000-0000-0000-0000-000000004938,AGENT,2129.160596345133,678.9559762940781,PIT
315967194.34591055,00000000-0000-0000-0000-000000006556,OTHERS,2047.9862678490124,611.8781312264164,PIT
315967194.34591055,00000000-0000-0000-0000-000000006475,OTHERS,2082.461870119428,637.9004434889847,PIT
315967194.34591055,00000000-0000-0000-0000-000000006532,OTHERS,2091.6641239632377,655.6816691129045,PIT
315967194.34591055,00000000-0000-0000-0000-000000006562,OTHERS,2166.9018784572986,710.9556053840506,PIT
315967194.34591055,00000000-0000-0000-0000-000000006488,OTHERS,2068.7258666063904,627.5782623811558,PIT
315967194.4458032,00000000-0000-0000-0000-000000000000,AV,2087.5050252609367,645.0624285570851,PIT
315967194.4458032,00000000-0000-0000-0000-000000006253,OTHERS,2066.369976715886,629.2051716764082,PIT
315967194.4458032,00000000-0000-0000-0000-000000006370,OTHERS,2116.6914166150273,665.2941797596443,PIT
315967194.4458032,00000000-0000-0000-0000-000000006567,OTHERS,2176.7125451773545,723.9460754659673,PIT
315967194.4458032,00000000-0000-0000-0000-000000004938,AGENT,2129.9265411682213,679.605575648266,PIT
315967194.4458032,00000000-0000-0000-0000-000000006556,OTHERS,2048.9388826285835,612.6274262743168,PIT
315967194.4458032,00000000-0000-0000-0000-000000006475,OTHERS,2083.628346523108,638.7778172513916,PIT
315967194.4458032,00000000-0000-0000-0000-000000006532,OTHERS,2090.400884091412,654.7057868297983,PIT
315967194.4458032,00000000-0000-0000-0000-000000006562,OTHERS,2166.9018784572986,710.9556053840506,PIT
315967194.4458032,00000000-0000-0000-0000-000000006488,OTHERS,2069.6466605769124,628.3243145189673,PIT
315967194.54763204,00000000-0000-0000-0000-000000000000,AV,2088.391806546099,645.7260732023326,PIT
315967194.54763204,00000000-0000-0000-0000-000000006253,OTHERS,2067.1285689485067,629.814352343437,PIT
315967194.54763204,00000000-0000-0000-0000-000000006370,OTHERS,2117.543650455837,666.0112541472654,PIT
315967194.54763204,00000000-0000-0000-0000-000000006488,OTHERS,2070.6994684928864,629.1204448354282,PIT
315967194.54763204,00000000-0000-0000-0000-000000006562,OTHERS,2166.9018784572986,710.9556053840506,PIT
315967194.54763204,00000000-0000-0000-0000-000000006567,OTHERS,2176.2454926509035,723.3503320225432,PIT
315967194.54763204,00000000-0000-0000-0000-000000004938,AGENT,2130.6809565842514,680.3441376868658,PIT
315967194.54763204,00000000-0000-0000-0000-000000006556,OTHERS,2049.8670135747075,613.3670457353693,PIT
315967194.54763204,00000000-0000-0000-0000-000000006475,OTHERS,2084.7071910538893,639.601898861416,PIT
315967194.54763204,00000000-0000-0000-0000-000000006532,OTHERS,2089.170172279043,653.703783790343,PIT
315967194.6445211,00000000-0000-0000-0000-000000000000,AV,2089.274475113193,646.3879565425992,PIT
315967194.6445211,00000000-0000-0000-0000-000000006253,OTHERS,2068.004895844255,630.4792560332266,PIT
315967194.6445211,00000000-0000-0000-0000-000000006370,OTHERS,2118.3518379047146,666.6829315442403,PIT
315967194.6445211,00000000-0000-0000-0000-000000006567,OTHERS,2175.6296440687797,722.8192792100218,PIT
315967194.6445211,00000000-0000-0000-0000-000000004938,AGENT,2131.429783139437,680.9275022142813,PIT
315967194.6445211,00000000-0000-0000-0000-000000006556,OTHERS,2050.879249465951,614.135985773768,PIT
315967194.6445211,00000000-0000-0000-0000-000000006475,OTHERS,2085.7249153141333,640.3312069616794,PIT
315967194.6445211,00000000-0000-0000-0000-000000006532,OTHERS,2087.9489242611626,652.7231314266453,PIT
315967194.6445211,00000000-0000-0000-0000-000000006488,OTHERS,2071.740468536778,629.9167911884313,PIT
