TIMESTAMP,TRACK_ID,OBJECT_TYPE,X,Y,CITY_NAME
315968253.45495784,00000000-0000-0000-0000-000000000000,AV,728.0051774485482,1449.7663791075306,MIA
315968253.45495784,00000000-0000-0000-0000-000000021865,OTHERS,729.2028838830296,1409.3796528656098,MIA
315968253.45495784,00000000-0000-0000-0000-000000023488,OTHERS,730.7722074112517,1479.7530326911456,MIA
315968253.45495784,00000000-0000-0000-0000-000000023513,OTHERS,739.2517207008493,1472.329882762793,MIA
315968253.45495784,00000000-0000-0000-0000-000000023559,OTHERS,743.0631206155123,1465.0998551680054,MIA
315968253.45495784,00000000-0000-0000-0000-000000023561,OTHERS,746.5250556257962,1399.9597515101846,MIA
315968253.45495784,00000000-0000-0000-0000-000000023590,OTHERS,756.512519767229,1384.722515743071,MIA
315968253.45495784,00000000-0000-0000-0000-000000023593,OTHERS,737.7075721949323,1507.8046449519882,MIA
315968253.45495784,00000000-0000-0000-0000-000000023610,OTHERS,741.3605810237877,1503.2104795789808,MIA
315968253.45495784,00000000-0000-0000-0000-000000023387,OTHERS,717.5087879353124,1524.1790689618726,MIA
315968253.45495784,00000000-0000-0000-0000-000000023601,OTHERS,744.7658465848176,1349.0460742421221,MIA
315968253.45495784,00000000-0000-0000-0000-000000023483,OTHERS,742.2271980841396,1470.1732811809397,MIA
315968253.45495784,00000000-0000-0000-0000-000000023611,AGENT,747.3944055431606,1388.0184936752921,MIA
315968253.45495784,00000000-0000-0000-0000-000000023600,OTHERS,744.0278180971793,1376.3525862832005,MIA
315968253.45495784,00000000-0000-0000-0000-000000023597,OTHERS,755.4215990403206,1395.5611633883955,MIA
315968253.45495784,00000000-0000-0000-0000-000000022783,OTHERS,731.0340685995351,1458.564823675625,MIA
315968253.45495784,00000000-0000-0000-0000-000000023583,OTHERS,747.8826476711416,1376.6530003421558,MIA
315968253.45495784,00000000-0000-0000-0000-000000022824,OTHERS,726.9549682820985,1476.1353087469204,MIA
315968253.45495784,00000000-0000-0000-0000-000000023520,OTHERS,723.1923993802319,1448.9921118742068,MIA
315968253.45495784,00000000-0000-0000-0000-000000023599,OTHERS,738.6737477982717,1498.1953229779508,MIA
315968253.5531063,00000000-0000-0000-0000-000000000000,AV,728.0329798028847,1449.0481682457962,MIA
315968253.5531063,00000000-0000-0000-0000-000000021865,OTHERS,729.0300375331208,1409.4992920514248,MIA
315968253.5531063,00000000-0000-0000-0000-000000023488,OTHERS,730.7750412479892,1478.623610394541,MIA
315968253.5531063,00000000-0000-0000-0000-000000023513,OTHERS,739.2517207008493,1472.329882762793,MIA
315968253.5531063,00000000-0000-0000-0000-000000023559,OTHERS,743.037015620755,1465.9569161889885,MIA
315968253.5531063,00000000-0000-0000-0000-000000023610,OTHERS,741.3605810237877,1503.2104795789808,MIA
315968253.5531063,00000000-0000-0000-0000-000000023387,OTHERS,717.5087879353124,1524.1790689618726,MIA
315968253.5531063,00000000-0000-0000-0000-000000023601,OTHERS,745.170996024901,1349.2948813622393,MIA
315968253.5531063,00000000-0000-0000-0000-000000023561,OTHERS,746.220866621932,1400.3748323405453,MIA
315968253.5531063,00000000-0000-0000-0000-000000023590,OTHERS,756.2576127714218,1384.6035549893738,MIA
315968253.5531063,00000000-0000-0000-0000-000000023604,OTHERS,744.7001974174264,1462.5630153024524,MIA
315968253.5531063,00000000-0000-0000-0000-000000023593,OTHERS,737.7075721949323,1507.8046449519882,MIA
315968253.5531063,00000000-0000-0000-0000-000000023483,OTHERS,742.2369704526121,1470.568610862864,MIA
315968253.5531063,00000000-0000-0000-0000-000000023611,AGENT,747.3907848116754,1387.9129360078762,MIA
315968253.5531063,00000000-0000-0000-0000-000000023600,OTHERS,740.6517122731053,1374.6519738585944,MIA
315968253.5531063,00000000-0000-0000-0000-000000023597,OTHERS,753.8655202670416,1395.8471814327536,MIA
315968253.5531063,00000000-0000-0000-0000-000000022783,OTHERS,731.0599487266537,1457.425982030587,MIA
315968253.5531063,00000000-0000-0000-0000-000000023583,OTHERS,747.8928783174288,1376.6605096675864,MIA
315968253.5531063,00000000-0000-0000-0000-000000022824,OTHERS,726.9136137016417,1474.9936064808248,MIA
315968253.5531063,00000000-0000-0000-0000-000000023520,OTHERS,723.1923993802319,1448.9921118742068,MIA
315968253.5531063,00000000-0000-0000-0000-000000023599,OTHERS,738.6750932770599,1498.4587918358786,MIA
315968253.65452343,00000000-0000-0000-0000-000000000000,AV,728.0696487146837,1448.113754996274,MIA
315968253.65452343,00000000-0000-0000-0000-000000021865,OTHERS,729.2084190976585,1409.5623424806797,MIA
315968253.65452343,00000000-0000-0000-0000-000000023488,OTHERS,730.8439658604428,1477.5098084944952,MIA
315968253.65452343,00000000-0000-0000-0000-000000023513,OTHERS,739.2517207008493,1472.329882762793,MIA
315968253.65452343,00000000-0000-0000-0000-000000023559,OTHERS,742.9933911834092,1466.6093365732545,MIA
315968253.65452343,00000000-0000-0000-0000-000000023610,OTHERS,741.3605810237877,1503.2104795789808,MIA
315968253.65452343,00000000-0000-0000-0000-000000023561,OTHERS,746.0283156776628,1400.6533455463696,MIA
315968253.65452343,00000000-0000-0000-0000-000000023590,OTHERS,755.9674268683217,1384.607524743278,MIA
315968253.65452343,00000000-0000-0000-0000-000000023593,OTHERS,737.9304657929778,1508.1407090372886,MIA
315968253.65452343,00000000-0000-0000-0000-000000023483,OTHERS,742.2369704526121,1470.568610862864,MIA
315968253.65452343,00000000-0000-0000-0000-000000023611,AGENT,746.6177081861048,1387.791680914493,MIA
315968253.65452343,00000000-0000-0000-0000-000000023600,OTHERS,742.4348757175948,1375.8628879487842,MIA
315968253.65452343,00000000-0000-0000-0000-000000023597,OTHERS,753.7461071751887,1395.731308816581,MIA
315968253.65452343,00000000-0000-0000-0000-000000022783,OTHERS,731.1073514198853,1456.4223241562033,MIA
315968253.65452343,00000000-0000-0000-0000-000000023583,OTHERS,747.6968546380292,1376.5444316218686,MIA
315968253.65452343,00000000-0000-0000-0000-000000022824,OTHERS,727.033326782777,1473.6777563419564,MIA
315968253.65452343,00000000-0000-0000-0000-000000023520,OTHERS,723.1923993802319,1448.9921118742068,MIA
315968253.65452343,00000000-0000-0000-0000-000000023616,OTHERS,738.0640953041844,1485.448282865426,MIA
315968253.65452343,00000000-0000-0000-0000-000000023599,OTHERS,738.7652770497847,1499.0940638493046,MIA
315968253.65452343,00000000-0000-0000-0000-000000023387,OTHERS,717.2776185733537,1524.2208540008246,MIA
315968253.65452343,00000000-0000-0000-0000-000000023601,OTHERS,745.170996024901,1349.2948813622393,MIA
315968253.75506604,00000000-0000-0000-0000-000000000000,AV,728.1062885202435,1447.1959985224219,MIA
315968253.75506604,00000000-0000-0000-0000-000000021865,OTHERS,729.0725638701372,1409.529001482304,MIA
315968253.75506604,00000000-0000-0000-0000-000000023488,OTHERS,730.814636896927,1476.5134302278784,MIA
315968253.75506604,00000000-0000-0000-0000-000000023559,OTHERS,742.9798513586693,1467.2299113363752,MIA
315968253.75506604,00000000-0000-0000-0000-000000023561,OTHERS,745.8862473265518,1401.0320860839495,MIA
315968253.75506604,00000000-0000-0000-0000-000000023590,OTHERS,755.4933449330832,1384.5648920289827,MIA
315968253.75506604,00000000-0000-0000-0000-000000023593,OTHERS,738.0504032748227,1508.31090569759,MIA
315968253.75506604,00000000-0000-0000-0000-000000023610,OTHERS,741.3605810237877,1503.2104795789808,MIA
315968253.75506604,00000000-0000-0000-0000-000000023483,OTHERS,742.2668058552002,1468.9034595123874,MIA
315968253.75506604,00000000-0000-0000-0000-000000023611,AGENT,746.2266444341928,1387.7167015811733,MIA
315968253.75506604,00000000-0000-0000-0000-000000023578,OTHERS,765.8280344151959,1395.4336944701267,MIA
315968253.75506604,00000000-0000-0000-0000-000000023600,OTHERS,742.4348757175948,1375.8628879487842,MIA
315968253.75506604,00000000-0000-0000-0000-000000023597,OTHERS,753.0630202661522,1395.8564152075573,MIA
315968253.75506604,00000000-0000-0000-0000-000000022783,OTHERS,731.1446066717275,1455.2868664055286,MIA
315968253.75506604,00000000-0000-0000-0000-000000023583,OTHERS,747.6968546380292,1376.5444316218686,MIA
315968253.75506604,00000000-0000-0000-0000-000000022824,OTHERS,727.0042723277783,1472.8509083449374,MIA
315968253.75506604,00000000-0000-0000-0000-000000023520,OTHERS,723.1130253385268,1449.1854845867506,MIA
315968253.75506604,00000000-0000-0000-0000-000000023616,OTHERS,738.5098840449386,1485.4771767553725,MIA
315968253.75506604,00000000-0000-0000-0000-000000023599,OTHERS,738.7652770497847,1499.0940638493046,MIA
315968253.75506604,00000000-0000-0000-0000-000000023387,OTHERS,717.2776185733537,1524.2208540008246,MIA
315968253.75506604,00000000-0000-0000-0000-000000023601,OTHERS,745.170996024901,1349.2948813622393,MIA
315968253.8563549,00000000-0000-0000-0000-000000000000,AV,728.145138804173,1446.2214057486588,MIA
315968253.8563549,00000000-0000-0000-0000-000000021865,OTHERS,729.1903852038413,1409.5243517124836,MIA
315968253.8563549,00000000-0000-0000-0000-000000023488,OTHERS,730.9210140942108,1475.1825508640077,MIA
315968253.8563549,00000000-0000-0000-0000-000000023559,OTHERS,743.5281584504003,1465.0985017005835,MIA
315968253.8563549,00000000-0000-0000-0000-000000023593,OTHERS,738.0504032748227,1508.31090569759,MIA
315968253.8563549,00000000-0000-0000-0000-000000023561,OTHERS,745.6365467083164,1401.4396200873464,MIA
315968253.8563549,00000000-0000-0000-0000-000000023590,OTHERS,755.1415971669883,1384.5304652417776,MIA
315968253.8563549,00000000-0000-0000-0000-000000023483,OTHERS,742.3915070294612,1467.9089221602524,MIA
315968253.8563549,00000000-0000-0000-0000-000000023611,AGENT,745.5516336441301,1387.5703455214364,MIA
315968253.8563549,00000000-0000-0000-0000-000000023578,OTHERS,765.604056382762,1395.526479175149,MIA
315968253.8563549,00000000-0000-0000-0000-000000023600,OTHERS,742.6522062413878,1375.9301856748505,MIA
315968253.8563549,00000000-0000-0000-0000-000000023597,OTHERS,752.1366230223997,1395.9035079889584,MIA
315968253.8563549,00000000-0000-0000-0000-000000022783,OTHERS,731.201523087297,1454.0982287255206,MIA
315968253.8563549,00000000-0000-0000-0000-000000023583,OTHERS,747.6968546380292,1376.5444316218686,MIA
315968253.8563549,00000000-0000-0000-0000-000000022824,OTHERS,727.0889904681623,1471.8204423730426,MIA
315968253.8563549,00000000-0000-0000-0000-000000023520,OTHERS,723.0868999962108,1449.2981062422755,MIA
315968253.8563549,00000000-0000-0000-0000-000000023616,OTHERS,738.439005490226,1486.0293739897836,MIA
315968253.8563549,00000000-0000-0000-0000-000000023599,OTHERS,738.7519965831392,1499.7504904908978,MIA
315968253.8563549,00000000-0000-0000-0000-000000023387,OTHERS,717.1960461251598,1524.1273965849145,MIA
315968253.8563549,00000000-0000-0000-0000-000000023601,OTHERS,745.170996024901,1349.2948813622393,MIA
315968253.95910907,00000000-0000-0000-0000-000000000000,AV,728.1799329387625,1445.3407661033414,MIA
315968253.95910907,00000000-0000-0000-0000-000000021865,OTHERS,729.1164371518605,1409.4905942672076,MIA
315968253.95910907,00000000-0000-0000-0000-000000023387,OTHERS,717.3325091385385,1524.1439683167664,MIA
315968253.95910907,00000000-0000-0000-0000-000000023488,OTHERS,730.9804524604131,1474.1660775305481,MIA
315968253.95910907,00000000-0000-0000-0000-000000023559,OTHERS,742.9672784168788,1467.5666814529611,MIA
315968253.95910907,00000000-0000-0000-0000-000000023561,OTHERS,745.3429227915598,1401.8320341756446,MIA
315968253.95910907,00000000-0000-0000-0000-000000023590,OTHERS,754.8377300026959,1384.4770428068632,MIA
315968253.95910907,00000000-0000-0000-0000-000000023593,OTHERS,738.0504032748227,1508.31090569759,MIA
315968253.95910907,00000000-0000-0000-0000-000000023621,OTHERS,759.5473629536881,1390.8327037737783,MIA
315968253.95910907,00000000-0000-0000-0000-000000023620,OTHERS,752.4055662520309,1528.3644939179765,MIA
315968253.95910907,00000000-0000-0000-0000-000000023483,OTHERS,742.8008385085085,1465.4104953384995,MIA
315968253.95910907,00000000-0000-0000-0000-000000023611,AGENT,745.1217935545043,1387.4795798397956,MIA
315968253.95910907,00000000-0000-0000-0000-000000023578,OTHERS,765.0807605207386,1395.5533723737626,MIA
315968253.95910907,00000000-0000-0000-0000-000000023600,OTHERS,744.003594593829,1376.3461590970278,MIA
315968253.95910907,00000000-0000-0000-0000-000000023597,OTHERS,751.8841117424713,1395.903963857415,MIA
315968253.95910907,00000000-0000-0000-0000-000000023614,OTHERS,723.5755065050757,1437.8775558560708,MIA
315968253.95910907,00000000-0000-0000-0000-000000022783,OTHERS,731.2266136937031,1453.1069847869574,MIA
315968253.95910907,00000000-0000-0000-0000-000000023583,OTHERS,747.6968546380292,1376.5444316218686,MIA
315968253.95910907,00000000-0000-0000-0000-000000022824,OTHERS,727.0980444726573,1470.6748097921216,MIA
315968253.95910907,00000000-0000-0000-0000-000000023520,OTHERS,723.1149858767993,1449.4056667633026,MIA
315968253.95910907,00000000-0000-0000-0000-000000023616,OTHERS,738.4659259066661,1486.3977428867745,MIA
315968253.95910907,00000000-0000-0000-0000-000000023599,OTHERS,738.6342200491652,1499.901390052744,MIA
315968254.06181633,00000000-0000-0000-0000-000000000000,AV,728.2162173154013,1444.3999837634299,MIA
315968254.06181633,00000000-0000-0000-0000-000000021865,OTHERS,729.0539595361038,1409.4597768750782,MIA
315968254.06181633,00000000-0000-0000-0000-000000023387,OTHERS,717.3325091385385,1524.1439683167664,MIA
315968254.06181633,00000000-0000-0000-0000-000000023488,OTHERS,731.0407953540685,1472.9097646596954,MIA
315968254.06181633,00000000-0000-0000-0000-000000023559,OTHERS,743.0712933316437,1466.9525970443121,MIA
315968254.06181633,00000000-0000-0000-0000-000000023561,OTHERS,744.9741399021741,1402.572505887436,MIA
315968254.06181633,00000000-0000-0000-0000-000000023590,OTHERS,754.5740288128418,1384.472528096769,MIA
315968254.06181633,00000000-0000-0000-0000-000000023593,OTHERS,738.0504032748227,1508.31090569759,MIA
315968254.06181633,00000000-0000-0000-0000-000000023621,OTHERS,759.3921699763107,1390.7270311749676,MIA
315968254.06181633,00000000-0000-0000-0000-000000023620,OTHERS,752.0439881595879,1528.3563382721163,MIA
315968254.06181633,00000000-0000-0000-0000-000000023483,OTHERS,743.0969556252509,1466.1875251760696,MIA
315968254.06181633,00000000-0000-0000-0000-000000023611,AGENT,744.7489163516365,1387.3286729791928,MIA
315968254.06181633,00000000-0000-0000-0000-000000023578,OTHERS,765.1796092210416,1395.788954016606,MIA
315968254.06181633,00000000-0000-0000-0000-000000023600,OTHERS,744.003594593829,1376.3461590970278,MIA
315968254.06181633,00000000-0000-0000-0000-000000023614,OTHERS,723.6583603554718,1438.3125255506652,MIA
315968254.06181633,00000000-0000-0000-0000-000000023597,OTHERS,751.5883077174748,1395.989935225249,MIA
315968254.06181633,00000000-0000-0000-0000-000000022783,OTHERS,731.2676005738905,1452.0026548347141,MIA
315968254.06181633,00000000-0000-0000-0000-000000023603,OTHERS,738.3052357707445,1525.0062747084094,MIA
315968254.06181633,00000000-0000-0000-0000-000000022824,OTHERS,727.1374495570108,1469.5432061992767,MIA
315968254.06181633,00000000-0000-0000-0000-000000023520,OTHERS,723.0832956171784,1449.6489271993821,MIA
315968254.06181633,00000000-0000-0000-0000-000000023616,OTHERS,738.4414589632886,1486.7101670719476,MIA
315968254.06181633,00000000-0000-0000-0000-000000023599,OTHERS,738.6342200491652,1499.901390052744,MIA
315968254.1642345,00000000-0000-0000-0000-000000000000,AV,728.2496569900328,1443.5643928053519,MIA
315968254.1642345,00000000-0000-0000-0000-000000021865,OTHERS,729.1162124661954,1409.461485826026,MIA
315968254.1642345,00000000-0000-0000-0000-000000023387,OTHERS,717.3325091385385,1524.1439683167664,MIA
315968254.1642345,00000000-0000-0000-0000-000000023488,OTHERS,731.070853754979,1471.8512611633082,MIA
315968254.1642345,00000000-0000-0000-0000-000000023559,OTHERS,743.3303082534802,1467.020570060448,MIA
315968254.1642345,00000000-0000-0000-0000-000000023561,OTHERS,744.9095168264639,1402.9158145883055,MIA
315968254.1642345,00000000-0000-0000-0000-000000023590,OTHERS,754.2775821737523,1384.5002577764317,MIA
315968254.1642345,00000000-0000-0000-0000-000000023626,OTHERS,738.1920133929121,1477.3564040055576,MIA
315968254.1642345,00000000-0000-0000-0000-000000023621,OTHERS,759.2144699499936,1390.7416595325165,MIA
315968254.1642345,00000000-0000-0000-0000-000000023620,OTHERS,751.4397730833151,1528.3801119537836,MIA
315968254.1642345,00000000-0000-0000-0000-000000023483,OTHERS,743.3190106654358,1466.7586368302775,MIA
315968254.1642345,00000000-0000-0000-0000-000000023611,AGENT,744.0237823400952,1386.8996326486954,MIA
315968254.1642345,00000000-0000-0000-0000-000000023578,OTHERS,764.587741049801,1395.6395104710875,MIA
315968254.1642345,00000000-0000-0000-0000-000000023600,OTHERS,740.8617414908888,1375.3229823857312,MIA
315968254.1642345,00000000-0000-0000-0000-000000023597,OTHERS,751.3149024931648,1396.1948460791284,MIA
315968254.1642345,00000000-0000-0000-0000-000000023614,OTHERS,723.6583603554718,1438.3125255506652,MIA
315968254.1642345,00000000-0000-0000-0000-000000022783,OTHERS,731.2927770210208,1450.8999887694165,MIA
315968254.1642345,00000000-0000-0000-0000-000000023603,OTHERS,738.3052357707445,1525.0062747084094,MIA
315968254.1642345,00000000-0000-0000-0000-000000022824,OTHERS,727.1311518408572,1468.301240110967,MIA
315968254.1642345,00000000-0000-0000-0000-000000023520,OTHERS,723.0832956171784,1449.6489271993821,MIA
315968254.1642345,00000000-0000-0000-0000-000000023616,OTHERS,738.4925681071683,1487.1400684381424,MIA
315968254.1642345,00000000-0000-0000-0000-000000023599,OTHERS,738.5454606155499,1500.6402517265485,MIA
315968254.25723565,00000000-0000-0000-0000-000000000000,AV,728.2815995132806,1442.7437624092172,MIA
315968254.25723565,00000000-0000-0000-0000-000000021865,OTHERS,729.1201988383217,1409.4816354892512,MIA
315968254.25723565,00000000-0000-0000-0000-000000023387,OTHERS,717.3325091385385,1524.1439683167664,MIA
315968254.25723565,00000000-0000-0000-0000-000000023488,OTHERS,731.1066630630507,1470.8354039183364,MIA
315968254.25723565,00000000-0000-0000-0000-000000023559,OTHERS,744.3877133403671,1467.488889165076,MIA
315968254.25723565,00000000-0000-0000-0000-000000023561,OTHERS,744.5381336392479,1403.9997550326514,MIA
315968254.25723565,00000000-0000-0000-0000-000000023590,OTHERS,750.3313096511038,1383.8668933099402,MIA
315968254.25723565,00000000-0000-0000-0000-000000023626,OTHERS,738.3869428733278,1477.6099696315937,MIA
315968254.25723565,00000000-0000-0000-0000-000000023620,OTHERS,751.4397730833151,1528.3801119537836,MIA
315968254.25723565,00000000-0000-0000-0000-000000023483,OTHERS,743.2400226853827,1467.3310163302847,MIA
315968254.25723565,00000000-0000-0000-0000-000000023611,AGENT,743.1681467650976,1386.7579866404171,MIA
315968254.25723565,00000000-0000-0000-0000-000000023578,OTHERS,763.9576890766024,1395.6430899383356,MIA
315968254.25723565,00000000-0000-0000-0000-000000023600,OTHERS,740.8617414908888,1375.3229823857312,MIA
315968254.25723565,00000000-0000-0000-0000-000000023597,OTHERS,750.9349772806372,1396.2705529856948,MIA
315968254.25723565,00000000-0000-0000-0000-000000023614,OTHERS,723.5515817515352,1438.3448813371613,MIA
315968254.25723565,00000000-0000-0000-0000-000000023627,OTHERS,770.448945124179,1392.9804693092954,MIA
315968254.25723565,00000000-0000-0000-0000-000000023621,OTHERS,759.0593309046698,1390.5726596222473,MIA
315968254.25723565,00000000-0000-0000-0000-000000022783,OTHERS,731.3259242298511,1449.8604000307294,MIA
315968254.25723565,00000000-0000-0000-0000-000000023603,OTHERS,738.3052357707445,1525.0062747084094,MIA
315968254.25723565,00000000-0000-0000-0000-000000022824,OTHERS,727.1906643267982,1467.3493337979971,MIA
315968254.25723565,00000000-0000-0000-0000-000000023520,OTHERS,723.1106304078719,1449.7899668693874,MIA
315968254.25723565,00000000-0000-0000-0000-000000023616,OTHERS,738.4653867943935,1487.2263985560699,MIA
315968254.25723565,00000000-0000-0000-0000-000000023599,OTHERS,738.3925428926923,1500.8727303662008,MIA
315968254.36163545,00000000-0000-0000-0000-000000000000,AV,728.3118983080693,1441.940326693884,MIA
315968254.36163545,00000000-0000-0000-0000-000000021865,OTHERS,729.0522115098883,1409.5223308854188,MIA
315968254.36163545,00000000-0000-0000-0000-000000023488,OTHERS,731.1499224601582,1469.7834451801593,MIA
315968254.36163545,00000000-0000-0000-0000-000000023559,OTHERS,744.3877133403671,1467.488889165076,MIA
315968254.36163545,00000000-0000-0000-0000-000000023561,OTHERS,744.4701693471006,1403.864698637254,MIA
315968254.36163545,00000000-0000-0000-0000-000000023590,OTHERS,750.5048577510846,1384.1062177393944,MIA
315968254.36163545,00000000-0000-0000-0000-000000023626,OTHERS,738.539765962738,1477.7262633991966,MIA
315968254.36163545,00000000-0000-0000-0000-000000023597,OTHERS,750.6196194022867,1396.4121012486225,MIA
315968254.36163545,00000000-0000-0000-0000-000000023614,OTHERS,723.6824459524155,1438.4143382382688,MIA
315968254.36163545,00000000-0000-0000-0000-000000023627,OTHERS,770.448945124179,1392.9804693092954,MIA
315968254.36163545,00000000-0000-0000-0000-000000023483,OTHERS,743.432828590865,1468.060254641115,MIA
315968254.36163545,00000000-0000-0000-0000-000000023611,AGENT,742.7061340410263,1386.4937410038956,MIA
315968254.36163545,00000000-0000-0000-0000-000000023578,OTHERS,763.4614405996939,1395.4509451554827,MIA
315968254.36163545,00000000-0000-0000-0000-000000023600,OTHERS,740.7104644455172,1375.3773279793088,MIA
315968254.36163545,00000000-0000-0000-0000-000000023620,OTHERS,751.4397730833151,1528.3801119537836,MIA
315968254.36163545,00000000-0000-0000-0000-000000023621,OTHERS,758.8720702998976,1390.7330683652367,MIA
315968254.36163545,00000000-0000-0000-0000-000000022783,OTHERS,731.3763444493811,1448.8087046498556,MIA
315968254.36163545,00000000-0000-0000-0000-000000023603,OTHERS,738.3052357707445,1525.0062747084094,MIA
315968254.36163545,00000000-0000-0000-0000-000000022824,OTHERS,727.2525759056782,1466.260736191441,MIA
315968254.36163545,00000000-0000-0000-0000-000000023520,OTHERS,723.1045682059769,1449.9103466406116,MIA
315968254.36163545,00000000-0000-0000-0000-000000023616,OTHERS,738.4465851436878,1487.5360934356295,MIA
315968254.36163545,00000000-0000-0000-0000-000000023599,OTHERS,738.3925428926923,1500.8727303662008,MIA
315968254.4560641,00000000-0000-0000-0000-000000000000,AV,728.3429869305122,1441.1609113645513,MIA
315968254.4560641,00000000-0000-0000-0000-000000021865,OTHERS,729.1657164589589,1409.5279287521869,MIA
315968254.4560641,00000000-0000-0000-0000-000000022783,OTHERS,731.4035308107518,1447.7054983312396,MIA
315968254.4560641,00000000-0000-0000-0000-000000023488,OTHERS,731.2223926023547,1468.5858241157682,MIA
315968254.4560641,00000000-0000-0000-0000-000000023559,OTHERS,744.3877133403671,1467.488889165076,MIA
315968254.4560641,00000000-0000-0000-0000-000000023561,OTHERS,744.1781343675952,1404.4983222760427,MIA
315968254.4560641,00000000-0000-0000-0000-000000023590,OTHERS,750.1957065954796,1384.0118439572225,MIA
315968254.4560641,00000000-0000-0000-0000-000000023626,OTHERS,738.5675216465567,1477.9688955627066,MIA
315968254.4560641,00000000-0000-0000-0000-000000023578,OTHERS,763.2922176394827,1395.497718807598,MIA
315968254.4560641,00000000-0000-0000-0000-000000023600,OTHERS,740.7774321148797,1375.391169444546,MIA
315968254.4560641,00000000-0000-0000-0000-000000023630,OTHERS,748.175962938099,1376.810320375303,MIA
315968254.4560641,00000000-0000-0000-0000-000000023627,OTHERS,770.448945124179,1392.9804693092954,MIA
315968254.4560641,00000000-0000-0000-0000-000000023620,OTHERS,751.4397730833151,1528.3801119537836,MIA
315968254.4560641,00000000-0000-0000-0000-000000022824,OTHERS,727.2068954725536,1465.0768650978994,MIA
315968254.4560641,00000000-0000-0000-0000-000000023520,OTHERS,723.1158183666016,1450.1916603307932,MIA
315968254.4560641,00000000-0000-0000-0000-000000023599,OTHERS,738.3925428926923,1500.8727303662008,MIA
315968254.4560641,00000000-0000-0000-0000-000000023616,OTHERS,738.4839442675368,1487.6943884355746,MIA
315968254.4560641,00000000-0000-0000-0000-000000023483,OTHERS,743.1714423168976,1468.6490256364539,MIA
315968254.4560641,00000000-0000-0000-0000-000000023611,AGENT,742.3688243824913,1385.8520894314127,MIA
315968254.4560641,00000000-0000-0000-0000-000000023621,OTHERS,758.8720702998976,1390.7330683652367,MIA
315968254.4560641,00000000-0000-0000-0000-000000023614,OTHERS,723.7367252501149,1438.7073895423453,MIA
315968254.4560641,00000000-0000-0000-0000-000000023597,OTHERS,750.4151220552202,1396.598715776403,MIA
315968254.55099964,00000000-0000-0000-0000-000000000000,AV,728.3717941985831,1440.397743640126,MIA
315968254.55099964,00000000-0000-0000-0000-000000021865,OTHERS,729.0638368897282,1409.4227228383936,MIA
315968254.55099964,00000000-0000-0000-0000-000000022783,OTHERS,731.4540379249572,1446.7101468879125,MIA
315968254.55099964,00000000-0000-0000-0000-000000023488,OTHERS,731.2038214314159,1467.6247275890714,MIA
315968254.55099964,00000000-0000-0000-0000-000000023559,OTHERS,741.7343520899592,1477.9422201079929,MIA
315968254.55099964,00000000-0000-0000-0000-000000023561,OTHERS,744.2699953323042,1404.7825714519824,MIA
315968254.55099964,00000000-0000-0000-0000-000000023590,OTHERS,749.8897634024178,1383.7303038819166,MIA
315968254.55099964,00000000-0000-0000-0000-000000023626,OTHERS,738.5429562008127,1478.278889114747,MIA
315968254.55099964,00000000-0000-0000-0000-000000023578,OTHERS,762.3839429938281,1395.3580846605012,MIA
315968254.55099964,00000000-0000-0000-0000-000000023600,OTHERS,740.4466581590979,1375.5221878109965,MIA
315968254.55099964,00000000-0000-0000-0000-000000023630,OTHERS,747.7357777049867,1376.4626247522,MIA
315968254.55099964,00000000-0000-0000-0000-000000023627,OTHERS,770.448945124179,1392.9804693092954,MIA
315968254.55099964,00000000-0000-0000-0000-000000023621,OTHERS,758.8720702998976,1390.7330683652367,MIA
315968254.55099964,00000000-0000-0000-0000-000000022824,OTHERS,727.2605913393616,1463.9348966702325,MIA
315968254.55099964,00000000-0000-0000-0000-000000023520,OTHERS,723.1158183666016,1450.1916603307932,MIA
315968254.55099964,00000000-0000-0000-0000-000000023599,OTHERS,738.3925428926923,1500.8727303662008,MIA
315968254.55099964,00000000-0000-0000-0000-000000023616,OTHERS,738.3237840808647,1488.183613894919,MIA
315968254.55099964,00000000-0000-0000-0000-000000023483,OTHERS,742.9421935146977,1469.2862693590046,MIA
315968254.55099964,00000000-0000-0000-0000-000000023611,AGENT,741.7554038725983,1385.9738657120415,MIA
315968254.55099964,00000000-0000-0000-0000-000000023614,OTHERS,723.7367252501149,1438.7073895423453,MIA
315968254.55099964,00000000-0000-0000-0000-000000023597,OTHERS,750.3424235414699,1396.815182052962,MIA
315968254.65554994,00000000-0000-0000-0000-000000000000,AV,728.4013439464695,1439.5875694298413,MIA
315968254.65554994,00000000-0000-0000-0000-000000021865,OTHERS,729.0629098085863,1409.3395141982944,MIA
315968254.65554994,00000000-0000-0000-0000-000000022783,OTHERS,731.4763543950586,1445.6891702668472,MIA
315968254.65554994,00000000-0000-0000-0000-000000023488,OTHERS,731.2481575641434,1466.689443439588,MIA
315968254.65554994,00000000-0000-0000-0000-000000023559,OTHERS,741.7430906497606,1477.7741921143893,MIA
315968254.65554994,00000000-0000-0000-0000-000000023561,OTHERS,744.0901448651605,1405.2644661126612,MIA
315968254.65554994,00000000-0000-0000-0000-000000023590,OTHERS,749.5878125575838,1383.6537629595307,MIA
315968254.65554994,00000000-0000-0000-0000-000000023626,OTHERS,738.5303045698793,1478.6835006672125,MIA
315968254.65554994,00000000-0000-0000-0000-000000023597,OTHERS,750.2009679178508,1396.8784525856865,MIA
315968254.65554994,00000000-0000-0000-0000-000000023578,OTHERS,761.2740112278302,1395.5269747255857,MIA
315968254.65554994,00000000-0000-0000-0000-000000023600,OTHERS,740.4466581590979,1375.5221878109965,MIA
315968254.65554994,00000000-0000-0000-0000-000000023621,OTHERS,760.0173099409392,1390.9486164172056,MIA
315968254.65554994,00000000-0000-0000-0000-000000023483,OTHERS,742.9421935146977,1469.2862693590046,MIA
315968254.65554994,00000000-0000-0000-0000-000000023611,AGENT,741.0764406240268,1385.5042458721753,MIA
315968254.65554994,00000000-0000-0000-0000-000000023614,OTHERS,723.7277320041381,1438.8563060290548,MIA
315968254.65554994,00000000-0000-0000-0000-000000023630,OTHERS,747.8225320426892,1376.4362878075297,MIA
315968254.65554994,00000000-0000-0000-0000-000000022824,OTHERS,727.3644779583432,1463.020406073219,MIA
315968254.65554994,00000000-0000-0000-0000-000000023520,OTHERS,723.1338391293854,1450.3454811406634,MIA
315968254.65554994,00000000-0000-0000-0000-000000023616,OTHERS,738.5267595797766,1488.097638891929,MIA
315968254.7531732,00000000-0000-0000-0000-000000000000,AV,728.4301839191562,1438.8608215320533,MIA
315968254.7531732,00000000-0000-0000-0000-000000021865,OTHERS,729.1491104604727,1409.4084699578555,MIA
315968254.7531732,00000000-0000-0000-0000-000000022783,OTHERS,731.5150113626967,1444.7220462549703,MIA
315968254.7531732,00000000-0000-0000-0000-000000023488,OTHERS,731.2406297060187,1465.6724870249705,MIA
315968254.7531732,00000000-0000-0000-0000-000000023559,OTHERS,741.7336445287995,1477.5178157422547,MIA
315968254.7531732,00000000-0000-0000-0000-000000023561,OTHERS,744.0549632067791,1405.5048718685846,MIA
315968254.7531732,00000000-0000-0000-0000-000000023590,OTHERS,749.0008629082056,1383.664331097612,MIA
315968254.7531732,00000000-0000-0000-0000-000000023626,OTHERS,738.522328660056,1478.9458770185538,MIA
315968254.7531732,00000000-0000-0000-0000-000000023597,OTHERS,750.168186792003,1396.9754798646304,MIA
315968254.7531732,00000000-0000-0000-0000-000000023578,OTHERS,761.7054163923008,1395.4281652582993,MIA
315968254.7531732,00000000-0000-0000-0000-000000023600,OTHERS,740.4466581590979,1375.5221878109965,MIA
315968254.7531732,00000000-0000-0000-0000-000000023621,OTHERS,758.5542583949903,1390.3626353124664,MIA
315968254.7531732,00000000-0000-0000-0000-000000023483,OTHERS,742.8509940648189,1470.5834355791085,MIA
315968254.7531732,00000000-0000-0000-0000-000000023611,AGENT,740.4385415767167,1385.1774422365158,MIA
315968254.7531732,00000000-0000-0000-0000-000000023636,OTHERS,768.5320501604265,1392.93239621685,MIA
315968254.7531732,00000000-0000-0000-0000-000000023614,OTHERS,723.7789399050191,1438.828221603507,MIA
315968254.7531732,00000000-0000-0000-0000-000000023630,OTHERS,747.861176448603,1376.6383626706188,MIA
315968254.7531732,00000000-0000-0000-0000-000000022824,OTHERS,727.3977036852748,1461.678364167151,MIA
315968254.7531732,00000000-0000-0000-0000-000000023520,OTHERS,723.1043520205974,1450.426738394872,MIA
315968254.7531732,00000000-0000-0000-0000-000000023616,OTHERS,738.5358427766672,1488.346959728572,MIA
315968254.8565628,00000000-0000-0000-0000-000000000000,AV,728.4559735273789,1438.1610898101533,MIA
315968254.8565628,00000000-0000-0000-0000-000000021865,OTHERS,729.2094509465521,1409.382634392551,MIA
315968254.8565628,00000000-0000-0000-0000-000000022783,OTHERS,731.5423706982108,1443.761850446575,MIA
315968254.8565628,00000000-0000-0000-0000-000000023488,OTHERS,731.3902420287047,1464.3783630825824,MIA
315968254.8565628,00000000-0000-0000-0000-000000023561,OTHERS,743.9920387493605,1406.0438174273618,MIA
315968254.8565628,00000000-0000-0000-0000-000000023590,OTHERS,748.70815512033,1383.5095739940405,MIA
315968254.8565628,00000000-0000-0000-0000-000000023636,OTHERS,768.5320501604265,1392.93239621685,MIA
315968254.8565628,00000000-0000-0000-0000-000000023614,OTHERS,723.7789399050191,1438.828221603507,MIA
315968254.8565628,00000000-0000-0000-0000-000000023559,OTHERS,741.7712793543234,1476.5738443166913,MIA
315968254.8565628,00000000-0000-0000-0000-000000023637,OTHERS,734.1442778146892,1325.7727799472254,MIA
315968254.8565628,00000000-0000-0000-0000-000000023626,OTHERS,738.5031102870166,1479.3157554672198,MIA
315968254.8565628,00000000-0000-0000-0000-000000023630,OTHERS,747.9015685923206,1376.6547929100382,MIA
315968254.8565628,00000000-0000-0000-0000-000000022824,OTHERS,727.4739763238872,1460.8263546473047,MIA
315968254.8565628,00000000-0000-0000-0000-000000023520,OTHERS,723.1117401150008,1450.6155503432258,MIA
315968254.8565628,00000000-0000-0000-0000-000000023616,OTHERS,738.4215142842735,1488.4633829752845,MIA
315968254.8565628,00000000-0000-0000-0000-000000023621,OTHERS,758.9142317943349,1390.5324474530396,MIA
315968254.8565628,00000000-0000-0000-0000-000000023483,OTHERS,742.8401496233029,1471.3181600930538,MIA
315968254.8565628,00000000-0000-0000-0000-000000023611,AGENT,740.1341280534407,1384.7006419016714,MIA
315968254.8565628,00000000-0000-0000-0000-000000023578,OTHERS,761.4508367223517,1395.404726924374,MIA
315968254.8565628,00000000-0000-0000-0000-000000023600,OTHERS,740.4466581590979,1375.5221878109965,MIA
315968254.8565628,00000000-0000-0000-0000-000000023597,OTHERS,750.2275004186008,1396.9991585795276,MIA
315968254.9582508,00000000-0000-0000-0000-000000000000,AV,728.4818168488138,1437.4168904699948,MIA
315968254.9582508,00000000-0000-0000-0000-000000021865,OTHERS,729.0629630168213,1409.4635187181616,MIA
315968254.9582508,00000000-0000-0000-0000-000000022783,OTHERS,731.5903731219565,1442.8382659414374,MIA
315968254.9582508,00000000-0000-0000-0000-000000023488,OTHERS,731.387173408333,1463.6015715435492,MIA
315968254.9582508,00000000-0000-0000-0000-000000023578,OTHERS,760.1816722312799,1395.219329462089,MIA
315968254.9582508,00000000-0000-0000-0000-000000023561,OTHERS,743.8801628475827,1406.569612223754,MIA
315968254.9582508,00000000-0000-0000-0000-000000023590,OTHERS,748.3350824747968,1383.6252010665473,MIA
315968254.9582508,00000000-0000-0000-0000-000000023636,OTHERS,768.5320501604265,1392.93239621685,MIA
315968254.9582508,00000000-0000-0000-0000-000000023614,OTHERS,723.7789399050191,1438.828221603507,MIA
315968254.9582508,00000000-0000-0000-0000-000000023637,OTHERS,734.1579234520793,1325.2237104022927,MIA
315968254.9582508,00000000-0000-0000-0000-000000023626,OTHERS,738.5246112459716,1479.5150291039263,MIA
315968254.9582508,00000000-0000-0000-0000-000000023559,OTHERS,741.9021550747606,1476.2235643671954,MIA
315968254.9582508,00000000-0000-0000-0000-000000023630,OTHERS,746.3714231562718,1376.6659267340594,MIA
315968254.9582508,00000000-0000-0000-0000-000000022824,OTHERS,727.4660742561293,1459.6956858225733,MIA
315968254.9582508,00000000-0000-0000-0000-000000023520,OTHERS,723.1117401150008,1450.6155503432258,MIA
315968254.9582508,00000000-0000-0000-0000-000000023616,OTHERS,738.3828105833533,1488.5890630194567,MIA
315968254.9582508,00000000-0000-0000-0000-000000023621,OTHERS,758.168587486275,1390.5303675116627,MIA
315968254.9582508,00000000-0000-0000-0000-000000023483,OTHERS,742.9878859716307,1472.0374339174639,MIA
315968254.9582508,00000000-0000-0000-0000-000000023611,AGENT,739.3802415621326,1383.8410584535934,MIA
315968254.9582508,00000000-0000-0000-0000-000000023597,OTHERS,750.2275004186008,1396.9991585795276,MIA
315968255.0566781,00000000-0000-0000-0000-000000000000,AV,728.5071593240413,1436.748412333754,MIA
315968255.0566781,00000000-0000-0000-0000-000000021865,OTHERS,729.2487002833293,1409.369504619217,MIA
315968255.0566781,00000000-0000-0000-0000-000000022783,OTHERS,731.6438461861007,1441.8887270245175,MIA
315968255.0566781,00000000-0000-0000-0000-000000023488,OTHERS,731.4130301917329,1462.5443934033144,MIA
315968255.0566781,00000000-0000-0000-0000-000000023636,OTHERS,767.6362548483563,1392.88463239654,MIA
315968255.0566781,00000000-0000-0000-0000-000000023561,OTHERS,743.8110213280423,1407.064145831344,MIA
315968255.0566781,00000000-0000-0000-0000-000000023590,OTHERS,747.4532725784869,1383.3879765644724,MIA
315968255.0566781,00000000-0000-0000-0000-000000023637,OTHERS,734.0449245284235,1325.1810595413706,MIA
315968255.0566781,00000000-0000-0000-0000-000000023626,OTHERS,738.5686871490393,1479.4374744091572,MIA
315968255.0566781,00000000-0000-0000-0000-000000023628,OTHERS,782.0226842410399,1389.5383043262432,MIA
315968255.0566781,00000000-0000-0000-0000-000000023630,OTHERS,745.4507067182477,1376.5274966232935,MIA
315968255.0566781,00000000-0000-0000-0000-000000022824,OTHERS,727.4872580712341,1458.6191514635614,MIA
315968255.0566781,00000000-0000-0000-0000-000000023520,OTHERS,723.1117401150008,1450.6155503432258,MIA
315968255.0566781,00000000-0000-0000-0000-000000023616,OTHERS,738.4152777077622,1488.7845867320407,MIA
315968255.0566781,00000000-0000-0000-0000-000000023578,OTHERS,759.6032311546477,1395.1042401201153,MIA
315968255.0566781,00000000-0000-0000-0000-000000023621,OTHERS,756.897573625743,1390.2152167462964,MIA
315968255.0566781,00000000-0000-0000-0000-000000023559,OTHERS,741.9043551826976,1476.5261497002225,MIA
315968255.0566781,00000000-0000-0000-0000-000000023483,OTHERS,743.3473995148104,1472.6630461892996,MIA
315968255.0566781,00000000-0000-0000-0000-000000023611,AGENT,738.9165272839565,1383.442471634122,MIA
315968255.0566781,00000000-0000-0000-0000-000000023597,OTHERS,750.2275004186008,1396.9991585795276,MIA
315968255.1620745,00000000-0000-0000-0000-000000000000,AV,728.5333865378855,1436.0416627020495,MIA
315968255.1620745,00000000-0000-0000-0000-000000021865,OTHERS,729.0711033033039,1409.4608900461865,MIA
315968255.1620745,00000000-0000-0000-0000-000000022783,OTHERS,731.6793671670125,1440.948291617434,MIA
315968255.1620745,00000000-0000-0000-0000-000000023488,OTHERS,731.4238998786542,1461.6061967461267,MIA
315968255.1620745,00000000-0000-0000-0000-000000023637,OTHERS,733.9072233227196,1324.8991835416314,MIA
315968255.1620745,00000000-0000-0000-0000-000000023559,OTHERS,741.863793933066,1477.1353301116462,MIA
315968255.1620745,00000000-0000-0000-0000-000000023628,OTHERS,781.4668910069606,1389.1149219445426,MIA
315968255.1620745,00000000-0000-0000-0000-000000023578,OTHERS,759.3313564911058,1395.2654896573495,MIA
315968255.1620745,00000000-0000-0000-0000-000000023630,OTHERS,745.5508941249193,1376.6053667964472,MIA
315968255.1620745,00000000-0000-0000-0000-000000022824,OTHERS,727.5105109196924,1457.5817133311664,MIA
315968255.1620745,00000000-0000-0000-0000-000000023520,OTHERS,723.0949217703971,1450.9582632761285,MIA
315968255.1620745,00000000-0000-0000-0000-000000023616,OTHERS,738.3489700129829,1488.974895264593,MIA
315968255.1620745,00000000-0000-0000-0000-000000023626,OTHERS,738.616572622974,1479.474608677938,MIA
315968255.1620745,00000000-0000-0000-0000-000000023621,OTHERS,756.7098516651739,1390.2291047158872,MIA
315968255.1620745,00000000-0000-0000-0000-000000023636,OTHERS,767.6362548483563,1392.88463239654,MIA
315968255.1620745,00000000-0000-0000-0000-000000023561,OTHERS,743.7575172737672,1407.6658850855474,MIA
315968255.1620745,00000000-0000-0000-0000-000000023590,OTHERS,747.0629326100847,1383.3296715402334,MIA
315968255.1620745,00000000-0000-0000-0000-000000023483,OTHERS,743.4110682232215,1473.1970797166143,MIA
315968255.1620745,00000000-0000-0000-0000-000000023611,AGENT,738.2793043162031,1383.3545021552502,MIA
315968255.1620745,00000000-0000-0000-0000-000000023597,OTHERS,750.2275004186008,1396.9991585795276,MIA
315968255.2635356,00000000-0000-0000-0000-000000000000,AV,728.5548751944376,1435.4142067032724,MIA
315968255.2635356,00000000-0000-0000-0000-000000021865,OTHERS,729.0988138008646,1409.493746662778,MIA
315968255.2635356,00000000-0000-0000-0000-000000022783,OTHERS,731.7113187262614,1440.0113711215658,MIA
315968255.2635356,00000000-0000-0000-0000-000000023488,OTHERS,731.4735339739048,1460.505086688124,MIA
315968255.2635356,00000000-0000-0000-0000-000000023578,OTHERS,759.1412010159382,1395.468532083195,MIA
315968255.2635356,00000000-0000-0000-0000-000000023641,OTHERS,748.0243514052977,1367.0479990376325,MIA
315968255.2635356,00000000-0000-0000-0000-000000023630,OTHERS,743.9496691546101,1376.4718986860828,MIA
315968255.2635356,00000000-0000-0000-0000-000000022824,OTHERS,727.5733607953085,1456.5132087437082,MIA
315968255.2635356,00000000-0000-0000-0000-000000023520,OTHERS,723.0792773006491,1451.2207615424518,MIA
315968255.2635356,00000000-0000-0000-0000-000000023616,OTHERS,738.4636011015306,1489.2705088214327,MIA
315968255.2635356,00000000-0000-0000-0000-000000023621,OTHERS,756.9140836627566,1390.2720646643536,MIA
315968255.2635356,00000000-0000-0000-0000-000000023559,OTHERS,741.8689808309505,1478.1442258980155,MIA
315968255.2635356,00000000-0000-0000-0000-000000023639,OTHERS,771.9539085848172,1389.1998011295227,MIA
315968255.2635356,00000000-0000-0000-0000-000000023628,OTHERS,781.4883324194728,1389.329941027965,MIA
315968255.2635356,00000000-0000-0000-0000-000000023637,OTHERS,734.1450241985377,1324.6512877069874,MIA
315968255.2635356,00000000-0000-0000-0000-000000023626,OTHERS,738.5250915357393,1479.9646287794242,MIA
315968255.2635356,00000000-0000-0000-0000-000000023636,OTHERS,767.6362548483563,1392.88463239654,MIA
315968255.2635356,00000000-0000-0000-0000-000000023561,OTHERS,743.6929044381365,1408.301498874591,MIA
315968255.2635356,00000000-0000-0000-0000-000000023590,OTHERS,746.6358148189893,1383.2576915454206,MIA
315968255.2635356,00000000-0000-0000-0000-000000023483,OTHERS,743.3405722711967,1473.7276313735508,MIA
315968255.2635356,00000000-0000-0000-0000-000000023611,AGENT,737.9701427730533,1382.8631985220452,MIA
315968255.3580497,00000000-0000-0000-0000-000000000000,AV,728.5749390211972,1434.8125766032847,MIA
315968255.3580497,00000000-0000-0000-0000-000000021865,OTHERS,729.0678028244718,1409.4139187999026,MIA
315968255.3580497,00000000-0000-0000-0000-000000022783,OTHERS,731.7002751612426,1439.1960723070542,MIA
315968255.3580497,00000000-0000-0000-0000-000000023488,OTHERS,731.5514579793747,1459.4095273290106,MIA
315968255.3580497,00000000-0000-0000-0000-000000023578,OTHERS,758.8239696049799,1395.538932199478,MIA
315968255.3580497,00000000-0000-0000-0000-000000023641,OTHERS,748.0243514052977,1367.0479990376325,MIA
315968255.3580497,00000000-0000-0000-0000-000000023630,OTHERS,743.9150321322109,1376.5609731401144,MIA
315968255.3580497,00000000-0000-0000-0000-000000022824,OTHERS,727.6397979540596,1455.4695027339224,MIA
315968255.3580497,00000000-0000-0000-0000-000000023520,OTHERS,723.0792773006491,1451.2207615424518,MIA
315968255.3580497,00000000-0000-0000-0000-000000023616,OTHERS,738.3029523354146,1489.4698436433175,MIA
315968255.3580497,00000000-0000-0000-0000-000000023621,OTHERS,756.9140836627566,1390.2720646643536,MIA
315968255.3580497,00000000-0000-0000-0000-000000023559,OTHERS,741.9181022511185,1478.1194327515384,MIA
315968255.3580497,00000000-0000-0000-0000-000000023639,OTHERS,771.9539085848172,1389.1998011295227,MIA
315968255.3580497,00000000-0000-0000-0000-000000023628,OTHERS,781.6873566214888,1389.400169127489,MIA
315968255.3580497,00000000-0000-0000-0000-000000023637,OTHERS,734.0371737804477,1324.3949902610575,MIA
315968255.3580497,00000000-0000-0000-0000-000000023626,OTHERS,738.5997334128575,1480.0018411733608,MIA
315968255.3580497,00000000-0000-0000-0000-000000023636,OTHERS,767.6362548483563,1392.88463239654,MIA
315968255.3580497,00000000-0000-0000-0000-000000023561,OTHERS,743.6633894805677,1408.8323105268335,MIA
315968255.3580497,00000000-0000-0000-0000-000000023590,OTHERS,746.1132088705162,1383.0311771675463,MIA
315968255.3580497,00000000-0000-0000-0000-000000023483,OTHERS,743.1681430561607,1474.6968828608567,MIA
315968255.3580497,00000000-0000-0000-0000-000000023611,AGENT,737.4554001371408,1382.2925819756656,MIA
315968255.46418303,00000000-0000-0000-0000-000000000000,AV,728.598295833444,1434.1693104373755,MIA
315968255.46418303,00000000-0000-0000-0000-000000022783,OTHERS,731.7210511715188,1438.3841987375595,MIA
315968255.46418303,00000000-0000-0000-0000-000000023647,OTHERS,746.2612225966558,1399.2854586014753,MIA
315968255.46418303,00000000-0000-0000-0000-000000023488,OTHERS,731.5520569453987,1458.4720031211057,MIA
315968255.46418303,00000000-0000-0000-0000-000000023578,OTHERS,757.9459837601457,1395.3893257604016,MIA
315968255.46418303,00000000-0000-0000-0000-000000023621,OTHERS,756.9140836627566,1390.2720646643536,MIA
315968255.46418303,00000000-0000-0000-0000-000000021865,OTHERS,729.3716833013127,1408.52231955842,MIA
315968255.46418303,00000000-0000-0000-0000-000000023561,OTHERS,743.6091726298532,1409.4811397650878,MIA
315968255.46418303,00000000-0000-0000-0000-000000023590,OTHERS,745.4917574838651,1382.874802149785,MIA
315968255.46418303,00000000-0000-0000-0000-000000023641,OTHERS,748.0243514052977,1367.0479990376325,MIA
315968255.46418303,00000000-0000-0000-0000-000000023630,OTHERS,742.6300103078906,1376.1679770902442,MIA
315968255.46418303,00000000-0000-0000-0000-000000022824,OTHERS,727.7291749563573,1454.5524187967005,MIA
315968255.46418303,00000000-0000-0000-0000-000000023520,OTHERS,723.1206531978845,1451.356502168298,MIA
315968255.46418303,00000000-0000-0000-0000-000000023616,OTHERS,738.4194105416278,1489.6251635152164,MIA
315968255.46418303,00000000-0000-0000-0000-000000023559,OTHERS,741.8297282927008,1478.8314375132095,MIA
315968255.46418303,00000000-0000-0000-0000-000000023639,OTHERS,772.8108560998601,1389.4249589902329,MIA
315968255.46418303,00000000-0000-0000-0000-000000023628,OTHERS,782.2178824614508,1389.4744027181346,MIA
315968255.46418303,00000000-0000-0000-0000-000000023637,OTHERS,733.8959837800858,1324.1581541958094,MIA
315968255.46418303,00000000-0000-0000-0000-000000023626,OTHERS,738.640116815505,1480.1338689277536,MIA
315968255.46418303,00000000-0000-0000-0000-000000023483,OTHERS,743.2416945542363,1474.8326527898623,MIA
315968255.46418303,00000000-0000-0000-0000-000000023611,AGENT,737.0823093027496,1381.644366839858,MIA
315968255.5661267,00000000-0000-0000-0000-000000000000,AV,728.6187083883642,1433.6033858787162,MIA
315968255.5661267,00000000-0000-0000-0000-000000022783,OTHERS,731.751542731025,1437.4768703535974,MIA
315968255.5661267,00000000-0000-0000-0000-000000023647,OTHERS,746.1157510216493,1399.5877969174053,MIA
315968255.5661267,00000000-0000-0000-0000-000000023488,OTHERS,731.5598333203403,1457.586111703902,MIA
315968255.5661267,00000000-0000-0000-0000-000000023578,OTHERS,757.2665635537544,1395.5197093436316,MIA
315968255.5661267,00000000-0000-0000-0000-000000023483,OTHERS,743.1027880344659,1476.2107523781008,MIA
315968255.5661267,00000000-0000-0000-0000-000000023611,AGENT,736.7571006908704,1381.4580268730026,MIA
315968255.5661267,00000000-0000-0000-0000-000000023649,OTHERS,764.3016805621731,1392.8403409278385,MIA
315968255.5661267,00000000-0000-0000-0000-000000021865,OTHERS,729.3779492500747,1408.4842963341996,MIA
315968255.5661267,00000000-0000-0000-0000-000000023641,OTHERS,748.0243514052977,1367.0479990376325,MIA
315968255.5661267,00000000-0000-0000-0000-000000023630,OTHERS,742.3246005299686,1376.090361994363,MIA
315968255.5661267,00000000-0000-0000-0000-000000022824,OTHERS,727.7538182850418,1453.568719793742,MIA
315968255.5661267,00000000-0000-0000-0000-000000023520,OTHERS,723.143358732364,1451.5918597844839,MIA
315968255.5661267,00000000-0000-0000-0000-000000023616,OTHERS,738.3670926809996,1489.8243193258768,MIA
315968255.5661267,00000000-0000-0000-0000-000000023637,OTHERS,734.1144934169131,1323.9411434646593,MIA
315968255.5661267,00000000-0000-0000-0000-000000023626,OTHERS,738.7061717556293,1480.1674317525678,MIA
315968255.5661267,00000000-0000-0000-0000-000000023621,OTHERS,756.9140836627566,1390.2720646643536,MIA
315968255.5661267,00000000-0000-0000-0000-000000023561,OTHERS,743.5526717494058,1410.064361088791,MIA
315968255.5661267,00000000-0000-0000-0000-000000023590,OTHERS,745.3233534104762,1382.7253262659235,MIA
315968255.5661267,00000000-0000-0000-0000-000000023559,OTHERS,741.8147216127524,1479.5702039875541,MIA
315968255.5661267,00000000-0000-0000-0000-000000023639,OTHERS,772.8108560998601,1389.4249589902329,MIA
315968255.5661267,00000000-0000-0000-0000-000000023628,OTHERS,781.4501030619965,1389.1448773625095,MIA
315968255.65674686,00000000-0000-0000-0000-000000000000,AV,728.6378261355107,1433.1031970808385,MIA
315968255.65674686,00000000-0000-0000-0000-000000022783,OTHERS,731.7788476085652,1436.7297195489618,MIA
315968255.65674686,00000000-0000-0000-0000-000000023647,OTHERS,746.1303869286131,1399.732240898872,MIA
315968255.65674686,00000000-0000-0000-0000-000000023488,OTHERS,731.6154488271974,1456.6276336618093,MIA
315968255.65674686,00000000-0000-0000-0000-000000023578,OTHERS,757.8712096622345,1395.657561562514,MIA
315968255.65674686,00000000-0000-0000-0000-000000023649,OTHERS,764.2325166151119,1392.8167744179655,MIA
315968255.65674686,00000000-0000-0000-0000-000000021865,OTHERS,729.0706926378748,1409.3524539555194,MIA
315968255.65674686,00000000-0000-0000-0000-000000023637,OTHERS,733.9783795983225,1323.641709387823,MIA
315968255.65674686,00000000-0000-0000-0000-000000023630,OTHERS,740.5203919805797,1375.5721885637927,MIA
315968255.65674686,00000000-0000-0000-0000-000000022824,OTHERS,727.7777377213588,1452.5794018490747,MIA
315968255.65674686,00000000-0000-0000-0000-000000023520,OTHERS,723.1252096537735,1451.786601461522,MIA
315968255.65674686,00000000-0000-0000-0000-000000023616,OTHERS,738.3561133664682,1489.9532429715923,MIA
315968255.65674686,00000000-0000-0000-0000-000000023626,OTHERS,738.5928038773802,1480.454055527602,MIA
315968255.65674686,00000000-0000-0000-0000-000000023561,OTHERS,743.5772478806002,1410.5569350830372,MIA
315968255.65674686,00000000-0000-0000-0000-000000023590,OTHERS,745.0625397138243,1382.8656638719574,MIA
315968255.65674686,00000000-0000-0000-0000-000000023644,OTHERS,723.8213290552595,1440.1881386776465,MIA
315968255.65674686,00000000-0000-0000-0000-000000023559,OTHERS,741.3966460888086,1485.1011686478296,MIA
315968255.65674686,00000000-0000-0000-0000-000000023639,OTHERS,772.8108560998601,1389.4249589902329,MIA
315968255.65674686,00000000-0000-0000-0000-000000023628,OTHERS,781.2319344102078,1389.068406625156,MIA
315968255.65674686,00000000-0000-0000-0000-000000023483,OTHERS,742.4449866105501,1478.6449816142292,MIA
315968255.65674686,00000000-0000-0000-0000-000000023611,AGENT,736.087543115825,1380.4329192846888,MIA
315968255.76540065,00000000-0000-0000-0000-000000000000,AV,728.6581208718704,1432.5211881014304,MIA
315968255.76540065,00000000-0000-0000-0000-000000023647,OTHERS,745.8491812760353,1400.1400848136511,MIA
315968255.76540065,00000000-0000-0000-0000-000000023488,OTHERS,731.6291045758659,1455.5543998502835,MIA
315968255.76540065,00000000-0000-0000-0000-000000023578,OTHERS,757.9825247877379,1395.6657718523832,MIA
315968255.76540065,00000000-0000-0000-0000-000000023483,OTHERS,742.8010128435878,1477.2628959247659,MIA
315968255.76540065,00000000-0000-0000-0000-000000023611,AGENT,735.6099847538443,1379.6960295633025,MIA
315968255.76540065,00000000-0000-0000-0000-000000023637,OTHERS,733.9022688078404,1323.0966852575611,MIA
315968255.76540065,00000000-0000-0000-0000-000000023630,OTHERS,741.8931151667499,1375.8857476815838,MIA
315968255.76540065,00000000-0000-0000-0000-000000022824,OTHERS,727.756102999708,1451.4864759057302,MIA
315968255.76540065,00000000-0000-0000-0000-000000023520,OTHERS,723.1252096537735,1451.786601461522,MIA
315968255.76540065,00000000-0000-0000-0000-000000023616,OTHERS,738.3561133664682,1489.9532429715923,MIA
315968255.76540065,00000000-0000-0000-0000-000000022783,OTHERS,731.8117901249162,1436.0133665885785,MIA
315968255.76540065,00000000-0000-0000-0000-000000023561,OTHERS,743.4662315914888,1411.3498129778884,MIA
315968255.76540065,00000000-0000-0000-0000-000000023590,OTHERS,744.6332809155521,1382.672220947168,MIA
315968255.76540065,00000000-0000-0000-0000-000000023644,OTHERS,723.8213290552595,1440.1881386776465,MIA
315968255.76540065,00000000-0000-0000-0000-000000021865,OTHERS,729.1066810486818,1409.3959090072613,MIA
315968255.76540065,00000000-0000-0000-0000-000000023649,OTHERS,764.1587898980329,1392.8424326288875,MIA
315968255.76540065,00000000-0000-0000-0000-000000023626,OTHERS,738.6629600147631,1480.8610477381835,MIA
315968255.76540065,00000000-0000-0000-0000-000000023559,OTHERS,741.6505233822122,1481.231282264705,MIA
315968255.76540065,00000000-0000-0000-0000-000000023639,OTHERS,772.8108560998601,1389.4249589902329,MIA
315968255.76540065,00000000-0000-0000-0000-000000023628,OTHERS,779.9836821018672,1389.1105316289393,MIA
315968255.85819465,00000000-0000-0000-0000-000000000000,AV,728.6750449608604,1432.0069894800788,MIA
315968255.85819465,00000000-0000-0000-0000-000000021865,OTHERS,729.1395692653964,1409.3478302648416,MIA
315968255.85819465,00000000-0000-0000-0000-000000023647,OTHERS,745.5858664635699,1400.5222058853064,MIA
315968255.85819465,00000000-0000-0000-0000-000000023488,OTHERS,731.6769400726597,1454.554390432457,MIA
315968255.85819465,00000000-0000-0000-0000-000000023578,OTHERS,757.6087220621823,1395.6539188746247,MIA
315968255.85819465,00000000-0000-0000-0000-000000023559,OTHERS,741.5675632110542,1481.548185907409,MIA
315968255.85819465,00000000-0000-0000-0000-000000022783,OTHERS,731.8503988384523,1435.2417167986346,MIA
315968255.85819465,00000000-0000-0000-0000-000000023561,OTHERS,743.4841986901511,1411.8376993110671,MIA
315968255.85819465,00000000-0000-0000-0000-000000023590,OTHERS,744.1365182608336,1382.5739962687949,MIA
315968255.85819465,00000000-0000-0000-0000-000000023644,OTHERS,723.8213290552595,1440.1881386776465,MIA
315968255.85819465,00000000-0000-0000-0000-000000023649,OTHERS,763.9667973947037,1392.8001383260748,MIA
315968255.85819465,00000000-0000-0000-0000-000000023626,OTHERS,738.6211171324213,1480.8334675533872,MIA
315968255.85819465,00000000-0000-0000-0000-000000023637,OTHERS,733.9377538276683,1323.132211247079,MIA
315968255.85819465,00000000-0000-0000-0000-000000023630,OTHERS,740.7982254145279,1375.7123636508213,MIA
315968255.85819465,00000000-0000-0000-0000-000000022824,OTHERS,727.7930642160277,1450.6600950768784,MIA
315968255.85819465,00000000-0000-0000-0000-000000023520,OTHERS,723.1252096537735,1451.786601461522,MIA
315968255.85819465,00000000-0000-0000-0000-000000023616,OTHERS,738.3561133664682,1489.9532429715923,MIA
315968255.85819465,00000000-0000-0000-0000-000000023628,OTHERS,779.9836821018672,1389.1105316289393,MIA
315968255.85819465,00000000-0000-0000-0000-000000023483,OTHERS,742.6505924573532,1477.7428285401252,MIA
315968255.85819465,00000000-0000-0000-0000-000000023611,AGENT,735.8328630122122,1379.9553842541254,MIA
315968255.97322726,00000000-0000-0000-0000-000000000000,AV,728.6991999065367,1431.4115672226162,MIA
315968255.97322726,00000000-0000-0000-0000-000000021865,OTHERS,729.3398221683279,1408.5037861389267,MIA
315968255.97322726,00000000-0000-0000-0000-000000023657,OTHERS,754.1586138007782,1389.5557510902743,MIA
315968255.97322726,00000000-0000-0000-0000-000000023647,OTHERS,745.300983328307,1400.88214350278,MIA
315968255.97322726,00000000-0000-0000-0000-000000023488,OTHERS,731.7188961933414,1453.6704863960258,MIA
315968255.97322726,00000000-0000-0000-0000-000000023578,OTHERS,758.2413855405458,1395.644896489762,MIA
315968255.97322726,00000000-0000-0000-0000-000000023483,OTHERS,742.5627996223219,1477.8804131932952,MIA
315968255.97322726,00000000-0000-0000-0000-000000023611,AGENT,735.3666117897408,1379.0611514401019,MIA
315968255.97322726,00000000-0000-0000-0000-000000022824,OTHERS,727.8343723152759,1449.6681658797515,MIA
315968255.97322726,00000000-0000-0000-0000-000000023520,OTHERS,723.0658610945395,1452.029982286765,MIA
315968255.97322726,00000000-0000-0000-0000-000000023616,OTHERS,738.3561133664682,1489.9532429715923,MIA
315968255.97322726,00000000-0000-0000-0000-000000023658,OTHERS,770.5075980022115,1389.252581116482,MIA
315968255.97322726,00000000-0000-0000-0000-000000023630,OTHERS,740.6003251904024,1375.7863351588435,MIA
315968255.97322726,00000000-0000-0000-0000-000000023637,OTHERS,733.9377538276683,1323.132211247079,MIA
315968255.97322726,00000000-0000-0000-0000-000000022783,OTHERS,731.8819611544287,1434.5167181093002,MIA
315968255.97322726,00000000-0000-0000-0000-000000023561,OTHERS,743.4219294839636,1412.4823100639724,MIA
315968255.97322726,00000000-0000-0000-0000-000000023590,OTHERS,743.5628867756694,1382.204923352637,MIA
315968255.97322726,00000000-0000-0000-0000-000000023644,OTHERS,723.9116770375688,1440.455900392295,MIA
315968255.97322726,00000000-0000-0000-0000-000000023559,OTHERS,741.6203604710797,1482.4564935074245,MIA
315968255.97322726,00000000-0000-0000-0000-000000023649,OTHERS,763.9667973947037,1392.8001383260748,MIA
315968255.97322726,00000000-0000-0000-0000-000000023626,OTHERS,738.6513366461552,1481.2004813951498,MIA
315968255.97322726,00000000-0000-0000-0000-000000023628,OTHERS,779.9836821018672,1389.1105316289393,MIA
315968256.06894064,00000000-0000-0000-0000-000000000000,AV,728.716762650449,1430.933508864463,MIA
315968256.06894064,00000000-0000-0000-0000-000000021865,OTHERS,729.3354437580992,1408.5350118815686,MIA
315968256.06894064,00000000-0000-0000-0000-000000023657,OTHERS,753.9147246912604,1389.583589285685,MIA
315968256.06894064,00000000-0000-0000-0000-000000023647,OTHERS,745.1038125294276,1401.2841495944351,MIA
315968256.06894064,00000000-0000-0000-0000-000000023488,OTHERS,731.7482898354425,1452.7717633026575,MIA
315968256.06894064,00000000-0000-0000-0000-000000022824,OTHERS,727.9002693906875,1448.7049441237625,MIA
315968256.06894064,00000000-0000-0000-0000-000000023520,OTHERS,723.0749084799451,1452.3058546589828,MIA
315968256.06894064,00000000-0000-0000-0000-000000023578,OTHERS,753.1957511717453,1395.3106561094064,MIA
315968256.06894064,00000000-0000-0000-0000-000000023626,OTHERS,738.6159310169908,1481.2856022097974,MIA
315968256.06894064,00000000-0000-0000-0000-000000023483,OTHERS,741.4260632549409,1484.1056050952802,MIA
315968256.06894064,00000000-0000-0000-0000-000000023611,AGENT,735.0564455951059,1378.416995919173,MIA
315968256.06894064,00000000-0000-0000-0000-000000023637,OTHERS,734.285651606988,1322.5619780868174,MIA
315968256.06894064,00000000-0000-0000-0000-000000023630,OTHERS,740.5804484365707,1374.8333176846606,MIA
315968256.06894064,00000000-0000-0000-0000-000000023662,OTHERS,748.1009228476552,1376.7379524338658,MIA
315968256.06894064,00000000-0000-0000-0000-000000023628,OTHERS,779.9836821018672,1389.1105316289393,MIA
315968256.06894064,00000000-0000-0000-0000-000000023658,OTHERS,770.8686417498526,1389.3738991530774,MIA
315968256.06894064,00000000-0000-0000-0000-000000023659,OTHERS,771.5539650595701,1385.3961310256,MIA
315968256.06894064,00000000-0000-0000-0000-000000022783,OTHERS,731.8876678880838,1433.7009110194574,MIA
315968256.06894064,00000000-0000-0000-0000-000000023561,OTHERS,743.3360815878157,1413.2252472887305,MIA
315968256.06894064,00000000-0000-0000-0000-000000023590,OTHERS,743.4620019263513,1382.1668364028126,MIA
315968256.06894064,00000000-0000-0000-0000-000000023644,OTHERS,723.8826840250052,1440.8291395332596,MIA
315968256.06894064,00000000-0000-0000-0000-000000023559,OTHERS,742.5312853929602,1478.4210896874329,MIA
315968256.06894064,00000000-0000-0000-0000-000000023656,OTHERS,782.7033897262814,1389.4481128590203,MIA
315968256.06894064,00000000-0000-0000-0000-000000023649,OTHERS,763.9667973947037,1392.8001383260748,MIA
315968256.16144645,00000000-0000-0000-0000-000000000000,AV,728.73162847711,1430.5265031494582,MIA
315968256.16144645,00000000-0000-0000-0000-000000021865,OTHERS,729.150273063125,1409.3114933424567,MIA
315968256.16144645,00000000-0000-0000-0000-000000022783,OTHERS,731.9279614922177,1432.980209300293,MIA
315968256.16144645,00000000-0000-0000-0000-000000023657,OTHERS,754.5660327837918,1389.4261789400446,MIA
315968256.16144645,00000000-0000-0000-0000-000000023647,OTHERS,744.6077533015198,1402.1042757237933,MIA
315968256.16144645,00000000-0000-0000-0000-000000023488,OTHERS,731.7945784252977,1451.8198820266525,MIA
315968256.16144645,00000000-0000-0000-0000-000000022824,OTHERS,727.918446317874,1447.893627005713,MIA
315968256.16144645,00000000-0000-0000-0000-000000023520,OTHERS,723.0749084799451,1452.3058546589828,MIA
315968256.16144645,00000000-0000-0000-0000-000000023578,OTHERS,753.5695385575931,1395.5030445241339,MIA
315968256.16144645,00000000-0000-0000-0000-000000023660,OTHERS,779.880665862678,1389.0579723481305,MIA
315968256.16144645,00000000-0000-0000-0000-000000023662,OTHERS,747.8981125431297,1376.6104417633637,MIA
315968256.16144645,00000000-0000-0000-0000-000000023637,OTHERS,734.0758615163909,1322.5180231513546,MIA
315968256.16144645,00000000-0000-0000-0000-000000023626,OTHERS,738.7824848098047,1481.3145996627484,MIA
315968256.16144645,00000000-0000-0000-0000-000000023630,OTHERS,740.5602044858597,1375.5933264063233,MIA
315968256.16144645,00000000-0000-0000-0000-000000023658,OTHERS,770.1742295240483,1388.9316341668255,MIA
315968256.16144645,00000000-0000-0000-0000-000000023659,OTHERS,771.5539650595701,1385.3961310256,MIA
315968256.16144645,00000000-0000-0000-0000-000000023559,OTHERS,742.3360927032753,1481.0097661108405,MIA
315968256.16144645,00000000-0000-0000-0000-000000023656,OTHERS,782.7033897262814,1389.4481128590203,MIA
315968256.16144645,00000000-0000-0000-0000-000000023649,OTHERS,763.9667973947037,1392.8001383260748,MIA
315968256.16144645,00000000-0000-0000-0000-000000023561,OTHERS,743.3084632146849,1413.8768369984616,MIA
315968256.16144645,00000000-0000-0000-0000-000000023590,OTHERS,743.0300894642604,1382.1084181475046,MIA
315968256.16144645,00000000-0000-0000-0000-000000023661,OTHERS,740.8931753568168,1365.7689522662522,MIA
315968256.16144645,00000000-0000-0000-0000-000000023644,OTHERS,723.8826840250052,1440.8291395332596,MIA
315968256.16144645,00000000-0000-0000-0000-000000023483,OTHERS,741.3587765078297,1487.3218169043253,MIA
315968256.16144645,00000000-0000-0000-0000-000000023611,AGENT,734.7056254028662,1377.790440948532,MIA
315968256.267757,00000000-0000-0000-0000-000000000000,AV,728.7504111811046,1430.0372582202433,MIA
315968256.267757,00000000-0000-0000-0000-000000021865,OTHERS,729.1087288598437,1409.3736951075846,MIA
315968256.267757,00000000-0000-0000-0000-000000022783,OTHERS,731.9649790677772,1432.289003133047,MIA
315968256.267757,00000000-0000-0000-0000-000000023657,OTHERS,754.4785563924803,1389.4325120734286,MIA
315968256.267757,00000000-0000-0000-0000-000000023647,OTHERS,744.5699559933286,1402.3180020760446,MIA
315968256.267757,00000000-0000-0000-0000-000000023488,OTHERS,731.8324507126167,1450.8987505764896,MIA
315968256.267757,00000000-0000-0000-0000-000000022824,OTHERS,727.9361490545148,1447.0177357741613,MIA
315968256.267757,00000000-0000-0000-0000-000000023520,OTHERS,723.0749084799451,1452.3058546589828,MIA
315968256.267757,00000000-0000-0000-0000-000000023578,OTHERS,753.5557701876199,1395.5554469872375,MIA
315968256.267757,00000000-0000-0000-0000-000000023660,OTHERS,779.8944465814079,1389.146330325181,MIA
315968256.267757,00000000-0000-0000-0000-000000023662,OTHERS,747.7126216519217,1376.2939545543563,MIA
315968256.267757,00000000-0000-0000-0000-000000023637,OTHERS,733.9888975440207,1322.3271296702126,MIA
315968256.267757,00000000-0000-0000-0000-000000023626,OTHERS,738.7051108991863,1481.6157043214066,MIA
315968256.267757,00000000-0000-0000-0000-000000023630,OTHERS,740.5632553727291,1375.7856210939347,MIA
315968256.267757,00000000-0000-0000-0000-000000023658,OTHERS,771.1112001730188,1389.4035220046712,MIA
315968256.267757,00000000-0000-0000-0000-000000023659,OTHERS,771.5539650595701,1385.3961310256,MIA
315968256.267757,00000000-0000-0000-0000-000000023559,OTHERS,742.4248555146187,1480.2264584062493,MIA
315968256.267757,00000000-0000-0000-0000-000000023656,OTHERS,782.7033897262814,1389.4481128590203,MIA
315968256.267757,00000000-0000-0000-0000-000000023561,OTHERS,743.2851205365239,1414.5642217260272,MIA
315968256.267757,00000000-0000-0000-0000-000000023661,OTHERS,740.8931753568168,1365.7689522662522,MIA
315968256.267757,00000000-0000-0000-0000-000000023590,OTHERS,742.3841563495857,1381.8372685860636,MIA
315968256.267757,00000000-0000-0000-0000-000000023644,OTHERS,723.8826840250052,1440.8291395332596,MIA
315968256.267757,00000000-0000-0000-0000-000000023483,OTHERS,741.3383544936862,1485.3311056216996,MIA
315968256.267757,00000000-0000-0000-0000-000000023611,AGENT,734.7036835227609,1377.1548784839124,MIA
315968256.36879706,00000000-0000-0000-0000-000000000000,AV,728.7678479166991,1429.606906037388,MIA
315968256.36879706,00000000-0000-0000-0000-000000021865,OTHERS,729.0935060293813,1409.2664568014443,MIA
315968256.36879706,00000000-0000-0000-0000-000000022783,OTHERS,731.9971165305154,1431.565021822304,MIA
315968256.36879706,00000000-0000-0000-0000-000000023657,OTHERS,753.6802113759735,1389.6837063012595,MIA
315968256.36879706,00000000-0000-0000-0000-000000023647,OTHERS,744.3263900915608,1402.7938455864353,MIA
315968256.36879706,00000000-0000-0000-0000-000000023488,OTHERS,731.8437051678676,1450.1037013754865,MIA
315968256.36879706,00000000-0000-0000-0000-000000022824,OTHERS,727.9728527869138,1446.211825525709,MIA
315968256.36879706,00000000-0000-0000-0000-000000023520,OTHERS,723.0835931055838,1452.584129599552,MIA
315968256.36879706,00000000-0000-0000-0000-000000023578,OTHERS,753.1458164475459,1395.789135045125,MIA
315968256.36879706,00000000-0000-0000-0000-000000023660,OTHERS,779.4041556021476,1388.9399520414793,MIA
315968256.36879706,00000000-0000-0000-0000-000000023662,OTHERS,747.8156501330969,1376.5784273732424,MIA
315968256.36879706,00000000-0000-0000-0000-000000023637,OTHERS,734.0286227946516,1322.117161874932,MIA
315968256.36879706,00000000-0000-0000-0000-000000023626,OTHERS,738.8040125643504,1481.7317552219386,MIA
315968256.36879706,00000000-0000-0000-0000-000000023630,OTHERS,740.4388713689513,1375.7989940449645,MIA
315968256.36879706,00000000-0000-0000-0000-000000023658,OTHERS,771.1112001730188,1389.4035220046712,MIA
315968256.36879706,00000000-0000-0000-0000-000000023659,OTHERS,771.5539650595701,1385.3961310256,MIA
315968256.36879706,00000000-0000-0000-0000-000000023559,OTHERS,742.4708535092682,1479.8739999652335,MIA
315968256.36879706,00000000-0000-0000-0000-000000023656,OTHERS,782.7033897262814,1389.4481128590203,MIA
315968256.36879706,00000000-0000-0000-0000-000000023561,OTHERS,743.2591440257025,1415.2196054054193,MIA
315968256.36879706,00000000-0000-0000-0000-000000023661,OTHERS,740.9355546970247,1365.8017253678786,MIA
315968256.36879706,00000000-0000-0000-0000-000000023590,OTHERS,742.4531148924118,1381.70734240638,MIA
315968256.36879706,00000000-0000-0000-0000-000000023644,OTHERS,723.9222869024582,1441.1480585776044,MIA
315968256.36879706,00000000-0000-0000-0000-000000023483,OTHERS,741.394851092487,1484.2648116605892,MIA
315968256.36879706,00000000-0000-0000-0000-000000023611,AGENT,734.3338732500456,1376.3270682506452,MIA
315968256.4589659,00000000-0000-0000-0000-000000000000,AV,728.7853629183528,1429.1933840549682,MIA
315968256.4589659,00000000-0000-0000-0000-000000021865,OTHERS,729.0659794070665,1409.3009082885626,MIA
315968256.4589659,00000000-0000-0000-0000-000000022783,OTHERS,732.0388370067934,1430.918831579691,MIA
315968256.4589659,00000000-0000-0000-0000-000000023657,OTHERS,753.6802113759735,1389.6837063012595,MIA
315968256.4589659,00000000-0000-0000-0000-000000023647,OTHERS,744.1296190633385,1403.280655488908,MIA
315968256.4589659,00000000-0000-0000-0000-000000023488,OTHERS,731.8502021305493,1449.159355676681,MIA
315968256.4589659,00000000-0000-0000-0000-000000023658,OTHERS,771.1112001730188,1389.4035220046712,MIA
315968256.4589659,00000000-0000-0000-0000-000000023660,OTHERS,779.0914403874347,1388.7196287696818,MIA
315968256.4589659,00000000-0000-0000-0000-000000023661,OTHERS,740.9355546970247,1365.8017253678786,MIA
315968256.4589659,00000000-0000-0000-0000-000000023590,OTHERS,741.9038311067384,1381.4986241885929,MIA
315968256.4589659,00000000-0000-0000-0000-000000023561,OTHERS,743.2049901183293,1415.8085874128385,MIA
315968256.4589659,00000000-0000-0000-0000-000000023644,OTHERS,723.882303864593,1441.3395927271024,MIA
315968256.4589659,00000000-0000-0000-0000-000000023662,OTHERS,748.0101763699275,1376.6355372569585,MIA
315968256.4589659,00000000-0000-0000-0000-000000023637,OTHERS,734.0364758307575,1321.944339238285,MIA
315968256.4589659,00000000-0000-0000-0000-000000023626,OTHERS,739.0343741205082,1481.82051403,MIA
315968256.4589659,00000000-0000-0000-0000-000000023630,OTHERS,740.1660236916356,1375.7166518296374,MIA
315968256.4589659,00000000-0000-0000-0000-000000023483,OTHERS,741.338860449614,1485.127665068424,MIA
315968256.4589659,00000000-0000-0000-0000-000000023611,AGENT,733.8625256140556,1375.4460937071767,MIA
315968256.4589659,00000000-0000-0000-0000-000000023578,OTHERS,752.7235076707527,1395.9011922916222,MIA
315968256.4589659,00000000-0000-0000-0000-000000023559,OTHERS,742.4666103528322,1480.311289965749,MIA
315968256.4589659,00000000-0000-0000-0000-000000022824,OTHERS,728.0339989469871,1445.3977441068735,MIA
315968256.4589659,00000000-0000-0000-0000-000000023520,OTHERS,723.0776723702145,1452.8461361802756,MIA
315968256.56031275,00000000-0000-0000-0000-000000000000,AV,728.7998827774071,1428.7894814488855,MIA
315968256.56031275,00000000-0000-0000-0000-000000021865,OTHERS,729.1045373991852,1409.3562685029715,MIA
315968256.56031275,00000000-0000-0000-0000-000000022783,OTHERS,732.0707379458493,1430.2655855415735,MIA
315968256.56031275,00000000-0000-0000-0000-000000023657,OTHERS,754.4695897911514,1388.7065750261852,MIA
315968256.56031275,00000000-0000-0000-0000-000000023647,OTHERS,743.7826164112042,1403.9494929343161,MIA
315968256.56031275,00000000-0000-0000-0000-000000023488,OTHERS,731.8563449616347,1448.2747073914059,MIA
315968256.56031275,00000000-0000-0000-0000-000000023559,OTHERS,742.2918322776864,1482.0622837201267,MIA
315968256.56031275,00000000-0000-0000-0000-000000023662,OTHERS,747.5586652045268,1376.2531857636056,MIA
315968256.56031275,00000000-0000-0000-0000-000000023637,OTHERS,733.9152095399759,1321.7906835604144,MIA
315968256.56031275,00000000-0000-0000-0000-000000023626,OTHERS,738.7721628338028,1482.1360067064718,MIA
315968256.56031275,00000000-0000-0000-0000-000000023660,OTHERS,779.0914403874347,1388.7196287696818,MIA
315968256.56031275,00000000-0000-0000-0000-000000023658,OTHERS,771.1112001730188,1389.4035220046712,MIA
315968256.56031275,00000000-0000-0000-0000-000000022824,OTHERS,728.1028487413918,1444.5965942403814,MIA
315968256.56031275,00000000-0000-0000-0000-000000023520,OTHERS,723.0776723702145,1452.8461361802756,MIA
315968256.56031275,00000000-0000-0000-0000-000000023561,OTHERS,743.158143788194,1416.5095450689785,MIA
315968256.56031275,00000000-0000-0000-0000-000000023644,OTHERS,723.882303864593,1441.3395927271024,MIA
315968256.56031275,00000000-0000-0000-0000-000000023661,OTHERS,740.9355546970247,1365.8017253678786,MIA
315968256.56031275,00000000-0000-0000-0000-000000023590,OTHERS,741.6288536560993,1381.2636602929583,MIA
315968256.56031275,00000000-0000-0000-0000-000000023630,OTHERS,740.1660236916356,1375.7166518296374,MIA
315968256.56031275,00000000-0000-0000-0000-000000023483,OTHERS,741.249514102138,1488.2875322666766,MIA
315968256.56031275,00000000-0000-0000-0000-000000023611,AGENT,733.6035673975833,1374.7195252346094,MIA
315968256.56031275,00000000-0000-0000-0000-000000023578,OTHERS,752.1972373113707,1396.1259984497738,MIA
315968256.6804456,00000000-0000-0000-0000-000000000000,AV,728.8188391244023,1428.3243295156274,MIA
315968256.6804456,00000000-0000-0000-0000-000000021865,OTHERS,729.1189549348395,1409.2866330647587,MIA
315968256.6804456,00000000-0000-0000-0000-000000022783,OTHERS,732.0887428909288,1429.5660261363003,MIA
315968256.6804456,00000000-0000-0000-0000-000000023657,OTHERS,752.9117378265718,1388.6607231411856,MIA
315968256.6804456,00000000-0000-0000-0000-000000023647,OTHERS,743.76508582762,1404.2098004529034,MIA
315968256.6804456,00000000-0000-0000-0000-000000023488,OTHERS,731.9298583853798,1447.4626176001987,MIA
315968256.6804456,00000000-0000-0000-0000-000000023559,OTHERS,742.3791018959672,1481.6663420408436,MIA
315968256.6804456,00000000-0000-0000-0000-000000023578,OTHERS,751.8492879499057,1396.3559493619787,MIA
315968256.6804456,00000000-0000-0000-0000-000000022824,OTHERS,728.0885038145321,1443.7739976782773,MIA
315968256.6804456,00000000-0000-0000-0000-000000023520,OTHERS,723.0674509192891,1452.9752409124508,MIA
315968256.6804456,00000000-0000-0000-0000-000000023668,OTHERS,744.9240542539122,1356.7309307312653,MIA
315968256.6804456,00000000-0000-0000-0000-000000023660,OTHERS,779.0914403874347,1388.7196287696818,MIA
315968256.6804456,00000000-0000-0000-0000-000000023662,OTHERS,747.7398778909222,1376.3369799221023,MIA
315968256.6804456,00000000-0000-0000-0000-000000023637,OTHERS,734.0437968425354,1321.5982546295654,MIA
315968256.6804456,00000000-0000-0000-0000-000000023626,OTHERS,738.7721628338028,1482.1360067064718,MIA
315968256.6804456,00000000-0000-0000-0000-000000023561,OTHERS,743.1333421190485,1417.1847516219889,MIA
315968256.6804456,00000000-0000-0000-0000-000000023644,OTHERS,724.0207905117403,1441.4248462248538,MIA
315968256.6804456,00000000-0000-0000-0000-000000023661,OTHERS,740.930619281137,1365.912539829473,MIA
315968256.6804456,00000000-0000-0000-0000-000000023590,OTHERS,741.387655523781,1381.0249816452554,MIA
315968256.6804456,00000000-0000-0000-0000-000000023630,OTHERS,740.1660236916356,1375.7166518296374,MIA
315968256.6804456,00000000-0000-0000-0000-000000023483,OTHERS,741.2693021137998,1486.3816730834976,MIA
315968256.6804456,00000000-0000-0000-0000-000000023611,AGENT,733.5329185045047,1373.858031276189,MIA
315968256.78741026,00000000-0000-0000-0000-000000000000,AV,728.8367745523378,1427.9159135041364,MIA
315968256.78741026,00000000-0000-0000-0000-000000021865,OTHERS,729.1162838522391,1409.2313927344967,MIA
315968256.78741026,00000000-0000-0000-0000-000000023657,OTHERS,752.4427271842833,1388.8857482563117,MIA
315968256.78741026,00000000-0000-0000-0000-000000023647,OTHERS,743.5954633067302,1404.7315582916958,MIA
315968256.78741026,00000000-0000-0000-0000-000000023488,OTHERS,731.9382660578923,1446.6247856890998,MIA
315968256.78741026,00000000-0000-0000-0000-000000023578,OTHERS,751.5285820783763,1396.4872310264584,MIA
315968256.78741026,00000000-0000-0000-0000-000000023626,OTHERS,738.7721628338028,1482.1360067064718,MIA
315968256.78741026,00000000-0000-0000-0000-000000023483,OTHERS,741.3641448531309,1484.8289106358654,MIA
315968256.78741026,00000000-0000-0000-0000-000000023611,AGENT,733.1190224221982,1372.8769979924236,MIA
315968256.78741026,00000000-0000-0000-0000-000000022824,OTHERS,728.0916288900028,1443.0685623557385,MIA
315968256.78741026,00000000-0000-0000-0000-000000023520,OTHERS,723.0684338516683,1453.184353267757,MIA
315968256.78741026,00000000-0000-0000-0000-000000023668,OTHERS,744.9240542539122,1356.7309307312653,MIA
315968256.78741026,00000000-0000-0000-0000-000000023660,OTHERS,779.0914403874347,1388.7196287696818,MIA
315968256.78741026,00000000-0000-0000-0000-000000023667,OTHERS,748.2136443434202,1367.4677394861478,MIA
315968256.78741026,00000000-0000-0000-0000-000000023559,OTHERS,742.7461580601663,1480.7546663029648,MIA
315968256.78741026,00000000-0000-0000-0000-000000023662,OTHERS,747.7526168260142,1376.5939249867865,MIA
315968256.78741026,00000000-0000-0000-0000-000000023637,OTHERS,734.2857028965327,1321.4078982722515,MIA
315968256.78741026,00000000-0000-0000-0000-000000022783,OTHERS,732.1040777081552,1428.8997030465075,MIA
315968256.78741026,00000000-0000-0000-0000-000000023666,OTHERS,758.8412369022542,1392.7228987138778,MIA
315968256.78741026,00000000-0000-0000-0000-000000023561,OTHERS,743.1053243575983,1417.7681187741614,MIA
315968256.78741026,00000000-0000-0000-0000-000000023590,OTHERS,740.9424014232756,1380.786004393335,MIA
315968256.78741026,00000000-0000-0000-0000-000000023661,OTHERS,740.930619281137,1365.912539829473,MIA
315968256.78741026,00000000-0000-0000-0000-000000023644,OTHERS,723.9238786589308,1441.5185639786332,MIA
315968256.78741026,00000000-0000-0000-0000-000000023671,OTHERS,769.5210971591445,1385.6759464394463,MIA
315968256.78741026,00000000-0000-0000-0000-000000023630,OTHERS,744.410217044909,1376.6788026446359,MIA
315968256.881417,00000000-0000-0000-0000-000000000000,AV,728.8500782679147,1427.5655005413364,MIA
315968256.881417,00000000-0000-0000-0000-000000021865,OTHERS,729.1288559689592,1409.2540084990867,MIA
315968256.881417,00000000-0000-0000-0000-000000023657,OTHERS,752.1589721995482,1388.7299234560633,MIA
315968256.881417,00000000-0000-0000-0000-000000023647,OTHERS,743.4514638130286,1405.316301576372,MIA
315968256.881417,00000000-0000-0000-0000-000000023488,OTHERS,731.9958299630264,1445.8369304726048,MIA
315968256.881417,00000000-0000-0000-0000-000000023578,OTHERS,751.2005562787327,1396.5992112171098,MIA
315968256.881417,00000000-0000-0000-0000-000000023626,OTHERS,738.7721628338028,1482.1360067064718,MIA
315968256.881417,00000000-0000-0000-0000-000000023483,OTHERS,741.2914639122125,1486.2206547005078,MIA
315968256.881417,00000000-0000-0000-0000-000000023611,AGENT,733.0555766161957,1372.0206472324778,MIA
315968256.881417,00000000-0000-0000-0000-000000023630,OTHERS,744.2719172817862,1376.6388195069485,MIA
315968256.881417,00000000-0000-0000-0000-000000023667,OTHERS,748.2905093266542,1367.4909769017909,MIA
315968256.881417,00000000-0000-0000-0000-000000022783,OTHERS,732.1394998926062,1428.2995622215992,MIA
315968256.881417,00000000-0000-0000-0000-000000023559,OTHERS,741.414254535269,1484.3967595799465,MIA
315968256.881417,00000000-0000-0000-0000-000000023662,OTHERS,747.7020889178227,1376.193409457703,MIA
315968256.881417,00000000-0000-0000-0000-000000023637,OTHERS,734.2857028965327,1321.4078982722515,MIA
315968256.881417,00000000-0000-0000-0000-000000023674,OTHERS,742.5285767929988,1481.3986698351998,MIA
315968256.881417,00000000-0000-0000-0000-000000023671,OTHERS,769.5210971591445,1385.6759464394463,MIA
315968256.881417,00000000-0000-0000-0000-000000022824,OTHERS,728.1727634567378,1442.4936793966974,MIA
315968256.881417,00000000-0000-0000-0000-000000023520,OTHERS,723.0502164112021,1453.3385877028518,MIA
315968256.881417,00000000-0000-0000-0000-000000023668,OTHERS,744.3875249673413,1355.7930555982628,MIA
315968256.881417,00000000-0000-0000-0000-000000023666,OTHERS,757.6317545919017,1392.7521302236457,MIA
315968256.881417,00000000-0000-0000-0000-000000023561,OTHERS,743.0596335103842,1418.4717617289136,MIA
315968256.881417,00000000-0000-0000-0000-000000023590,OTHERS,740.5689515609047,1380.5776815162876,MIA
315968256.881417,00000000-0000-0000-0000-000000023661,OTHERS,740.930619281137,1365.912539829473,MIA
315968256.881417,00000000-0000-0000-0000-000000023644,OTHERS,723.9312898485956,1441.6225849678601,MIA
315968256.99321616,00000000-0000-0000-0000-000000000000,AV,728.8659854291693,1427.1899366658731,MIA
315968256.99321616,00000000-0000-0000-0000-000000021865,OTHERS,729.0869632159598,1409.3623058451599,MIA
315968256.99321616,00000000-0000-0000-0000-000000023657,OTHERS,751.8679425013993,1389.0060582870385,MIA
315968256.99321616,00000000-0000-0000-0000-000000023647,OTHERS,743.3729576643567,1405.9878177271848,MIA
315968256.99321616,00000000-0000-0000-0000-000000023488,OTHERS,732.0050942321338,1445.081738221937,MIA
315968256.99321616,00000000-0000-0000-0000-000000023578,OTHERS,750.664210799703,1396.8974148119892,MIA
315968256.99321616,00000000-0000-0000-0000-000000023483,OTHERS,741.2914639122125,1486.2206547005078,MIA
315968256.99321616,00000000-0000-0000-0000-000000023611,AGENT,732.7852835375978,1371.1774090734814,MIA
315968256.99321616,00000000-0000-0000-0000-000000023630,OTHERS,744.2099977285948,1376.5948392550504,MIA
315968256.99321616,00000000-0000-0000-0000-000000023637,OTHERS,734.2857028965327,1321.4078982722515,MIA
315968256.99321616,00000000-0000-0000-0000-000000022783,OTHERS,732.1716728315906,1427.702685357057,MIA
315968256.99321616,00000000-0000-0000-0000-000000023559,OTHERS,741.414254535269,1484.3967595799465,MIA
315968256.99321616,00000000-0000-0000-0000-000000023662,OTHERS,747.8626710364263,1376.5868432815814,MIA
315968256.99321616,00000000-0000-0000-0000-000000023674,OTHERS,742.536013443563,1481.7067214760218,MIA
315968256.99321616,00000000-0000-0000-0000-000000023667,OTHERS,748.3295579207927,1367.4287295639294,MIA
315968256.99321616,00000000-0000-0000-0000-000000023671,OTHERS,767.2439881025003,1385.1256907774853,MIA
315968256.99321616,00000000-0000-0000-0000-000000022824,OTHERS,728.1986304812883,1441.7651695203774,MIA
315968256.99321616,00000000-0000-0000-0000-000000023520,OTHERS,723.0572011261818,1453.405326874157,MIA
315968256.99321616,00000000-0000-0000-0000-000000023668,OTHERS,744.3875249673413,1355.7930555982628,MIA
315968256.99321616,00000000-0000-0000-0000-000000023666,OTHERS,757.6534158482502,1392.6966761394613,MIA
315968256.99321616,00000000-0000-0000-0000-000000023561,OTHERS,743.0749533764383,1418.9684292984039,MIA
315968256.99321616,00000000-0000-0000-0000-000000023590,OTHERS,740.3026104026683,1380.3329474160453,MIA
315968256.99321616,00000000-0000-0000-0000-000000023661,OTHERS,740.930619281137,1365.912539829473,MIA
315968256.99321616,00000000-0000-0000-0000-000000023644,OTHERS,724.0393654629231,1441.7363379175715,MIA
315968257.10041916,00000000-0000-0000-0000-000000000000,AV,728.8777039392099,1426.8310580335894,MIA
315968257.10041916,00000000-0000-0000-0000-000000021865,OTHERS,729.0684436695396,1409.3243580572007,MIA
315968257.10041916,00000000-0000-0000-0000-000000022783,OTHERS,732.186332698795,1427.129032176973,MIA
315968257.10041916,00000000-0000-0000-0000-000000023657,OTHERS,751.6034491858051,1388.7948633480921,MIA
315968257.10041916,00000000-0000-0000-0000-000000023647,OTHERS,743.1062221584738,1406.52105017411,MIA
315968257.10041916,00000000-0000-0000-0000-000000023488,OTHERS,732.038226852811,1444.2877545137696,MIA
315968257.10041916,00000000-0000-0000-0000-000000023578,OTHERS,750.1932542058777,1397.1529015979959,MIA
315968257.10041916,00000000-0000-0000-0000-000000023483,OTHERS,741.2914639122125,1486.2206547005078,MIA
315968257.10041916,00000000-0000-0000-0000-000000023611,AGENT,732.8455983441078,1370.397515503209,MIA
315968257.10041916,00000000-0000-0000-0000-000000023630,OTHERS,744.0658894813035,1376.4062427255124,MIA
315968257.10041916,00000000-0000-0000-0000-000000023559,OTHERS,741.4301107658458,1483.64331239155,MIA
315968257.10041916,00000000-0000-0000-0000-000000023662,OTHERS,747.7296478880954,1376.3093975671607,MIA
315968257.10041916,00000000-0000-0000-0000-000000023637,OTHERS,733.7933905530267,1320.8684645605865,MIA
315968257.10041916,00000000-0000-0000-0000-000000023674,OTHERS,742.6026638817691,1482.0053893688455,MIA
315968257.10041916,00000000-0000-0000-0000-000000022824,OTHERS,728.2423351414551,1441.0729499804493,MIA
315968257.10041916,00000000-0000-0000-0000-000000023520,OTHERS,723.0572011261818,1453.405326874157,MIA
315968257.10041916,00000000-0000-0000-0000-000000023668,OTHERS,744.3875249673413,1355.7930555982628,MIA
315968257.10041916,00000000-0000-0000-0000-000000023667,OTHERS,748.3295579207927,1367.4287295639294,MIA
315968257.10041916,00000000-0000-0000-0000-000000023671,OTHERS,766.8697198000266,1385.172980308898,MIA
315968257.10041916,00000000-0000-0000-0000-000000023666,OTHERS,757.2633289725917,1392.5817994318195,MIA
315968257.10041916,00000000-0000-0000-0000-000000023561,OTHERS,743.0602476282066,1419.5747782578949,MIA
315968257.10041916,00000000-0000-0000-0000-000000023590,OTHERS,740.0770691393741,1380.0068634747104,MIA
315968257.10041916,00000000-0000-0000-0000-000000023644,OTHERS,724.0393654629231,1441.7363379175715,MIA
315968257.19255435,00000000-0000-0000-0000-000000000000,AV,728.891370791502,1426.5184495979959,MIA
315968257.19255435,00000000-0000-0000-0000-000000021865,OTHERS,729.0936229170279,1409.364941556736,MIA
315968257.19255435,00000000-0000-0000-0000-000000022783,OTHERS,732.2124397704512,1425.9774021845105,MIA
315968257.19255435,00000000-0000-0000-0000-000000023657,OTHERS,751.3424519516539,1388.628177555532,MIA
315968257.19255435,00000000-0000-0000-0000-000000023647,OTHERS,742.8933158156384,1407.595272773999,MIA
315968257.19255435,00000000-0000-0000-0000-000000023488,OTHERS,732.0946574001675,1442.7238400613405,MIA
315968257.19255435,00000000-0000-0000-0000-000000022824,OTHERS,728.2590868526105,1439.6796596638876,MIA
315968257.19255435,00000000-0000-0000-0000-000000023520,OTHERS,722.9946956671279,1453.7777132281876,MIA
315968257.19255435,00000000-0000-0000-0000-000000023559,OTHERS,742.7210458075328,1482.5329894870206,MIA
315968257.19255435,00000000-0000-0000-0000-000000023578,OTHERS,749.2191645459778,1397.8191001248742,MIA
315968257.19255435,00000000-0000-0000-0000-000000023630,OTHERS,744.0198370318201,1376.3124919402958,MIA
315968257.19255435,00000000-0000-0000-0000-000000023666,OTHERS,756.3480442566772,1392.606084594854,MIA
315968257.19255435,00000000-0000-0000-0000-000000023611,AGENT,732.668831928578,1368.4388134980195,MIA
315968257.19255435,00000000-0000-0000-0000-000000023561,OTHERS,742.9860495401006,1420.0727454691462,MIA
315968257.19255435,00000000-0000-0000-0000-000000023590,OTHERS,739.4919293792659,1379.4072753844332,MIA
315968257.19255435,00000000-0000-0000-0000-000000023644,OTHERS,724.0696270580127,1442.1615708555128,MIA
315968257.19255435,00000000-0000-0000-0000-000000023671,OTHERS,766.5586558887311,1385.441922005104,MIA
315968257.19255435,00000000-0000-0000-0000-000000023670,OTHERS,750.7044343557176,1384.2397672195327,MIA
315968257.19255435,00000000-0000-0000-0000-000000023667,OTHERS,748.2490852471688,1367.555092527436,MIA
315968257.19255435,00000000-0000-0000-0000-000000023679,OTHERS,768.2451880696005,1393.7466342453602,MIA
315968257.19255435,00000000-0000-0000-0000-000000023662,OTHERS,747.8396259392343,1376.4121984258884,MIA
315968257.19255435,00000000-0000-0000-0000-000000023637,OTHERS,733.7933905530267,1320.8684645605865,MIA
315968257.2925326,00000000-0000-0000-0000-000000000000,AV,728.9021570213928,1426.2171630073276,MIA
315968257.2925326,00000000-0000-0000-0000-000000021865,OTHERS,729.3428459611642,1408.5430506755567,MIA
315968257.2925326,00000000-0000-0000-0000-000000022783,OTHERS,732.1817752440722,1425.4122477165467,MIA
315968257.2925326,00000000-0000-0000-0000-000000023657,OTHERS,751.2704539335374,1388.6424963011038,MIA
315968257.2925326,00000000-0000-0000-0000-000000023647,OTHERS,742.7346848105851,1408.2908021519736,MIA
315968257.2925326,00000000-0000-0000-0000-000000023488,OTHERS,732.1325137197348,1442.062356470911,MIA
315968257.2925326,00000000-0000-0000-0000-000000022824,OTHERS,728.3027829207091,1439.0378245790514,MIA
315968257.2925326,00000000-0000-0000-0000-000000023520,OTHERS,722.9960312556752,1453.9178324422373,MIA
315968257.2925326,00000000-0000-0000-0000-000000023559,OTHERS,742.4818819655765,1483.0559095290955,MIA
315968257.2925326,00000000-0000-0000-0000-000000023578,OTHERS,748.7806959984509,1398.1632543715855,MIA
315968257.2925326,00000000-0000-0000-0000-000000023630,OTHERS,744.077720310422,1376.3631581720026,MIA
315968257.2925326,00000000-0000-0000-0000-000000023637,OTHERS,733.7933905530267,1320.8684645605865,MIA
315968257.2925326,00000000-0000-0000-0000-000000023662,OTHERS,747.7986026437596,1376.3596522632952,MIA
315968257.2925326,00000000-0000-0000-0000-000000023666,OTHERS,756.3480442566772,1392.606084594854,MIA
315968257.2925326,00000000-0000-0000-0000-000000023561,OTHERS,742.8258374021574,1420.661090268851,MIA
315968257.2925326,00000000-0000-0000-0000-000000023590,OTHERS,739.1573094166806,1379.043862345574,MIA
315968257.2925326,00000000-0000-0000-0000-000000023644,OTHERS,723.9765015854556,1442.3468233929195,MIA
315968257.2925326,00000000-0000-0000-0000-000000023683,OTHERS,760.3570098170717,1388.6414098538658,MIA
315968257.2925326,00000000-0000-0000-0000-000000023671,OTHERS,764.9030002228253,1385.1141154047311,MIA
315968257.2925326,00000000-0000-0000-0000-000000023670,OTHERS,750.6822532242653,1384.3129952842396,MIA
315968257.2925326,00000000-0000-0000-0000-000000023675,OTHERS,766.8230826858709,1385.6911989177158,MIA
315968257.2925326,00000000-0000-0000-0000-000000023611,AGENT,732.6781895799357,1367.618552164736,MIA
315968257.2925326,00000000-0000-0000-0000-000000023667,OTHERS,748.3783154560475,1367.5095650957746,MIA
315968257.2925326,00000000-0000-0000-0000-000000023679,OTHERS,767.1754836224809,1393.4609837939886,MIA
315968257.40242726,00000000-0000-0000-0000-000000000000,AV,728.9146407470745,1425.8980329387955,MIA
315968257.40242726,00000000-0000-0000-0000-000000021865,OTHERS,729.122284572106,1409.1935401696815,MIA
315968257.40242726,00000000-0000-0000-0000-000000022783,OTHERS,732.2492481659323,1424.8429261893646,MIA
315968257.40242726,00000000-0000-0000-0000-000000023644,OTHERS,723.9765015854556,1442.3468233929195,MIA
315968257.40242726,00000000-0000-0000-0000-000000023590,OTHERS,738.9966540595036,1378.787583231107,MIA
315968257.40242726,00000000-0000-0000-0000-000000023561,OTHERS,742.7997277724999,1421.9249765977108,MIA
315968257.40242726,00000000-0000-0000-0000-000000023688,OTHERS,738.1383711454196,1491.9700645695666,MIA
315968257.40242726,00000000-0000-0000-0000-000000023671,OTHERS,764.5634310684625,1385.1168549253427,MIA
315968257.40242726,00000000-0000-0000-0000-000000023667,OTHERS,748.3783154560475,1367.5095650957746,MIA
315968257.40242726,00000000-0000-0000-0000-000000023683,OTHERS,760.3570098170717,1388.6414098538658,MIA
315968257.40242726,00000000-0000-0000-0000-000000023670,OTHERS,750.6833509251642,1384.1312536369394,MIA
315968257.40242726,00000000-0000-0000-0000-000000023611,AGENT,732.6781895799357,1367.618552164736,MIA
315968257.40242726,00000000-0000-0000-0000-000000023679,OTHERS,767.1754836224809,1393.4609837939886,MIA
315968257.40242726,00000000-0000-0000-0000-000000023666,OTHERS,756.3480442566772,1392.606084594854,MIA
315968257.40242726,00000000-0000-0000-0000-000000023662,OTHERS,747.7218259700882,1376.2815156575855,MIA
315968257.40242726,00000000-0000-0000-0000-000000023630,OTHERS,743.8236047980826,1376.2996028674247,MIA
315968257.40242726,00000000-0000-0000-0000-000000023675,OTHERS,766.8341652251512,1385.6807411091854,MIA
315968257.40242726,00000000-0000-0000-0000-000000023578,OTHERS,748.3891712589513,1398.465307961366,MIA
315968257.40242726,00000000-0000-0000-0000-000000023559,OTHERS,742.6878973111528,1483.2088797408476,MIA
315968257.40242726,00000000-0000-0000-0000-000000023520,OTHERS,722.9960312556752,1453.9178324422373,MIA
315968257.40242726,00000000-0000-0000-0000-000000022824,OTHERS,728.34035936377,1438.4516847849654,MIA
315968257.40242726,00000000-0000-0000-0000-000000023488,OTHERS,732.1358111264221,1441.318916889456,MIA
315968257.40242726,00000000-0000-0000-0000-000000023647,OTHERS,742.5656833715424,1409.0410735438281,MIA
315968257.40242726,00000000-0000-0000-0000-000000023657,OTHERS,750.5383158427229,1388.6185872280694,MIA
315968257.50735635,00000000-0000-0000-0000-000000000000,AV,728.9253614672231,1425.5974830038585,MIA
315968257.50735635,00000000-0000-0000-0000-000000021865,OTHERS,729.0790612585841,1409.2058919091426,MIA
315968257.50735635,00000000-0000-0000-0000-000000022783,OTHERS,732.2743666717813,1424.315769711718,MIA
315968257.50735635,00000000-0000-0000-0000-000000023644,OTHERS,724.0554998248793,1442.4964502273938,MIA
315968257.50735635,00000000-0000-0000-0000-000000023590,OTHERS,738.7372443684918,1378.4120938101705,MIA
315968257.50735635,00000000-0000-0000-0000-000000023561,OTHERS,742.4226552711674,1423.8772297608468,MIA
315968257.50735635,00000000-0000-0000-0000-000000023688,OTHERS,738.1304587452237,1492.0052848807736,MIA
315968257.50735635,00000000-0000-0000-0000-000000023683,OTHERS,760.3570098170717,1388.6414098538658,MIA
315968257.50735635,00000000-0000-0000-0000-000000023670,OTHERS,749.8786750863667,1384.2054846432861,MIA
315968257.50735635,00000000-0000-0000-0000-000000023671,OTHERS,766.8696111359178,1385.627477897099,MIA
315968257.50735635,00000000-0000-0000-0000-000000023611,AGENT,732.6728672751227,1365.6559844773435,MIA
315968257.50735635,00000000-0000-0000-0000-000000023679,OTHERS,769.1399885774159,1393.9985078344644,MIA
315968257.50735635,00000000-0000-0000-0000-000000023667,OTHERS,748.3783154560475,1367.5095650957746,MIA
315968257.50735635,00000000-0000-0000-0000-000000023666,OTHERS,756.3480442566772,1392.606084594854,MIA
315968257.50735635,00000000-0000-0000-0000-000000023662,OTHERS,747.8630135802167,1376.4300083999303,MIA
315968257.50735635,00000000-0000-0000-0000-000000023630,OTHERS,744.1063818084558,1376.4393800054975,MIA
315968257.50735635,00000000-0000-0000-0000-000000023675,OTHERS,764.1835372885881,1385.2480094879004,MIA
315968257.50735635,00000000-0000-0000-0000-000000023680,OTHERS,710.3799886866395,1288.0265109045174,MIA
315968257.50735635,00000000-0000-0000-0000-000000023578,OTHERS,748.0744110914125,1398.6947518819586,MIA
315968257.50735635,00000000-0000-0000-0000-000000023559,OTHERS,742.6735789037876,1483.5031922045948,MIA
315968257.50735635,00000000-0000-0000-0000-000000023520,OTHERS,723.0300506887352,1454.2120149428245,MIA
315968257.50735635,00000000-0000-0000-0000-000000022824,OTHERS,728.3409358857523,1437.8773927967193,MIA
315968257.50735635,00000000-0000-0000-0000-000000023488,OTHERS,732.148051954785,1440.5808675988535,MIA
315968257.50735635,00000000-0000-0000-0000-000000023647,OTHERS,742.4398216444507,1409.6242409934396,MIA
315968257.50735635,00000000-0000-0000-0000-000000023657,OTHERS,750.6040892944601,1388.391129642141,MIA
315968257.6100233,00000000-0000-0000-0000-000000000000,AV,728.9357201868622,1425.3037904274136,MIA
315968257.6100233,00000000-0000-0000-0000-000000021865,OTHERS,729.1083785700191,1409.2266480993155,MIA
315968257.6100233,00000000-0000-0000-0000-000000023644,OTHERS,724.0096325073962,1442.6628624685825,MIA
315968257.6100233,00000000-0000-0000-0000-000000023590,OTHERS,738.6282480516576,1378.0726697637704,MIA
315968257.6100233,00000000-0000-0000-0000-000000023561,OTHERS,742.3360421828759,1424.2698643125132,MIA
315968257.6100233,00000000-0000-0000-0000-000000023688,OTHERS,738.0178553602024,1492.1074214044006,MIA
315968257.6100233,00000000-0000-0000-0000-000000023679,OTHERS,769.1399885774159,1393.9985078344644,MIA
315968257.6100233,00000000-0000-0000-0000-000000023683,OTHERS,759.3046979875716,1388.5781221485197,MIA
315968257.6100233,00000000-0000-0000-0000-000000023670,OTHERS,749.7469281062331,1384.044741881266,MIA
315968257.6100233,00000000-0000-0000-0000-000000023671,OTHERS,764.1070370019023,1385.2231514392768,MIA
315968257.6100233,00000000-0000-0000-0000-000000023611,AGENT,732.7308693775935,1364.7160665747795,MIA
315968257.6100233,00000000-0000-0000-0000-000000023667,OTHERS,748.325788112305,1367.5173797061384,MIA
315968257.6100233,00000000-0000-0000-0000-000000023662,OTHERS,747.7123663467482,1376.1423425473527,MIA
315968257.6100233,00000000-0000-0000-0000-000000023630,OTHERS,743.9509853170723,1376.3652853019892,MIA
315968257.6100233,00000000-0000-0000-0000-000000023559,OTHERS,742.7282859516084,1483.8558907056656,MIA
315968257.6100233,00000000-0000-0000-0000-000000023675,OTHERS,766.8912224229725,1385.6001015287516,MIA
315968257.6100233,00000000-0000-0000-0000-000000023578,OTHERS,747.7141020552483,1399.0468886758547,MIA
315968257.6100233,00000000-0000-0000-0000-000000023680,OTHERS,710.3799886866395,1288.0265109045174,MIA
315968257.6100233,00000000-0000-0000-0000-000000023520,OTHERS,723.0243805808333,1454.3241790333648,MIA
315968257.6100233,00000000-0000-0000-0000-000000022824,OTHERS,728.4136665229163,1437.418310862747,MIA
315968257.6100233,00000000-0000-0000-0000-000000023488,OTHERS,732.1593166522857,1439.890901477096,MIA
315968257.6100233,00000000-0000-0000-0000-000000023647,OTHERS,742.3367638229654,1410.2364446876902,MIA
315968257.6100233,00000000-0000-0000-0000-000000023657,OTHERS,750.1190368722876,1389.629778405043,MIA
315968257.6100233,00000000-0000-0000-0000-000000022783,OTHERS,732.2917063614923,1423.8762384492402,MIA
315968257.7131325,00000000-0000-0000-0000-000000000000,AV,728.9456229531356,1425.0463245069934,MIA
315968257.7131325,00000000-0000-0000-0000-000000021865,OTHERS,729.3337109983579,1408.5638094362018,MIA
315968257.7131325,00000000-0000-0000-0000-000000023688,OTHERS,738.0153341905217,1492.0986904165634,MIA
315968257.7131325,00000000-0000-0000-0000-000000023611,AGENT,732.6058760399992,1363.7494169871832,MIA
315968257.7131325,00000000-0000-0000-0000-000000023696,OTHERS,744.9916453384449,1356.6008328453986,MIA
315968257.7131325,00000000-0000-0000-0000-000000023644,OTHERS,724.0340005467244,1442.8901459623166,MIA
315968257.7131325,00000000-0000-0000-0000-000000023590,OTHERS,738.3430817178076,1377.6039215098065,MIA
315968257.7131325,00000000-0000-0000-0000-000000023561,OTHERS,742.6777626248938,1424.573174966598,MIA
315968257.7131325,00000000-0000-0000-0000-000000023683,OTHERS,759.0168413767464,1388.522935344941,MIA
315968257.7131325,00000000-0000-0000-0000-000000023670,OTHERS,749.1035128488464,1383.9362060608535,MIA
315968257.7131325,00000000-0000-0000-0000-000000022783,OTHERS,732.3271605255444,1423.3013232961985,MIA
315968257.7131325,00000000-0000-0000-0000-000000023698,OTHERS,738.5965982963679,1483.3428430515376,MIA
315968257.7131325,00000000-0000-0000-0000-000000023671,OTHERS,763.8327410445282,1385.2846962582028,MIA
315968257.7131325,00000000-0000-0000-0000-000000023679,OTHERS,769.1399885774159,1393.9985078344644,MIA
315968257.7131325,00000000-0000-0000-0000-000000023667,OTHERS,748.3052796084568,1367.5405976534205,MIA
315968257.7131325,00000000-0000-0000-0000-000000023662,OTHERS,747.6991378407297,1376.1245783554825,MIA
315968257.7131325,00000000-0000-0000-0000-000000023630,OTHERS,743.9593089821625,1376.2386962762805,MIA
315968257.7131325,00000000-0000-0000-0000-000000023559,OTHERS,742.4273712344217,1484.2421671657041,MIA
315968257.7131325,00000000-0000-0000-0000-000000023675,OTHERS,766.8912224229725,1385.6001015287516,MIA
315968257.7131325,00000000-0000-0000-0000-000000023578,OTHERS,747.4248421100093,1399.5035738974384,MIA
315968257.7131325,00000000-0000-0000-0000-000000023680,OTHERS,710.3799886866395,1288.0265109045174,MIA
315968257.7131325,00000000-0000-0000-0000-000000023520,OTHERS,723.0226748175693,1454.650151039749,MIA
315968257.7131325,00000000-0000-0000-0000-000000022824,OTHERS,728.3995915086838,1436.7941215930375,MIA
315968257.7131325,00000000-0000-0000-0000-000000023488,OTHERS,732.1939488105992,1439.175174630647,MIA
315968257.7131325,00000000-0000-0000-0000-000000023647,OTHERS,742.1725134256012,1410.9073957149235,MIA
315968257.7131325,00000000-0000-0000-0000-000000023657,OTHERS,749.5725244381853,1389.7555589827848,MIA
315968257.83026385,00000000-0000-0000-0000-000000000000,AV,728.9568511635234,1424.7553383359734,MIA
315968257.83026385,00000000-0000-0000-0000-000000021865,OTHERS,729.3183146825972,1408.6134983708807,MIA
315968257.83026385,00000000-0000-0000-0000-000000023688,OTHERS,738.1746435107505,1492.2583254249412,MIA
315968257.83026385,00000000-0000-0000-0000-000000023679,OTHERS,769.1399885774159,1393.9985078344644,MIA
315968257.83026385,00000000-0000-0000-0000-000000023694,OTHERS,776.0325077936856,1389.1843099005387,MIA
315968257.83026385,00000000-0000-0000-0000-000000023697,OTHERS,764.7089228873648,1388.6656071033774,MIA
315968257.83026385,00000000-0000-0000-0000-000000023611,AGENT,732.724638934107,1362.7108104635495,MIA
315968257.83026385,00000000-0000-0000-0000-000000023696,OTHERS,745.9051568024829,1356.9359857033064,MIA
315968257.83026385,00000000-0000-0000-0000-000000022824,OTHERS,728.431401515251,1436.2714623069546,MIA
315968257.83026385,00000000-0000-0000-0000-000000023670,OTHERS,748.4743693934181,1383.8196419170315,MIA
315968257.83026385,00000000-0000-0000-0000-000000023683,OTHERS,758.6994179961043,1388.5982441308195,MIA
315968257.83026385,00000000-0000-0000-0000-000000023644,OTHERS,724.0340005467244,1442.8901459623166,MIA
315968257.83026385,00000000-0000-0000-0000-000000023590,OTHERS,738.1306581019134,1377.2107965233756,MIA
315968257.83026385,00000000-0000-0000-0000-000000023561,OTHERS,742.611278375314,1424.4800246093796,MIA
315968257.83026385,00000000-0000-0000-0000-000000023698,OTHERS,738.5656754006552,1483.4530129289053,MIA
315968257.83026385,00000000-0000-0000-0000-000000023671,OTHERS,763.7755393917752,1385.3958189764326,MIA
315968257.83026385,00000000-0000-0000-0000-000000023667,OTHERS,748.3307855910103,1367.5453742665852,MIA
315968257.83026385,00000000-0000-0000-0000-000000023662,OTHERS,747.6773597225308,1376.1531517264834,MIA
315968257.83026385,00000000-0000-0000-0000-000000023520,OTHERS,723.0226748175693,1454.650151039749,MIA
315968257.83026385,00000000-0000-0000-0000-000000023630,OTHERS,743.9862543182553,1376.3090410796854,MIA
315968257.83026385,00000000-0000-0000-0000-000000023559,OTHERS,742.5203237834619,1484.4459453495515,MIA
315968257.83026385,00000000-0000-0000-0000-000000023675,OTHERS,766.8912224229725,1385.6001015287516,MIA
315968257.83026385,00000000-0000-0000-0000-000000023578,OTHERS,747.0682798640164,1399.9046883293472,MIA
315968257.83026385,00000000-0000-0000-0000-000000023680,OTHERS,710.3799886866395,1288.0265109045174,MIA
315968257.83026385,00000000-0000-0000-0000-000000023488,OTHERS,732.2289938975604,1438.6097536740756,MIA
315968257.83026385,00000000-0000-0000-0000-000000023647,OTHERS,742.1028122930643,1411.277647532615,MIA
315968257.83026385,00000000-0000-0000-0000-000000023657,OTHERS,749.0678820590782,1389.9190586632262,MIA
315968257.83026385,00000000-0000-0000-0000-000000023700,OTHERS,740.8968341084825,1375.8217133205785,MIA
315968257.83026385,00000000-0000-0000-0000-000000022783,OTHERS,732.2294037848102,1422.9441324583233,MIA
315968257.93659633,00000000-0000-0000-0000-000000000000,AV,728.9676188066652,1424.4853032851975,MIA
315968257.93659633,00000000-0000-0000-0000-000000021865,OTHERS,729.3197915750528,1408.5947429596256,MIA
315968257.93659633,00000000-0000-0000-0000-000000022783,OTHERS,732.2277924440698,1422.4963170288543,MIA
315968257.93659633,00000000-0000-0000-0000-000000023657,OTHERS,749.0782828232096,1389.9823190066227,MIA
315968257.93659633,00000000-0000-0000-0000-000000023647,OTHERS,741.8780605305882,1411.408985753422,MIA
315968257.93659633,00000000-0000-0000-0000-000000023488,OTHERS,732.2445366027513,1437.9278621862534,MIA
315968257.93659633,00000000-0000-0000-0000-000000023559,OTHERS,742.5940348014163,1484.7035478683874,MIA
315968257.93659633,00000000-0000-0000-0000-000000023578,OTHERS,746.5086576297514,1400.5454225465783,MIA
315968257.93659633,00000000-0000-0000-0000-000000023611,AGENT,732.7832438051244,1361.729289043094,MIA
315968257.93659633,00000000-0000-0000-0000-000000023630,OTHERS,744.0125661156574,1376.2617453808566,MIA
315968257.93659633,00000000-0000-0000-0000-000000023662,OTHERS,747.727679162384,1376.2165116501324,MIA
315968257.93659633,00000000-0000-0000-0000-000000023667,OTHERS,748.3307855910103,1367.5453742665852,MIA
315968257.93659633,00000000-0000-0000-0000-000000023671,OTHERS,763.5844446436743,1385.4013305792932,MIA
315968257.93659633,00000000-0000-0000-0000-000000023700,OTHERS,740.7836601833699,1375.7106916238238,MIA
315968257.93659633,00000000-0000-0000-0000-000000023703,OTHERS,684.5702285399591,1287.7597463262778,MIA
315968257.93659633,00000000-0000-0000-0000-000000023561,OTHERS,742.6834762593547,1425.7110692203494,MIA
315968257.93659633,00000000-0000-0000-0000-000000023590,OTHERS,738.0499554289752,1376.8667775997958,MIA
315968257.93659633,00000000-0000-0000-0000-000000023644,OTHERS,724.0099919174623,1442.9723842554583,MIA
315968257.93659633,00000000-0000-0000-0000-000000023683,OTHERS,758.4821933618422,1388.5069564931964,MIA
315968257.93659633,00000000-0000-0000-0000-000000022824,OTHERS,728.4487252065032,1435.7726768687967,MIA
315968257.93659633,00000000-0000-0000-0000-000000023520,OTHERS,722.9993258474127,1454.770461343894,MIA
315968257.93659633,00000000-0000-0000-0000-000000023670,OTHERS,748.0155200766796,1383.7208620730164,MIA
315968257.93659633,00000000-0000-0000-0000-000000023698,OTHERS,738.6007818516147,1483.4954535228492,MIA
315968257.93659633,00000000-0000-0000-0000-000000023696,OTHERS,745.8847104216389,1357.0289339214155,MIA
315968257.93659633,00000000-0000-0000-0000-000000023694,OTHERS,776.1137216408081,1389.4402759270154,MIA
315968257.93659633,00000000-0000-0000-0000-000000023688,OTHERS,738.1518688443367,1492.2253289754394,MIA
315968257.93659633,00000000-0000-0000-0000-000000023697,OTHERS,764.3192500111879,1388.7876105097955,MIA
315968257.93659633,00000000-0000-0000-0000-000000023675,OTHERS,766.8912224229725,1385.6001015287516,MIA
315968258.0355409,00000000-0000-0000-0000-000000000000,AV,728.9763140138797,1424.2559821535485,MIA
315968258.0355409,00000000-0000-0000-0000-000000021865,OTHERS,729.1113904251639,1408.1155551032944,MIA
315968258.0355409,00000000-0000-0000-0000-000000022783,OTHERS,732.2557845027268,1422.1481050040686,MIA
315968258.0355409,00000000-0000-0000-0000-000000023657,OTHERS,748.3513480786189,1390.3894366683453,MIA
315968258.0355409,00000000-0000-0000-0000-000000023647,OTHERS,741.8780605305882,1411.408985753422,MIA
315968258.0355409,00000000-0000-0000-0000-000000023488,OTHERS,732.2472200036638,1437.2236084728365,MIA
315968258.0355409,00000000-0000-0000-0000-000000023559,OTHERS,742.533058035843,1484.987310121439,MIA
315968258.0355409,00000000-0000-0000-0000-000000023578,OTHERS,745.9548201202869,1401.1976835145224,MIA
315968258.0355409,00000000-0000-0000-0000-000000023611,AGENT,732.8121088617113,1360.7654329504194,MIA
315968258.0355409,00000000-0000-0000-0000-000000023630,OTHERS,744.0187709077451,1376.3226017299353,MIA
315968258.0355409,00000000-0000-0000-0000-000000023662,OTHERS,747.696653032222,1376.2020948984741,MIA
315968258.0355409,00000000-0000-0000-0000-000000023667,OTHERS,748.2265300130542,1367.6443465232974,MIA
315968258.0355409,00000000-0000-0000-0000-000000023700,OTHERS,740.6779842296041,1375.7641350708936,MIA
315968258.0355409,00000000-0000-0000-0000-000000023703,OTHERS,684.5702285399591,1287.7597463262778,MIA
315968258.0355409,00000000-0000-0000-0000-000000023561,OTHERS,742.4377752996637,1426.8253038448197,MIA
315968258.0355409,00000000-0000-0000-0000-000000023590,OTHERS,737.9000518271927,1376.3944182482505,MIA
315968258.0355409,00000000-0000-0000-0000-000000023644,OTHERS,723.9927235829706,1443.1637970355505,MIA
315968258.0355409,00000000-0000-0000-0000-000000023683,OTHERS,758.2164690683203,1388.5191578982578,MIA
315968258.0355409,00000000-0000-0000-0000-000000023671,OTHERS,762.8476569385663,1385.3334096178014,MIA
315968258.0355409,00000000-0000-0000-0000-000000022824,OTHERS,728.4706470146601,1435.3224065565726,MIA
315968258.0355409,00000000-0000-0000-0000-000000023520,OTHERS,722.9885187071312,1454.8809317512487,MIA
315968258.0355409,00000000-0000-0000-0000-000000023704,OTHERS,743.5472989549452,1426.5197290820165,MIA
315968258.0355409,00000000-0000-0000-0000-000000023705,OTHERS,742.3915392402067,1419.2322836232074,MIA
315968258.0355409,00000000-0000-0000-0000-000000023670,OTHERS,747.2526776979291,1383.5506557311026,MIA
315968258.0355409,00000000-0000-0000-0000-000000023698,OTHERS,738.4658689748085,1483.6642149704392,MIA
315968258.0355409,00000000-0000-0000-0000-000000023696,OTHERS,744.1003970947153,1356.6153730207088,MIA
315968258.0355409,00000000-0000-0000-0000-000000023697,OTHERS,764.3192500111879,1388.7876105097955,MIA
315968258.0355409,00000000-0000-0000-0000-000000023694,OTHERS,776.1137216408081,1389.4402759270154,MIA
315968258.0355409,00000000-0000-0000-0000-000000023688,OTHERS,738.1518688443367,1492.2253289754394,MIA
315968258.1402211,00000000-0000-0000-0000-000000000000,AV,728.9868325084807,1424.0030086084325,MIA
315968258.1402211,00000000-0000-0000-0000-000000021865,OTHERS,729.0580498218296,1409.1910535360246,MIA
315968258.1402211,00000000-0000-0000-0000-000000022783,OTHERS,732.2766194244984,1421.6716875140078,MIA
315968258.1402211,00000000-0000-0000-0000-000000023657,OTHERS,747.9114514696515,1390.1377846822754,MIA
315968258.1402211,00000000-0000-0000-0000-000000023647,OTHERS,741.8780605305882,1411.408985753422,MIA
315968258.1402211,00000000-0000-0000-0000-000000023488,OTHERS,732.2646359524205,1436.6848724414353,MIA
315968258.1402211,00000000-0000-0000-0000-000000022824,OTHERS,728.4923079145366,1434.8744336417606,MIA
315968258.1402211,00000000-0000-0000-0000-000000023520,OTHERS,722.9397300353813,1455.0067122907294,MIA
315968258.1402211,00000000-0000-0000-0000-000000023559,OTHERS,742.5246758793927,1485.3023039547147,MIA
315968258.1402211,00000000-0000-0000-0000-000000023578,OTHERS,745.6895457008983,1401.6156661135938,MIA
315968258.1402211,00000000-0000-0000-0000-000000023611,AGENT,732.8115452144601,1359.823874377256,MIA
315968258.1402211,00000000-0000-0000-0000-000000023662,OTHERS,747.7118034161545,1376.079894270598,MIA
315968258.1402211,00000000-0000-0000-0000-000000023703,OTHERS,684.5702285399591,1287.7597463262778,MIA
315968258.1402211,00000000-0000-0000-0000-000000023561,OTHERS,742.5663824189531,1427.3568300047934,MIA
315968258.1402211,00000000-0000-0000-0000-000000023590,OTHERS,737.7634329736867,1375.969512143302,MIA
315968258.1402211,00000000-0000-0000-0000-000000023644,OTHERS,724.0078265624321,1443.3103022326254,MIA
315968258.1402211,00000000-0000-0000-0000-000000023683,OTHERS,758.2164690683203,1388.5191578982578,MIA
315968258.1402211,00000000-0000-0000-0000-000000023671,OTHERS,762.5044233232297,1385.4035250319198,MIA
315968258.1402211,00000000-0000-0000-0000-000000023700,OTHERS,740.6295810383571,1375.700284501267,MIA
315968258.1402211,00000000-0000-0000-0000-000000023630,OTHERS,743.9914336113651,1376.447406989744,MIA
315968258.1402211,00000000-0000-0000-0000-000000023698,OTHERS,738.6259263262828,1483.8606919400647,MIA
315968258.1402211,00000000-0000-0000-0000-000000023705,OTHERS,742.1227302440303,1419.0079152099765,MIA
315968258.1402211,00000000-0000-0000-0000-000000023696,OTHERS,744.7784926290276,1356.4984485599246,MIA
315968258.1402211,00000000-0000-0000-0000-000000023697,OTHERS,764.3192500111879,1388.7876105097955,MIA
315968258.1402211,00000000-0000-0000-0000-000000023694,OTHERS,776.1137216408081,1389.4402759270154,MIA
315968258.1402211,00000000-0000-0000-0000-000000023688,OTHERS,738.1518688443367,1492.2253289754394,MIA
315968258.1402211,00000000-0000-0000-0000-000000023670,OTHERS,747.0967592219797,1383.4701208292495,MIA
315968258.1402211,00000000-0000-0000-0000-000000023667,OTHERS,748.337539868302,1367.671809183763,MIA
315968258.2418671,00000000-0000-0000-0000-000000000000,AV,728.9956823160582,1423.7890800320554,MIA
315968258.2418671,00000000-0000-0000-0000-000000021865,OTHERS,729.2422991980667,1408.3188534766266,MIA
315968258.2418671,00000000-0000-0000-0000-000000022783,OTHERS,732.384374170786,1421.0697381304135,MIA
315968258.2418671,00000000-0000-0000-0000-000000023657,OTHERS,747.1041947936352,1390.1688851147887,MIA
315968258.2418671,00000000-0000-0000-0000-000000023647,OTHERS,741.8780605305882,1411.408985753422,MIA
315968258.2418671,00000000-0000-0000-0000-000000023488,OTHERS,732.2570814460976,1436.095486907001,MIA
315968258.2418671,00000000-0000-0000-0000-000000022824,OTHERS,728.49614631305,1434.4384010838116,MIA
315968258.2418671,00000000-0000-0000-0000-000000023520,OTHERS,722.9397300353813,1455.0067122907294,MIA
315968258.2418671,00000000-0000-0000-0000-000000023559,OTHERS,742.5023946555115,1485.5573701318406,MIA
315968258.2418671,00000000-0000-0000-0000-000000023578,OTHERS,745.4450204704071,1402.1069356426044,MIA
315968258.2418671,00000000-0000-0000-0000-000000023611,AGENT,732.7843874081825,1358.8250794332796,MIA
315968258.2418671,00000000-0000-0000-0000-000000023662,OTHERS,747.5799005189862,1376.219406924743,MIA
315968258.2418671,00000000-0000-0000-0000-000000023703,OTHERS,687.2915039783725,1287.7064150901829,MIA
315968258.2418671,00000000-0000-0000-0000-000000023561,OTHERS,742.5017313098116,1428.0037110844669,MIA
315968258.2418671,00000000-0000-0000-0000-000000023590,OTHERS,737.6827837518028,1375.5117852524866,MIA
315968258.2418671,00000000-0000-0000-0000-000000023644,OTHERS,724.0078265624321,1443.3103022326254,MIA
315968258.2418671,00000000-0000-0000-0000-000000023683,OTHERS,758.2164690683203,1388.5191578982578,MIA
315968258.2418671,00000000-0000-0000-0000-000000023671,OTHERS,762.147228000319,1385.2899895263752,MIA
315968258.2418671,00000000-0000-0000-0000-000000023700,OTHERS,740.5607594417728,1375.543643964852,MIA
315968258.2418671,00000000-0000-0000-0000-000000023630,OTHERS,743.9448872914431,1376.343916030506,MIA
315968258.2418671,00000000-0000-0000-0000-000000023698,OTHERS,738.6172686722075,1483.678429020363,MIA
315968258.2418671,00000000-0000-0000-0000-000000023705,OTHERS,742.3237226295627,1417.7071678325747,MIA
315968258.2418671,00000000-0000-0000-0000-000000023696,OTHERS,744.8749908461971,1356.9730393838315,MIA
315968258.2418671,00000000-0000-0000-0000-000000023697,OTHERS,764.3192500111879,1388.7876105097955,MIA
315968258.2418671,00000000-0000-0000-0000-000000023694,OTHERS,776.1137216408081,1389.4402759270154,MIA
315968258.2418671,00000000-0000-0000-0000-000000023688,OTHERS,737.996675735794,1492.4741820876404,MIA
315968258.2418671,00000000-0000-0000-0000-000000023670,OTHERS,746.4200305249094,1383.2755471548267,MIA
315968258.2418671,00000000-0000-0000-0000-000000023667,OTHERS,748.285791677406,1367.5960782430232,MIA
315968258.34079045,00000000-0000-0000-0000-000000000000,AV,729.003521442088,1423.5745010223047,MIA
315968258.34079045,00000000-0000-0000-0000-000000021865,OTHERS,729.2204052161667,1408.2745660321814,MIA
315968258.34079045,00000000-0000-0000-0000-000000022783,OTHERS,732.4046940219237,1420.5596113737554,MIA
315968258.34079045,00000000-0000-0000-0000-000000023657,OTHERS,745.9938571172263,1390.4698474324912,MIA
315968258.34079045,00000000-0000-0000-0000-000000023488,OTHERS,732.3004486066055,1435.4294931713882,MIA
315968258.34079045,00000000-0000-0000-0000-000000022824,OTHERS,728.4944663380335,1434.09528920284,MIA
315968258.34079045,00000000-0000-0000-0000-000000023520,OTHERS,722.9628344777983,1455.2690952496591,MIA
315968258.34079045,00000000-0000-0000-0000-000000023559,OTHERS,742.4909419986927,1485.7491056723386,MIA
315968258.34079045,00000000-0000-0000-0000-000000023578,OTHERS,745.2201993063303,1402.5476336057534,MIA
315968258.34079045,00000000-0000-0000-0000-000000023611,AGENT,732.9534398024541,1357.817894078884,MIA
315968258.34079045,00000000-0000-0000-0000-000000023703,OTHERS,687.0553635951215,1287.7774939837925,MIA
315968258.34079045,00000000-0000-0000-0000-000000023561,OTHERS,742.5144251813426,1428.7267409678934,MIA
315968258.34079045,00000000-0000-0000-0000-000000023590,OTHERS,737.5708067661241,1374.9548485922985,MIA
315968258.34079045,00000000-0000-0000-0000-000000023644,OTHERS,724.073108249411,1443.4632516150873,MIA
315968258.34079045,00000000-0000-0000-0000-000000023683,OTHERS,758.2164690683203,1388.5191578982578,MIA
315968258.34079045,00000000-0000-0000-0000-000000023671,OTHERS,762.1874561042063,1385.3500949513052,MIA
315968258.34079045,00000000-0000-0000-0000-000000023705,OTHERS,742.3237226295627,1417.7071678325747,MIA
315968258.34079045,00000000-0000-0000-0000-000000023700,OTHERS,740.6099478938637,1375.7242271636387,MIA
315968258.34079045,00000000-0000-0000-0000-000000023630,OTHERS,744.0247181080928,1376.3447429476685,MIA
315968258.34079045,00000000-0000-0000-0000-000000023696,OTHERS,744.8749908461971,1356.9730393838315,MIA
315968258.34079045,00000000-0000-0000-0000-000000023698,OTHERS,738.5262519508342,1483.830146765698,MIA
315968258.34079045,00000000-0000-0000-0000-000000023688,OTHERS,737.996675735794,1492.4741820876404,MIA
315968258.34079045,00000000-0000-0000-0000-000000023670,OTHERS,746.4078761819293,1383.2327898149892,MIA
315968258.34079045,00000000-0000-0000-0000-000000023667,OTHERS,748.2587129028852,1367.7117971743526,MIA
315968258.34079045,00000000-0000-0000-0000-000000023662,OTHERS,747.4583587793235,1376.030676892374,MIA
315968258.4341259,00000000-0000-0000-0000-000000000000,AV,729.0115036166175,1423.3657376095457,MIA
315968258.4341259,00000000-0000-0000-0000-000000021865,OTHERS,729.3424931381279,1408.5454363716929,MIA
315968258.4341259,00000000-0000-0000-0000-000000022783,OTHERS,732.3444784790512,1420.364206119835,MIA
315968258.4341259,00000000-0000-0000-0000-000000023657,OTHERS,746.2640674598822,1390.6878745313709,MIA
315968258.4341259,00000000-0000-0000-0000-000000023488,OTHERS,732.3163622747595,1434.7807026053479,MIA
315968258.4341259,00000000-0000-0000-0000-000000022824,OTHERS,728.531071109814,1433.7131257226306,MIA
315968258.4341259,00000000-0000-0000-0000-000000023520,OTHERS,723.0266472908423,1455.4381884110078,MIA
315968258.4341259,00000000-0000-0000-0000-000000023559,OTHERS,742.4158254611486,1486.04173186627,MIA
315968258.4341259,00000000-0000-0000-0000-000000023611,AGENT,732.979885125927,1356.8849815044666,MIA
315968258.4341259,00000000-0000-0000-0000-000000023561,OTHERS,742.4342320986177,1429.364628633671,MIA
315968258.4341259,00000000-0000-0000-0000-000000023590,OTHERS,737.6114532386424,1374.8841067986136,MIA
315968258.4341259,00000000-0000-0000-0000-000000023644,OTHERS,724.1070874413904,1443.6271634095392,MIA
315968258.4341259,00000000-0000-0000-0000-000000023662,OTHERS,747.0991202462393,1375.6540925693134,MIA
315968258.4341259,00000000-0000-0000-0000-000000023630,OTHERS,743.9842261379819,1376.3976826559792,MIA
315968258.4341259,00000000-0000-0000-0000-000000023700,OTHERS,740.5703770520958,1375.7731394903942,MIA
315968258.4341259,00000000-0000-0000-0000-000000023578,OTHERS,745.0360892397673,1402.7961289622,MIA
315968258.4341259,00000000-0000-0000-0000-000000023696,OTHERS,744.7578273263762,1357.096541073492,MIA
315968258.4341259,00000000-0000-0000-0000-000000023705,OTHERS,741.4187768932222,1417.252364466303,MIA
315968258.4341259,00000000-0000-0000-0000-000000023703,OTHERS,683.8767657839413,1287.7806659157457,MIA
315968258.4341259,00000000-0000-0000-0000-000000023671,OTHERS,762.1874561042063,1385.3500949513052,MIA
315968258.4341259,00000000-0000-0000-0000-000000023698,OTHERS,738.5524676322874,1483.8792106856636,MIA
315968258.4341259,00000000-0000-0000-0000-000000023688,OTHERS,737.996675735794,1492.4741820876404,MIA
315968258.4341259,00000000-0000-0000-0000-000000023670,OTHERS,746.253682924341,1383.3240826764102,MIA
315968258.4341259,00000000-0000-0000-0000-000000023667,OTHERS,748.2972137701953,1367.8537120150188,MIA
