TIMESTAMP,TRACK_ID,OBJECT_TYPE,X,Y,CITY_NAME
315969094.21018565,00000000-0000-0000-0000-000000000000,AV,576.4646750363997,1273.3875703990109,MIA
315969094.21018565,00000000-0000-0000-0000-000000023559,OTHERS,575.7791182942087,1281.3029073161665,MIA
315969094.21018565,00000000-0000-0000-0000-000000024486,OTHERS,584.386859377623,1260.0192745153486,MIA
315969094.21018565,00000000-0000-0000-0000-000000024532,OTHERS,583.8596279353045,1258.2176683884613,MIA
315969094.21018565,00000000-0000-0000-0000-000000024488,OTHERS,521.8951341556061,1276.327933466302,MIA
315969094.21018565,00000000-0000-0000-0000-000000024519,OTHERS,597.122591997003,1280.5396496879198,MIA
315969094.21018565,00000000-0000-0000-0000-000000024399,OTHERS,597.5272596029506,1212.6110745548485,MIA
315969094.21018565,00000000-0000-0000-0000-000000024508,OTHERS,566.125228260109,1281.4705317624237,MIA
315969094.21018565,00000000-0000-0000-0000-000000024499,OTHERS,578.2737721888333,1288.8729495359885,MIA
315969094.21018565,00000000-0000-0000-0000-000000024370,OTHERS,583.8532880368192,1258.224489997076,MIA
315969094.21018565,00000000-0000-0000-0000-000000024469,OTHERS,618.4166322501985,1279.996605770721,MIA
315969094.21018565,00000000-0000-0000-0000-000000024530,OTHERS,583.2715219498622,1362.6142928052116,MIA
315969094.21018565,00000000-0000-0000-0000-000000024531,OTHERS,583.4474055761558,1261.6028653085446,MIA
315969094.21018565,00000000-0000-0000-0000-000000024465,OTHERS,583.4554146561844,1271.3966636748105,MIA
315969094.21018565,00000000-0000-0000-0000-000000024515,OTHERS,575.7564652789158,1299.9736925918835,MIA
315969094.21018565,00000000-0000-0000-0000-000000024457,OTHERS,609.2253895930745,1279.8269493890261,MIA
315969094.21018565,00000000-0000-0000-0000-000000024503,OTHERS,612.3120395342487,1284.4004770483134,MIA
315969094.21018565,00000000-0000-0000-0000-000000024477,OTHERS,580.5798803530382,1262.5761576722439,MIA
315969094.21018565,00000000-0000-0000-0000-000000024525,OTHERS,573.5143690699863,1287.4590080657588,MIA
315969094.21018565,00000000-0000-0000-0000-000000024448,OTHERS,597.1344134709093,1280.5129182115531,MIA
315969094.21018565,00000000-0000-0000-0000-000000024443,OTHERS,596.7525678370403,1283.5759354466386,MIA
315969094.21018565,00000000-0000-0000-0000-000000024439,OTHERS,596.0073972947903,1286.7368630602405,MIA
315969094.21018565,00000000-0000-0000-0000-000000024476,OTHERS,607.6864206278971,1284.2133470136182,MIA
315969094.21018565,00000000-0000-0000-0000-000000024307,OTHERS,580.2559673815366,1260.6006481376962,MIA
315969094.21018565,00000000-0000-0000-0000-000000024433,OTHERS,582.7105113050883,1256.806091599184,MIA
315969094.21018565,00000000-0000-0000-0000-000000024492,OTHERS,578.2575702095547,1251.1371444522908,MIA
315969094.21018565,00000000-0000-0000-0000-000000024409,OTHERS,579.488513645581,1273.5469465490132,MIA
315969094.21018565,00000000-0000-0000-0000-000000024510,OTHERS,584.5558709007421,1256.601157574623,MIA
315969094.21018565,00000000-0000-0000-0000-000000024513,OTHERS,586.3427118409927,1295.98333456856,MIA
315969094.21018565,00000000-0000-0000-0000-000000024447,OTHERS,595.0176164608239,1279.8383700921418,MIA
315969094.21018565,00000000-0000-0000-0000-000000024453,OTHERS,602.6641258054607,1279.9419181879532,MIA
315969094.21018565,00000000-0000-0000-0000-000000024507,OTHERS,578.237455718912,1313.4771115223712,MIA
315969094.21018565,00000000-0000-0000-0000-000000024313,OTHERS,577.1148313568233,1261.8817900926053,MIA
315969094.21018565,00000000-0000-0000-0000-000000024505,AGENT,565.0926951308952,1248.6657854351809,MIA
315969094.21018565,00000000-0000-0000-0000-000000023985,OTHERS,579.390026298739,1284.3680032179554,MIA
315969094.21018565,00000000-0000-0000-0000-000000023942,OTHERS,579.9047204248868,1266.6557229991029,MIA
315969094.32630545,00000000-0000-0000-0000-000000000000,AV,576.4644495024347,1273.387562664063,MIA
315969094.32630545,00000000-0000-0000-0000-000000023559,OTHERS,575.7702230425783,1281.281174721334,MIA
315969094.32630545,00000000-0000-0000-0000-000000024486,OTHERS,584.2780450066723,1259.9815186083956,MIA
315969094.32630545,00000000-0000-0000-0000-000000024532,OTHERS,583.8596279353045,1258.2176683884613,MIA
315969094.32630545,00000000-0000-0000-0000-000000024488,OTHERS,521.4910541867341,1276.4043389059168,MIA
315969094.32630545,00000000-0000-0000-0000-000000024519,OTHERS,597.0756594786676,1280.2887580949664,MIA
315969094.32630545,00000000-0000-0000-0000-000000024399,OTHERS,597.5391029401524,1212.6486514793658,MIA
315969094.32630545,00000000-0000-0000-0000-000000024508,OTHERS,565.608724602423,1281.2093038427404,MIA
315969094.32630545,00000000-0000-0000-0000-000000024499,OTHERS,578.2854755996168,1288.5092359473492,MIA
315969094.32630545,00000000-0000-0000-0000-000000024533,OTHERS,584.9689995880882,1265.7742629795089,MIA
315969094.32630545,00000000-0000-0000-0000-000000024370,OTHERS,583.8843400166016,1258.1310899298544,MIA
315969094.32630545,00000000-0000-0000-0000-000000024469,OTHERS,618.0943515533255,1280.0161418496632,MIA
315969094.32630545,00000000-0000-0000-0000-000000024530,OTHERS,583.2856865319925,1362.9261162758064,MIA
315969094.32630545,00000000-0000-0000-0000-000000024531,OTHERS,583.4758212737479,1261.6238374846741,MIA
315969094.32630545,00000000-0000-0000-0000-000000024465,OTHERS,583.4444245353864,1271.3667943470489,MIA
315969094.32630545,00000000-0000-0000-0000-000000024515,OTHERS,575.9258040160622,1299.435802060651,MIA
315969094.32630545,00000000-0000-0000-0000-000000024457,OTHERS,609.1147546883292,1279.8052734985024,MIA
315969094.32630545,00000000-0000-0000-0000-000000024503,OTHERS,612.2423331467531,1284.328746611084,MIA
315969094.32630545,00000000-0000-0000-0000-000000024477,OTHERS,580.7499416374305,1262.5575373944055,MIA
315969094.32630545,00000000-0000-0000-0000-000000024525,OTHERS,573.2982837642706,1287.146262160698,MIA
315969094.32630545,00000000-0000-0000-0000-000000024448,OTHERS,595.7737482653457,1280.2053585912288,MIA
315969094.32630545,00000000-0000-0000-0000-000000024443,OTHERS,596.8616765038131,1283.602551407925,MIA
315969094.32630545,00000000-0000-0000-0000-000000024439,OTHERS,596.0532145500866,1286.7926762131053,MIA
315969094.32630545,00000000-0000-0000-0000-000000024476,OTHERS,607.886982457038,1284.1308583481,MIA
315969094.32630545,00000000-0000-0000-0000-000000024307,OTHERS,580.2800536592039,1260.5394338691706,MIA
315969094.32630545,00000000-0000-0000-0000-000000024433,OTHERS,582.7105113050883,1256.806091599184,MIA
315969094.32630545,00000000-0000-0000-0000-000000024492,OTHERS,578.5126237010496,1250.9523162016687,MIA
315969094.32630545,00000000-0000-0000-0000-000000024409,OTHERS,579.5123758678403,1273.4508615995162,MIA
315969094.32630545,00000000-0000-0000-0000-000000024510,OTHERS,584.5110078271683,1256.6173261335425,MIA
315969094.32630545,00000000-0000-0000-0000-000000024513,OTHERS,586.3427118409927,1295.98333456856,MIA
315969094.32630545,00000000-0000-0000-0000-000000024447,OTHERS,594.6129628939342,1279.8039966313088,MIA
315969094.32630545,00000000-0000-0000-0000-000000024453,OTHERS,602.773505412159,1279.9861490434155,MIA
315969094.32630545,00000000-0000-0000-0000-000000024507,OTHERS,578.1594072737282,1312.8965151834902,MIA
315969094.32630545,00000000-0000-0000-0000-000000024313,OTHERS,577.1023241726315,1261.9088137271146,MIA
315969094.32630545,00000000-0000-0000-0000-000000024505,AGENT,565.5276142053583,1248.7228604589784,MIA
315969094.32630545,00000000-0000-0000-0000-000000023985,OTHERS,579.382656589272,1283.9570994493538,MIA
315969094.32630545,00000000-0000-0000-0000-000000023942,OTHERS,579.8738852078174,1266.7285477495946,MIA
315969094.45656765,00000000-0000-0000-0000-000000000000,AV,576.4641353179029,1273.3874761944921,MIA
315969094.45656765,00000000-0000-0000-0000-000000023559,OTHERS,575.7639929888129,1281.3983785826276,MIA
315969094.45656765,00000000-0000-0000-0000-000000024486,OTHERS,584.5130454471785,1259.976821090654,MIA
315969094.45656765,00000000-0000-0000-0000-000000024532,OTHERS,583.8596279353045,1258.2176683884613,MIA
315969094.45656765,00000000-0000-0000-0000-000000024488,OTHERS,521.0351588961676,1276.3467276498739,MIA
315969094.45656765,00000000-0000-0000-0000-000000024519,OTHERS,595.6483529675378,1280.1519710965745,MIA
315969094.45656765,00000000-0000-0000-0000-000000024399,OTHERS,597.4949869041293,1212.616627376953,MIA
315969094.45656765,00000000-0000-0000-0000-000000024508,OTHERS,565.0451218935274,1280.9379133070536,MIA
315969094.45656765,00000000-0000-0000-0000-000000024499,OTHERS,578.2942468939259,1288.1900278578305,MIA
315969094.45656765,00000000-0000-0000-0000-000000024533,OTHERS,585.0312908471299,1265.8135623829835,MIA
315969094.45656765,00000000-0000-0000-0000-000000024370,OTHERS,584.4966433110746,1256.649829560576,MIA
315969094.45656765,00000000-0000-0000-0000-000000024469,OTHERS,618.4756138431839,1280.0965867818772,MIA
315969094.45656765,00000000-0000-0000-0000-000000024530,OTHERS,583.2856865319925,1362.9261162758064,MIA
315969094.45656765,00000000-0000-0000-0000-000000024531,OTHERS,583.4778801361472,1261.6127291296352,MIA
315969094.45656765,00000000-0000-0000-0000-000000024465,OTHERS,583.4475435146145,1271.3869698127546,MIA
315969094.45656765,00000000-0000-0000-0000-000000024515,OTHERS,575.997203832502,1299.0245576277769,MIA
315969094.45656765,00000000-0000-0000-0000-000000024457,OTHERS,609.0630842320138,1279.8171322344108,MIA
315969094.45656765,00000000-0000-0000-0000-000000024503,OTHERS,612.2902943269968,1284.341620504056,MIA
315969094.45656765,00000000-0000-0000-0000-000000024477,OTHERS,580.7282564759645,1262.640245372036,MIA
315969094.45656765,00000000-0000-0000-0000-000000024525,OTHERS,573.0857465543562,1286.8606943265013,MIA
315969094.45656765,00000000-0000-0000-0000-000000024448,OTHERS,597.0946311950659,1280.52528108922,MIA
315969094.45656765,00000000-0000-0000-0000-000000024443,OTHERS,596.827769473539,1283.6163762781039,MIA
315969094.45656765,00000000-0000-0000-0000-000000024439,OTHERS,596.0802058262443,1286.7730656005565,MIA
315969094.45656765,00000000-0000-0000-0000-000000024476,OTHERS,607.7134269203764,1284.2068819774202,MIA
315969094.45656765,00000000-0000-0000-0000-000000024307,OTHERS,580.2583978173291,1260.5119336846199,MIA
315969094.45656765,00000000-0000-0000-0000-000000024433,OTHERS,583.8383188914316,1258.2430937578176,MIA
315969094.45656765,00000000-0000-0000-0000-000000024492,OTHERS,578.9814675104318,1251.3915460703752,MIA
315969094.45656765,00000000-0000-0000-0000-000000024409,OTHERS,579.5085179410924,1273.3718148573635,MIA
315969094.45656765,00000000-0000-0000-0000-000000024510,OTHERS,584.5110078271683,1256.6173261335425,MIA
315969094.45656765,00000000-0000-0000-0000-000000024513,OTHERS,586.3427118409927,1295.98333456856,MIA
315969094.45656765,00000000-0000-0000-0000-000000024447,OTHERS,594.452742735676,1279.719653684953,MIA
315969094.45656765,00000000-0000-0000-0000-000000024453,OTHERS,602.7166142026285,1279.8759389836407,MIA
315969094.45656765,00000000-0000-0000-0000-000000024507,OTHERS,578.1500057530268,1312.372482132991,MIA
315969094.45656765,00000000-0000-0000-0000-000000024313,OTHERS,577.1036311014129,1261.904636204308,MIA
315969094.45656765,00000000-0000-0000-0000-000000024505,AGENT,565.8380628038054,1248.725979274287,MIA
315969094.45656765,00000000-0000-0000-0000-000000023985,OTHERS,579.3894209344379,1283.7064546946424,MIA
315969094.45656765,00000000-0000-0000-0000-000000023942,OTHERS,579.6974723312426,1266.9613390644365,MIA
315969094.58916575,00000000-0000-0000-0000-000000000000,AV,576.4635194220924,1273.3873614763154,MIA
315969094.58916575,00000000-0000-0000-0000-000000023942,OTHERS,579.8860332878394,1266.7051717091974,MIA
315969094.58916575,00000000-0000-0000-0000-000000023985,OTHERS,579.4207652331839,1283.2234789807462,MIA
315969094.58916575,00000000-0000-0000-0000-000000024507,OTHERS,578.1804081018133,1311.1771466369769,MIA
315969094.58916575,00000000-0000-0000-0000-000000024447,OTHERS,594.3664976219121,1279.721879241152,MIA
315969094.58916575,00000000-0000-0000-0000-000000024510,OTHERS,584.8361776843317,1255.0070769394392,MIA
315969094.58916575,00000000-0000-0000-0000-000000024492,OTHERS,579.6323924003127,1251.3294354887612,MIA
315969094.58916575,00000000-0000-0000-0000-000000024433,OTHERS,584.505670951857,1256.6333746141956,MIA
315969094.58916575,00000000-0000-0000-0000-000000024307,OTHERS,580.2786117049448,1260.5284789090585,MIA
315969094.58916575,00000000-0000-0000-0000-000000024476,OTHERS,607.7161631050441,1284.1488867730413,MIA
315969094.58916575,00000000-0000-0000-0000-000000024409,OTHERS,579.5242592142317,1273.1710496941425,MIA
315969094.58916575,00000000-0000-0000-0000-000000024443,OTHERS,596.9025748244103,1283.614375158142,MIA
315969094.58916575,00000000-0000-0000-0000-000000024448,OTHERS,597.1351881638452,1280.5102025247795,MIA
315969094.58916575,00000000-0000-0000-0000-000000024525,OTHERS,572.7559456371232,1286.450117336187,MIA
315969094.58916575,00000000-0000-0000-0000-000000024505,AGENT,566.6280361639517,1248.8358800672088,MIA
315969094.58916575,00000000-0000-0000-0000-000000024477,OTHERS,580.7349907589028,1262.3608818196221,MIA
315969094.58916575,00000000-0000-0000-0000-000000024503,OTHERS,612.2926392540335,1284.3901459559884,MIA
315969094.58916575,00000000-0000-0000-0000-000000024515,OTHERS,576.3439086649279,1297.3791088421272,MIA
315969094.58916575,00000000-0000-0000-0000-000000024465,OTHERS,583.5320777681051,1271.3955581711634,MIA
315969094.58916575,00000000-0000-0000-0000-000000024531,OTHERS,583.440097545173,1261.6140939760166,MIA
315969094.58916575,00000000-0000-0000-0000-000000024530,OTHERS,583.261494022679,1363.5042572298134,MIA
315969094.58916575,00000000-0000-0000-0000-000000024469,OTHERS,618.3293820923892,1280.0338345681305,MIA
315969094.58916575,00000000-0000-0000-0000-000000024453,OTHERS,602.6722065392032,1279.9934875998129,MIA
315969094.58916575,00000000-0000-0000-0000-000000024370,OTHERS,583.8207859471682,1258.1962361347867,MIA
315969094.58916575,00000000-0000-0000-0000-000000024533,OTHERS,585.1319557284252,1265.9382054748387,MIA
315969094.58916575,00000000-0000-0000-0000-000000024508,OTHERS,564.3008382573004,1280.5507369283232,MIA
315969094.58916575,00000000-0000-0000-0000-000000024499,OTHERS,578.3116382020461,1287.6711779767227,MIA
315969094.58916575,00000000-0000-0000-0000-000000024399,OTHERS,597.5181545499162,1212.63223773399,MIA
315969094.58916575,00000000-0000-0000-0000-000000024439,OTHERS,596.0133919184042,1286.7247233679027,MIA
315969094.58916575,00000000-0000-0000-0000-000000024519,OTHERS,595.7212561439693,1280.0407859029085,MIA
315969094.58916575,00000000-0000-0000-0000-000000024488,OTHERS,520.1103735825972,1276.5246896254978,MIA
315969094.58916575,00000000-0000-0000-0000-000000024457,OTHERS,609.0560491886052,1279.8324892070261,MIA
315969094.58916575,00000000-0000-0000-0000-000000023559,OTHERS,575.7705923144174,1281.2197725752999,MIA
315969094.58916575,00000000-0000-0000-0000-000000024486,OTHERS,584.1639277719534,1260.0687344899886,MIA
315969094.58916575,00000000-0000-0000-0000-000000024313,OTHERS,577.1213601106851,1261.954634947823,MIA
315969094.70549434,00000000-0000-0000-0000-000000000000,AV,576.4631703063781,1273.3872445882785,MIA
315969094.70549434,00000000-0000-0000-0000-000000023942,OTHERS,579.8763001939092,1266.6934127883962,MIA
315969094.70549434,00000000-0000-0000-0000-000000023985,OTHERS,579.4269297389764,1283.0425837137298,MIA
315969094.70549434,00000000-0000-0000-0000-000000024507,OTHERS,578.1833073892943,1310.6395115054295,MIA
315969094.70549434,00000000-0000-0000-0000-000000024447,OTHERS,594.8675547637401,1279.8475786507609,MIA
315969094.70549434,00000000-0000-0000-0000-000000024510,OTHERS,584.8361776843317,1255.0070769394392,MIA
315969094.70549434,00000000-0000-0000-0000-000000024492,OTHERS,579.8799680201504,1251.4296363196236,MIA
315969094.70549434,00000000-0000-0000-0000-000000024433,OTHERS,583.8669840488777,1258.1829065619427,MIA
315969094.70549434,00000000-0000-0000-0000-000000024307,OTHERS,580.2982047005285,1260.6379295752733,MIA
315969094.70549434,00000000-0000-0000-0000-000000024476,OTHERS,607.7503872959612,1284.186867622206,MIA
315969094.70549434,00000000-0000-0000-0000-000000024409,OTHERS,579.5209237302968,1273.1073684234507,MIA
315969094.70549434,00000000-0000-0000-0000-000000024443,OTHERS,596.8444505037681,1283.6246442348374,MIA
315969094.70549434,00000000-0000-0000-0000-000000024448,OTHERS,597.1510067955253,1280.514199010957,MIA
315969094.70549434,00000000-0000-0000-0000-000000024525,OTHERS,572.4579537645906,1286.0541659469486,MIA
315969094.70549434,00000000-0000-0000-0000-000000024505,AGENT,566.8668433292072,1248.9017143784172,MIA
315969094.70549434,00000000-0000-0000-0000-000000024477,OTHERS,580.8426708697555,1262.5016113134075,MIA
315969094.70549434,00000000-0000-0000-0000-000000024503,OTHERS,612.3150217564106,1284.3583958612862,MIA
315969094.70549434,00000000-0000-0000-0000-000000024515,OTHERS,576.3065741518858,1296.7543564424745,MIA
315969094.70549434,00000000-0000-0000-0000-000000024465,OTHERS,583.4914683278272,1271.3485895666636,MIA
315969094.70549434,00000000-0000-0000-0000-000000024531,OTHERS,583.4394481971068,1261.5813115180185,MIA
315969094.70549434,00000000-0000-0000-0000-000000024530,OTHERS,583.3603646544586,1364.0121038588845,MIA
315969094.70549434,00000000-0000-0000-0000-000000024469,OTHERS,618.2472226153249,1280.1662507250674,MIA
315969094.70549434,00000000-0000-0000-0000-000000024453,OTHERS,602.8662683757408,1279.9518791006046,MIA
315969094.70549434,00000000-0000-0000-0000-000000024370,OTHERS,584.5420277843292,1256.5911014768656,MIA
315969094.70549434,00000000-0000-0000-0000-000000024533,OTHERS,585.1685394947466,1265.9620026527384,MIA
315969094.70549434,00000000-0000-0000-0000-000000024508,OTHERS,563.8105301600243,1280.4118998050326,MIA
315969094.70549434,00000000-0000-0000-0000-000000024499,OTHERS,578.3246058113107,1287.3825333600591,MIA
315969094.70549434,00000000-0000-0000-0000-000000024399,OTHERS,597.4949954601517,1212.5182760466162,MIA
315969094.70549434,00000000-0000-0000-0000-000000024439,OTHERS,596.0953321459392,1286.761161998337,MIA
315969094.70549434,00000000-0000-0000-0000-000000024519,OTHERS,595.7212561439693,1280.0407859029085,MIA
315969094.70549434,00000000-0000-0000-0000-000000024488,OTHERS,519.7105653816509,1276.4860168155635,MIA
315969094.70549434,00000000-0000-0000-0000-000000024457,OTHERS,609.0551044296897,1279.8012368198765,MIA
315969094.70549434,00000000-0000-0000-0000-000000023559,OTHERS,575.7665502441034,1281.1802334681254,MIA
315969094.70549434,00000000-0000-0000-0000-000000024486,OTHERS,584.4556612657973,1259.9540478522256,MIA
315969094.70549434,00000000-0000-0000-0000-000000024313,OTHERS,577.1150181920037,1261.924554147362,MIA
315969094.8233727,00000000-0000-0000-0000-000000000000,AV,576.4626329672899,1273.3874387403168,MIA
315969094.8233727,00000000-0000-0000-0000-000000023942,OTHERS,579.891847944033,1266.692016172515,MIA
315969094.8233727,00000000-0000-0000-0000-000000023985,OTHERS,579.445930121532,1282.9368616218617,MIA
315969094.8233727,00000000-0000-0000-0000-000000024507,OTHERS,578.2264341751003,1309.8822728263312,MIA
315969094.8233727,00000000-0000-0000-0000-000000024447,OTHERS,595.1839813572037,1279.8128084831958,MIA
315969094.8233727,00000000-0000-0000-0000-000000024510,OTHERS,584.5404686620692,1256.6048906127196,MIA
315969094.8233727,00000000-0000-0000-0000-000000024492,OTHERS,580.209544811899,1251.5301326831975,MIA
315969094.8233727,00000000-0000-0000-0000-000000024433,OTHERS,583.8389625357722,1258.249261710059,MIA
315969094.8233727,00000000-0000-0000-0000-000000024307,OTHERS,580.1694584189981,1260.4102301101746,MIA
315969094.8233727,00000000-0000-0000-0000-000000024476,OTHERS,608.1310287021828,1284.8635252745219,MIA
315969094.8233727,00000000-0000-0000-0000-000000024409,OTHERS,579.5317196038694,1273.0206768746702,MIA
315969094.8233727,00000000-0000-0000-0000-000000024443,OTHERS,596.8563706201547,1283.5850885425702,MIA
315969094.8233727,00000000-0000-0000-0000-000000024448,OTHERS,597.1486669649818,1280.5266831263016,MIA
315969094.8233727,00000000-0000-0000-0000-000000024525,OTHERS,572.3132756863904,1285.936997473621,MIA
315969094.8233727,00000000-0000-0000-0000-000000024505,AGENT,567.2047532887465,1248.9856428721275,MIA
315969094.8233727,00000000-0000-0000-0000-000000024477,OTHERS,580.7190514493227,1262.7439237575036,MIA
315969094.8233727,00000000-0000-0000-0000-000000024503,OTHERS,612.2732749658752,1284.3351741125653,MIA
315969094.8233727,00000000-0000-0000-0000-000000024515,OTHERS,576.3027643815639,1296.3892785481912,MIA
315969094.8233727,00000000-0000-0000-0000-000000024465,OTHERS,583.4541457033721,1271.3398874617205,MIA
315969094.8233727,00000000-0000-0000-0000-000000024531,OTHERS,583.4402351919598,1261.6232045772706,MIA
315969094.8233727,00000000-0000-0000-0000-000000024530,OTHERS,583.3603646544586,1364.0121038588845,MIA
315969094.8233727,00000000-0000-0000-0000-000000024469,OTHERS,618.3728551696049,1280.1177611702533,MIA
315969094.8233727,00000000-0000-0000-0000-000000024453,OTHERS,602.7808519211668,1279.9553203941937,MIA
315969094.8233727,00000000-0000-0000-0000-000000024370,OTHERS,584.5420277843292,1256.5911014768656,MIA
315969094.8233727,00000000-0000-0000-0000-000000024533,OTHERS,585.2015104850966,1266.0653119234455,MIA
315969094.8233727,00000000-0000-0000-0000-000000024508,OTHERS,563.2021991923338,1280.279892020964,MIA
315969094.8233727,00000000-0000-0000-0000-000000024499,OTHERS,578.331071814923,1287.2687346627251,MIA
315969094.8233727,00000000-0000-0000-0000-000000024399,OTHERS,597.4576592264727,1212.5273979084554,MIA
315969094.8233727,00000000-0000-0000-0000-000000024439,OTHERS,596.0748322664504,1286.7743177726718,MIA
315969094.8233727,00000000-0000-0000-0000-000000024519,OTHERS,595.7212561439693,1280.0407859029085,MIA
315969094.8233727,00000000-0000-0000-0000-000000024488,OTHERS,519.1435094325994,1276.4603075180096,MIA
315969094.8233727,00000000-0000-0000-0000-000000024457,OTHERS,609.336765796431,1279.813131623704,MIA
315969094.8233727,00000000-0000-0000-0000-000000023559,OTHERS,575.7773880398295,1281.1283762362734,MIA
315969094.8233727,00000000-0000-0000-0000-000000024486,OTHERS,584.3757395103573,1259.9697222625944,MIA
315969094.8233727,00000000-0000-0000-0000-000000024313,OTHERS,577.107934382568,1261.979938853828,MIA
315969094.93744874,00000000-0000-0000-0000-000000000000,AV,576.4622928471248,1273.3872451771354,MIA
315969094.93744874,00000000-0000-0000-0000-000000023559,OTHERS,575.7789330861672,1281.179042232957,MIA
315969094.93744874,00000000-0000-0000-0000-000000024313,OTHERS,577.1196111917591,1261.9504158482514,MIA
315969094.93744874,00000000-0000-0000-0000-000000024486,OTHERS,584.2976272171295,1260.0105968994967,MIA
315969094.93744874,00000000-0000-0000-0000-000000024508,OTHERS,562.8828328433981,1280.1393411388087,MIA
315969094.93744874,00000000-0000-0000-0000-000000024499,OTHERS,578.3438248185947,1287.0142217027644,MIA
315969094.93744874,00000000-0000-0000-0000-000000024533,OTHERS,585.2547488366636,1266.1030062133495,MIA
315969094.93744874,00000000-0000-0000-0000-000000024370,OTHERS,584.5420277843292,1256.5911014768656,MIA
315969094.93744874,00000000-0000-0000-0000-000000024531,OTHERS,583.4671884553865,1261.6115691044756,MIA
315969094.93744874,00000000-0000-0000-0000-000000024488,OTHERS,518.8065010688068,1276.4471000436693,MIA
315969094.93744874,00000000-0000-0000-0000-000000024519,OTHERS,597.0946924570537,1280.354638861034,MIA
315969094.93744874,00000000-0000-0000-0000-000000024399,OTHERS,597.5343616303646,1212.5762822540153,MIA
315969094.93744874,00000000-0000-0000-0000-000000024535,OTHERS,555.0426903214146,1245.8614763658372,MIA
315969094.93744874,00000000-0000-0000-0000-000000024465,OTHERS,583.4550677061229,1271.3237348159419,MIA
315969094.93744874,00000000-0000-0000-0000-000000024515,OTHERS,576.2308624318779,1296.1003228500765,MIA
315969094.93744874,00000000-0000-0000-0000-000000024469,OTHERS,618.3484276688167,1280.1739657691428,MIA
315969094.93744874,00000000-0000-0000-0000-000000024530,OTHERS,583.2829749955955,1364.3940494082908,MIA
315969094.93744874,00000000-0000-0000-0000-000000024477,OTHERS,580.6281193943369,1262.6282337723862,MIA
315969094.93744874,00000000-0000-0000-0000-000000024525,OTHERS,571.9500463789992,1285.6640911197521,MIA
315969094.93744874,00000000-0000-0000-0000-000000024503,OTHERS,612.2790482123422,1284.4169491440653,MIA
315969094.93744874,00000000-0000-0000-0000-000000024457,OTHERS,609.1079000091987,1279.7925373354374,MIA
315969094.93744874,00000000-0000-0000-0000-000000024448,OTHERS,595.7713508537728,1280.1293317739726,MIA
315969094.93744874,00000000-0000-0000-0000-000000024443,OTHERS,596.8674749998902,1283.591327164763,MIA
315969094.93744874,00000000-0000-0000-0000-000000024439,OTHERS,596.0513543823854,1286.77013740002,MIA
315969094.93744874,00000000-0000-0000-0000-000000024476,OTHERS,607.7501771866538,1284.1289360379405,MIA
315969094.93744874,00000000-0000-0000-0000-000000024307,OTHERS,580.177514098348,1260.5010697939556,MIA
315969094.93744874,00000000-0000-0000-0000-000000024433,OTHERS,583.8690902180224,1258.2160833315281,MIA
315969094.93744874,00000000-0000-0000-0000-000000024492,OTHERS,580.2390589418503,1251.5619300372455,MIA
315969094.93744874,00000000-0000-0000-0000-000000024409,OTHERS,579.5360661171766,1272.9912879544008,MIA
315969094.93744874,00000000-0000-0000-0000-000000024510,OTHERS,584.5832213333928,1256.5654328682253,MIA
315969094.93744874,00000000-0000-0000-0000-000000024447,OTHERS,594.3554825949071,1279.6972530940545,MIA
315969094.93744874,00000000-0000-0000-0000-000000024453,OTHERS,602.6604911225935,1279.9050558804704,MIA
315969094.93744874,00000000-0000-0000-0000-000000024507,OTHERS,578.1234088411275,1309.451977967409,MIA
315969094.93744874,00000000-0000-0000-0000-000000024505,AGENT,567.5059053109629,1249.0268101784552,MIA
315969094.93744874,00000000-0000-0000-0000-000000023985,OTHERS,579.4350721320939,1282.6413740468345,MIA
315969094.93744874,00000000-0000-0000-0000-000000023942,OTHERS,579.7020255083615,1266.9790144381454,MIA
315969095.0618185,00000000-0000-0000-0000-000000000000,AV,576.4613659633965,1273.3873146571962,MIA
315969095.0618185,00000000-0000-0000-0000-000000023559,OTHERS,575.7838558111753,1281.1023917613886,MIA
315969095.0618185,00000000-0000-0000-0000-000000023942,OTHERS,579.8818359190815,1266.667880882729,MIA
315969095.0618185,00000000-0000-0000-0000-000000024313,OTHERS,577.1149778232061,1261.9670336008446,MIA
315969095.0618185,00000000-0000-0000-0000-000000024508,OTHERS,562.3939139970445,1280.0720606638902,MIA
315969095.0618185,00000000-0000-0000-0000-000000024499,OTHERS,578.366046482377,1286.8193937239446,MIA
315969095.0618185,00000000-0000-0000-0000-000000024533,OTHERS,585.3019736916522,1266.0913544308678,MIA
315969095.0618185,00000000-0000-0000-0000-000000024370,OTHERS,584.5420277843292,1256.5911014768656,MIA
315969095.0618185,00000000-0000-0000-0000-000000024535,OTHERS,555.2078706983326,1246.3598497386251,MIA
315969095.0618185,00000000-0000-0000-0000-000000024465,OTHERS,583.5487558081379,1271.330389489198,MIA
315969095.0618185,00000000-0000-0000-0000-000000024515,OTHERS,576.3089085042589,1295.6821243999104,MIA
315969095.0618185,00000000-0000-0000-0000-000000024488,OTHERS,518.3844227664766,1276.5163528216335,MIA
315969095.0618185,00000000-0000-0000-0000-000000024519,OTHERS,597.0946924570537,1280.354638861034,MIA
315969095.0618185,00000000-0000-0000-0000-000000024399,OTHERS,597.5807249793743,1212.5880826209068,MIA
315969095.0618185,00000000-0000-0000-0000-000000024486,OTHERS,584.3969922116038,1259.953627811111,MIA
315969095.0618185,00000000-0000-0000-0000-000000024477,OTHERS,580.6555753104077,1262.617206328327,MIA
315969095.0618185,00000000-0000-0000-0000-000000024531,OTHERS,583.4832616844183,1261.6148570888172,MIA
315969095.0618185,00000000-0000-0000-0000-000000024469,OTHERS,618.1844095347695,1280.1259174050474,MIA
315969095.0618185,00000000-0000-0000-0000-000000024530,OTHERS,583.446889647435,1364.6119635264806,MIA
315969095.0618185,00000000-0000-0000-0000-000000024525,OTHERS,571.5954817751542,1285.3909445467882,MIA
315969095.0618185,00000000-0000-0000-0000-000000024503,OTHERS,612.3077585627786,1284.3095708778994,MIA
315969095.0618185,00000000-0000-0000-0000-000000024457,OTHERS,609.0133728066635,1279.7939726210432,MIA
315969095.0618185,00000000-0000-0000-0000-000000024448,OTHERS,597.1170053341522,1280.5405403474408,MIA
315969095.0618185,00000000-0000-0000-0000-000000024443,OTHERS,596.847816000306,1283.604658210569,MIA
315969095.0618185,00000000-0000-0000-0000-000000024439,OTHERS,596.0828632002195,1286.7622987841346,MIA
315969095.0618185,00000000-0000-0000-0000-000000024476,OTHERS,607.7004457962976,1284.1200188364726,MIA
315969095.0618185,00000000-0000-0000-0000-000000024307,OTHERS,580.1877275441128,1260.4044474744835,MIA
315969095.0618185,00000000-0000-0000-0000-000000024433,OTHERS,583.8837627165258,1258.1265828039136,MIA
315969095.0618185,00000000-0000-0000-0000-000000024492,OTHERS,580.2968465917131,1251.5497815151398,MIA
315969095.0618185,00000000-0000-0000-0000-000000024409,OTHERS,579.5286415930725,1272.964300958752,MIA
315969095.0618185,00000000-0000-0000-0000-000000024510,OTHERS,584.5129563466194,1256.667067463874,MIA
315969095.0618185,00000000-0000-0000-0000-000000024447,OTHERS,594.840671942036,1279.8554856803735,MIA
315969095.0618185,00000000-0000-0000-0000-000000024453,OTHERS,602.7242683714262,1279.8892560156405,MIA
315969095.0618185,00000000-0000-0000-0000-000000024507,OTHERS,578.0439293011406,1308.8845190517275,MIA
315969095.0618185,00000000-0000-0000-0000-000000024505,AGENT,567.8295941854813,1249.0173343843385,MIA
315969095.0618185,00000000-0000-0000-0000-000000023985,OTHERS,579.4569065044484,1282.4427259757229,MIA
315969095.1942482,00000000-0000-0000-0000-000000000000,AV,576.4607539302477,1273.3874790957166,MIA
315969095.1942482,00000000-0000-0000-0000-000000023559,OTHERS,575.776985051652,1281.0560676789485,MIA
315969095.1942482,00000000-0000-0000-0000-000000023942,OTHERS,579.8892041047911,1266.6902508727658,MIA
315969095.1942482,00000000-0000-0000-0000-000000024313,OTHERS,577.1230841969692,1261.9388783864404,MIA
315969095.1942482,00000000-0000-0000-0000-000000024508,OTHERS,560.2842439404719,1279.1506978240013,MIA
315969095.1942482,00000000-0000-0000-0000-000000024499,OTHERS,578.3578102355854,1286.522745297675,MIA
315969095.1942482,00000000-0000-0000-0000-000000024533,OTHERS,585.3664815308011,1266.231223756938,MIA
315969095.1942482,00000000-0000-0000-0000-000000024515,OTHERS,575.9551234044337,1294.7854547300108,MIA
315969095.1942482,00000000-0000-0000-0000-000000024519,OTHERS,596.7522399125618,1279.2177993843613,MIA
315969095.1942482,00000000-0000-0000-0000-000000024399,OTHERS,597.5030660777079,1212.454245300179,MIA
315969095.1942482,00000000-0000-0000-0000-000000024495,OTHERS,578.2062182958879,1240.0577098029487,MIA
315969095.1942482,00000000-0000-0000-0000-000000024486,OTHERS,584.4153101072543,1259.9790950747556,MIA
315969095.1942482,00000000-0000-0000-0000-000000024477,OTHERS,580.6573838173882,1262.6219038125412,MIA
315969095.1942482,00000000-0000-0000-0000-000000024488,OTHERS,517.5212666647061,1276.4828792100564,MIA
315969095.1942482,00000000-0000-0000-0000-000000024531,OTHERS,583.4421721099118,1261.6464678799032,MIA
315969095.1942482,00000000-0000-0000-0000-000000024469,OTHERS,618.2643814305555,1280.0335711339521,MIA
315969095.1942482,00000000-0000-0000-0000-000000024530,OTHERS,583.3259152851388,1364.975223991756,MIA
315969095.1942482,00000000-0000-0000-0000-000000024525,OTHERS,570.8539263763612,1284.845135540736,MIA
315969095.1942482,00000000-0000-0000-0000-000000024535,OTHERS,555.2447835119488,1246.244506004944,MIA
315969095.1942482,00000000-0000-0000-0000-000000024465,OTHERS,583.4614298637202,1271.3177712852007,MIA
315969095.1942482,00000000-0000-0000-0000-000000024503,OTHERS,612.344098543896,1284.3114192828614,MIA
315969095.1942482,00000000-0000-0000-0000-000000024457,OTHERS,609.1336883866977,1279.792357504884,MIA
315969095.1942482,00000000-0000-0000-0000-000000024448,OTHERS,596.275729269699,1280.123928682195,MIA
315969095.1942482,00000000-0000-0000-0000-000000024443,OTHERS,596.8754115179499,1283.6211045185894,MIA
315969095.1942482,00000000-0000-0000-0000-000000024439,OTHERS,596.0922269094225,1286.7694695029386,MIA
315969095.1942482,00000000-0000-0000-0000-000000024476,OTHERS,607.6414005284931,1284.7039818071707,MIA
315969095.1942482,00000000-0000-0000-0000-000000024307,OTHERS,580.1535756890172,1260.4399654088795,MIA
315969095.1942482,00000000-0000-0000-0000-000000024433,OTHERS,583.8822091294057,1258.1629670498714,MIA
315969095.1942482,00000000-0000-0000-0000-000000024492,OTHERS,580.5860442092644,1251.6887069649292,MIA
315969095.1942482,00000000-0000-0000-0000-000000024409,OTHERS,579.5198722457691,1272.8071321126185,MIA
315969095.1942482,00000000-0000-0000-0000-000000024510,OTHERS,584.539933899431,1256.6211700378876,MIA
315969095.1942482,00000000-0000-0000-0000-000000024447,OTHERS,594.4402738494598,1279.817667905464,MIA
315969095.1942482,00000000-0000-0000-0000-000000024453,OTHERS,602.7646327682733,1279.8864190275742,MIA
315969095.1942482,00000000-0000-0000-0000-000000024507,OTHERS,578.1698540875116,1307.5310123048298,MIA
315969095.1942482,00000000-0000-0000-0000-000000024505,AGENT,568.5372619070422,1249.0153839977165,MIA
315969095.1942482,00000000-0000-0000-0000-000000023985,OTHERS,579.4784863103956,1282.0198730084974,MIA
315969095.31567186,00000000-0000-0000-0000-000000000000,AV,576.4602961869351,1273.3873526272034,MIA
315969095.31567186,00000000-0000-0000-0000-000000023559,OTHERS,575.7749240962837,1281.0170691426167,MIA
315969095.31567186,00000000-0000-0000-0000-000000024313,OTHERS,577.124010577294,1261.9291017117835,MIA
315969095.31567186,00000000-0000-0000-0000-000000024519,OTHERS,595.6795851251197,1280.252150873759,MIA
315969095.31567186,00000000-0000-0000-0000-000000024399,OTHERS,597.4956010215925,1212.5391231258427,MIA
315969095.31567186,00000000-0000-0000-0000-000000024508,OTHERS,559.5326410665846,1278.9413668213147,MIA
315969095.31567186,00000000-0000-0000-0000-000000024499,OTHERS,578.3943015525015,1286.3427042564222,MIA
315969095.31567186,00000000-0000-0000-0000-000000024533,OTHERS,585.4700597068078,1266.31779943483,MIA
315969095.31567186,00000000-0000-0000-0000-000000024488,OTHERS,517.0648847686786,1276.446245067598,MIA
315969095.31567186,00000000-0000-0000-0000-000000024531,OTHERS,583.4742536218686,1261.5897564907386,MIA
315969095.31567186,00000000-0000-0000-0000-000000024486,OTHERS,584.445338277711,1259.9864231284364,MIA
315969095.31567186,00000000-0000-0000-0000-000000024477,OTHERS,580.7891011501692,1262.7147376178345,MIA
315969095.31567186,00000000-0000-0000-0000-000000024535,OTHERS,555.2483937111808,1245.9951624140838,MIA
315969095.31567186,00000000-0000-0000-0000-000000024465,OTHERS,583.6498739655948,1271.3473561638075,MIA
315969095.31567186,00000000-0000-0000-0000-000000024515,OTHERS,576.2905818400039,1294.2090939435147,MIA
315969095.31567186,00000000-0000-0000-0000-000000024469,OTHERS,618.3547552004137,1280.0744775877256,MIA
315969095.31567186,00000000-0000-0000-0000-000000024530,OTHERS,583.4614587271087,1365.1073805540793,MIA
315969095.31567186,00000000-0000-0000-0000-000000024525,OTHERS,570.4063372756082,1284.6149802979055,MIA
315969095.31567186,00000000-0000-0000-0000-000000024503,OTHERS,612.2867262573973,1284.3234322445994,MIA
315969095.31567186,00000000-0000-0000-0000-000000024457,OTHERS,609.0827270670984,1279.791742427522,MIA
315969095.31567186,00000000-0000-0000-0000-000000024448,OTHERS,597.1418285427196,1280.5120120038955,MIA
315969095.31567186,00000000-0000-0000-0000-000000024443,OTHERS,596.8512773862852,1283.6244884418998,MIA
315969095.31567186,00000000-0000-0000-0000-000000024439,OTHERS,596.1009047198113,1286.7596013337854,MIA
315969095.31567186,00000000-0000-0000-0000-000000024476,OTHERS,607.7283324490733,1284.249446783068,MIA
315969095.31567186,00000000-0000-0000-0000-000000024307,OTHERS,580.2771236157541,1260.528208928152,MIA
315969095.31567186,00000000-0000-0000-0000-000000024433,OTHERS,583.8624318140676,1258.2075766048192,MIA
315969095.31567186,00000000-0000-0000-0000-000000024492,OTHERS,580.6443570252762,1251.7330085680792,MIA
315969095.31567186,00000000-0000-0000-0000-000000024495,OTHERS,578.2076351624307,1239.9922839892383,MIA
315969095.31567186,00000000-0000-0000-0000-000000024409,OTHERS,579.5202757033212,1272.7772250398966,MIA
315969095.31567186,00000000-0000-0000-0000-000000024510,OTHERS,584.6423854510125,1255.8367795614665,MIA
315969095.31567186,00000000-0000-0000-0000-000000024447,OTHERS,594.3685592223421,1279.6695408377902,MIA
315969095.31567186,00000000-0000-0000-0000-000000024453,OTHERS,602.775056550619,1279.8869024384915,MIA
315969095.31567186,00000000-0000-0000-0000-000000024507,OTHERS,578.1634036321769,1306.980683558101,MIA
315969095.31567186,00000000-0000-0000-0000-000000024505,AGENT,568.3926135332061,1248.8827042560174,MIA
315969095.31567186,00000000-0000-0000-0000-000000023985,OTHERS,579.4721600933626,1281.8734198927468,MIA
315969095.31567186,00000000-0000-0000-0000-000000023942,OTHERS,579.8800208182682,1266.7009896536329,MIA
315969095.44204336,00000000-0000-0000-0000-000000000000,AV,576.459838708867,1273.3870551140324,MIA
315969095.44204336,00000000-0000-0000-0000-000000023559,OTHERS,575.7760840106831,1281.0333490928015,MIA
315969095.44204336,00000000-0000-0000-0000-000000024313,OTHERS,577.1208355483719,1261.9487246787523,MIA
315969095.44204336,00000000-0000-0000-0000-000000024519,OTHERS,595.6795851251197,1280.252150873759,MIA
315969095.44204336,00000000-0000-0000-0000-000000024399,OTHERS,597.5372666676791,1212.5685726226222,MIA
315969095.44204336,00000000-0000-0000-0000-000000024508,OTHERS,558.1178150154448,1278.1698828113276,MIA
315969095.44204336,00000000-0000-0000-0000-000000024499,OTHERS,578.3881918207218,1286.2329987199832,MIA
315969095.44204336,00000000-0000-0000-0000-000000024533,OTHERS,585.5002040822643,1266.1067334491627,MIA
315969095.44204336,00000000-0000-0000-0000-000000024488,OTHERS,516.6296777492638,1276.5280305201002,MIA
315969095.44204336,00000000-0000-0000-0000-000000024540,OTHERS,586.5374083773401,1361.3314575270758,MIA
315969095.44204336,00000000-0000-0000-0000-000000024531,OTHERS,583.4609248881122,1261.613918514614,MIA
315969095.44204336,00000000-0000-0000-0000-000000024486,OTHERS,584.382206473095,1259.9719041330375,MIA
315969095.44204336,00000000-0000-0000-0000-000000024538,OTHERS,564.4321272932938,1219.6693414825186,MIA
315969095.44204336,00000000-0000-0000-0000-000000024477,OTHERS,580.6525154543905,1262.6151077745,MIA
315969095.44204336,00000000-0000-0000-0000-000000024535,OTHERS,557.6857312588438,1245.7481543438741,MIA
315969095.44204336,00000000-0000-0000-0000-000000024465,OTHERS,583.4617850447554,1271.3096079470442,MIA
315969095.44204336,00000000-0000-0000-0000-000000024515,OTHERS,575.9190501648516,1294.038137830473,MIA
315969095.44204336,00000000-0000-0000-0000-000000024469,OTHERS,618.1600148790286,1280.04267970013,MIA
315969095.44204336,00000000-0000-0000-0000-000000024530,OTHERS,583.4767491184494,1365.2910395882934,MIA
315969095.44204336,00000000-0000-0000-0000-000000024525,OTHERS,569.9831624588461,1284.3764266152596,MIA
315969095.44204336,00000000-0000-0000-0000-000000024503,OTHERS,612.3505654482602,1284.3598232713048,MIA
315969095.44204336,00000000-0000-0000-0000-000000024457,OTHERS,609.1287676547075,1279.804621832644,MIA
315969095.44204336,00000000-0000-0000-0000-000000024448,OTHERS,597.1170978263798,1280.5189514976914,MIA
315969095.44204336,00000000-0000-0000-0000-000000024443,OTHERS,596.8962634227253,1283.658430601758,MIA
315969095.44204336,00000000-0000-0000-0000-000000024439,OTHERS,596.0640461560794,1286.7806216784015,MIA
315969095.44204336,00000000-0000-0000-0000-000000024476,OTHERS,607.6545311299358,1284.8724337492426,MIA
315969095.44204336,00000000-0000-0000-0000-000000024307,OTHERS,580.2699763315306,1260.5283740705004,MIA
315969095.44204336,00000000-0000-0000-0000-000000024433,OTHERS,583.8557962876338,1258.2598607844502,MIA
315969095.44204336,00000000-0000-0000-0000-000000024492,OTHERS,580.8170254284521,1251.822922438644,MIA
315969095.44204336,00000000-0000-0000-0000-000000024495,OTHERS,577.4811349419635,1240.7973413913048,MIA
315969095.44204336,00000000-0000-0000-0000-000000024409,OTHERS,579.5235226040833,1272.7710199455666,MIA
315969095.44204336,00000000-0000-0000-0000-000000024510,OTHERS,584.5469391918906,1256.6522110343662,MIA
315969095.44204336,00000000-0000-0000-0000-000000024447,OTHERS,594.8470434781033,1279.8794947910235,MIA
315969095.44204336,00000000-0000-0000-0000-000000024453,OTHERS,602.7809062847814,1280.0113477500056,MIA
315969095.44204336,00000000-0000-0000-0000-000000024507,OTHERS,578.2063192070461,1306.47315515395,MIA
315969095.44204336,00000000-0000-0000-0000-000000024505,AGENT,568.9538253790251,1249.066387102457,MIA
315969095.44204336,00000000-0000-0000-0000-000000023985,OTHERS,579.4975523007138,1281.7306002824773,MIA
315969095.44204336,00000000-0000-0000-0000-000000023942,OTHERS,579.699233609832,1266.9762648176857,MIA
315969095.5719955,00000000-0000-0000-0000-000000000000,AV,576.4593844035472,1273.3869552926594,MIA
315969095.5719955,00000000-0000-0000-0000-000000023559,OTHERS,575.7797387767947,1280.992677800435,MIA
315969095.5719955,00000000-0000-0000-0000-000000024313,OTHERS,577.1176415590543,1261.9499149881087,MIA
315969095.5719955,00000000-0000-0000-0000-000000024519,OTHERS,597.1192080865471,1280.521684897374,MIA
315969095.5719955,00000000-0000-0000-0000-000000024399,OTHERS,597.535970853829,1212.5894293741846,MIA
315969095.5719955,00000000-0000-0000-0000-000000024508,OTHERS,557.6966167544548,1278.146343007972,MIA
315969095.5719955,00000000-0000-0000-0000-000000024499,OTHERS,578.4171110244747,1286.0115133525785,MIA
315969095.5719955,00000000-0000-0000-0000-000000024533,OTHERS,585.5137177915476,1266.156643184937,MIA
315969095.5719955,00000000-0000-0000-0000-000000024488,OTHERS,516.2273544363709,1276.4708705770156,MIA
315969095.5719955,00000000-0000-0000-0000-000000024540,OTHERS,586.6153999008629,1362.5830538965545,MIA
315969095.5719955,00000000-0000-0000-0000-000000024531,OTHERS,583.4925246154654,1261.604842153216,MIA
315969095.5719955,00000000-0000-0000-0000-000000024486,OTHERS,584.4116613241564,1259.9825874809148,MIA
315969095.5719955,00000000-0000-0000-0000-000000024538,OTHERS,564.5808419801782,1219.6619096134696,MIA
315969095.5719955,00000000-0000-0000-0000-000000024477,OTHERS,580.7541408628483,1262.5406069339626,MIA
315969095.5719955,00000000-0000-0000-0000-000000024535,OTHERS,558.3001463626945,1245.7283691855325,MIA
315969095.5719955,00000000-0000-0000-0000-000000024465,OTHERS,583.463013974546,1271.325249656256,MIA
315969095.5719955,00000000-0000-0000-0000-000000024515,OTHERS,575.951316652833,1293.4949296383718,MIA
315969095.5719955,00000000-0000-0000-0000-000000024469,OTHERS,618.3924224833343,1280.087569523135,MIA
315969095.5719955,00000000-0000-0000-0000-000000024530,OTHERS,583.4743633281174,1365.417710735447,MIA
315969095.5719955,00000000-0000-0000-0000-000000024525,OTHERS,569.5770258931686,1284.1293196810627,MIA
315969095.5719955,00000000-0000-0000-0000-000000024503,OTHERS,612.301849343357,1284.3943490583838,MIA
315969095.5719955,00000000-0000-0000-0000-000000024457,OTHERS,609.0300734053735,1279.8084262607715,MIA
315969095.5719955,00000000-0000-0000-0000-000000024448,OTHERS,595.9082360350037,1279.9313184058835,MIA
315969095.5719955,00000000-0000-0000-0000-000000024443,OTHERS,596.8339005829282,1283.6297145265235,MIA
315969095.5719955,00000000-0000-0000-0000-000000024439,OTHERS,596.117964672426,1286.7499716982472,MIA
315969095.5719955,00000000-0000-0000-0000-000000024476,OTHERS,607.7057492569729,1284.2627075146893,MIA
315969095.5719955,00000000-0000-0000-0000-000000024307,OTHERS,580.2821510709692,1260.5333859211376,MIA
315969095.5719955,00000000-0000-0000-0000-000000024433,OTHERS,583.8880920348447,1258.141754029249,MIA
315969095.5719955,00000000-0000-0000-0000-000000024492,OTHERS,581.3157588176298,1252.093982782549,MIA
315969095.5719955,00000000-0000-0000-0000-000000024495,OTHERS,577.6567485167134,1240.614756887891,MIA
315969095.5719955,00000000-0000-0000-0000-000000024409,OTHERS,579.5175705647276,1272.7438766054559,MIA
315969095.5719955,00000000-0000-0000-0000-000000024510,OTHERS,584.537657766556,1256.606733316876,MIA
315969095.5719955,00000000-0000-0000-0000-000000024447,OTHERS,594.4281900239909,1279.813557248113,MIA
315969095.5719955,00000000-0000-0000-0000-000000024453,OTHERS,602.8178344951473,1279.944030718256,MIA
315969095.5719955,00000000-0000-0000-0000-000000024507,OTHERS,578.196483914957,1305.9281483314999,MIA
315969095.5719955,00000000-0000-0000-0000-000000024505,AGENT,568.9582959834456,1248.9690591080134,MIA
315969095.5719955,00000000-0000-0000-0000-000000023985,OTHERS,579.4971360331044,1281.571318967661,MIA
315969095.5719955,00000000-0000-0000-0000-000000023942,OTHERS,579.8808975589615,1266.6930958928779,MIA
315969095.71499825,00000000-0000-0000-0000-000000000000,AV,576.4590490860389,1273.3871187087882,MIA
315969095.71499825,00000000-0000-0000-0000-000000023559,OTHERS,575.7657997243596,1280.987613152663,MIA
315969095.71499825,00000000-0000-0000-0000-000000023942,OTHERS,579.879525298816,1266.6824241670688,MIA
315969095.71499825,00000000-0000-0000-0000-000000024313,OTHERS,577.1292761406309,1261.9321774684634,MIA
315969095.71499825,00000000-0000-0000-0000-000000024519,OTHERS,597.1192080865471,1280.521684897374,MIA
315969095.71499825,00000000-0000-0000-0000-000000024399,OTHERS,597.5030815192405,1212.6107275862794,MIA
315969095.71499825,00000000-0000-0000-0000-000000024508,OTHERS,556.7412417527248,1278.36154493587,MIA
315969095.71499825,00000000-0000-0000-0000-000000024542,OTHERS,583.8564177064225,1258.2247017307984,MIA
315969095.71499825,00000000-0000-0000-0000-000000024515,OTHERS,575.8289215460562,1292.921601792251,MIA
315969095.71499825,00000000-0000-0000-0000-000000024486,OTHERS,584.3836689640582,1259.9925061916051,MIA
315969095.71499825,00000000-0000-0000-0000-000000024538,OTHERS,564.4980693315797,1219.663511502005,MIA
315969095.71499825,00000000-0000-0000-0000-000000024477,OTHERS,580.5437442023614,1262.6452242446833,MIA
315969095.71499825,00000000-0000-0000-0000-000000024488,OTHERS,515.4237595449839,1276.4400840809558,MIA
315969095.71499825,00000000-0000-0000-0000-000000024540,OTHERS,586.7550457489239,1364.8693821987958,MIA
315969095.71499825,00000000-0000-0000-0000-000000024531,OTHERS,583.5175623818343,1261.6356033343664,MIA
315969095.71499825,00000000-0000-0000-0000-000000024499,OTHERS,578.4087289156424,1285.7511875472758,MIA
315969095.71499825,00000000-0000-0000-0000-000000024533,OTHERS,585.5825416701957,1266.3254209239626,MIA
315969095.71499825,00000000-0000-0000-0000-000000024469,OTHERS,618.389181801752,1280.0580575402464,MIA
315969095.71499825,00000000-0000-0000-0000-000000024530,OTHERS,583.4743633281174,1365.417710735447,MIA
315969095.71499825,00000000-0000-0000-0000-000000024525,OTHERS,568.4959110549364,1283.6585197789968,MIA
315969095.71499825,00000000-0000-0000-0000-000000024535,OTHERS,560.0332764353528,1245.4954267316878,MIA
315969095.71499825,00000000-0000-0000-0000-000000024465,OTHERS,583.4526976863657,1271.3068072400927,MIA
315969095.71499825,00000000-0000-0000-0000-000000024503,OTHERS,612.2975481002406,1284.3418221847735,MIA
315969095.71499825,00000000-0000-0000-0000-000000024457,OTHERS,609.0602861085182,1279.8073312684307,MIA
315969095.71499825,00000000-0000-0000-0000-000000024448,OTHERS,597.1624860425135,1280.520974664903,MIA
315969095.71499825,00000000-0000-0000-0000-000000024443,OTHERS,596.8390758614319,1283.6168491065046,MIA
315969095.71499825,00000000-0000-0000-0000-000000024439,OTHERS,596.0736049553495,1286.7563666736414,MIA
315969095.71499825,00000000-0000-0000-0000-000000024476,OTHERS,607.7227586285875,1284.2165690833265,MIA
315969095.71499825,00000000-0000-0000-0000-000000024307,OTHERS,580.2750477375226,1260.5463540075086,MIA
315969095.71499825,00000000-0000-0000-0000-000000024433,OTHERS,584.5238036615542,1256.5882394047242,MIA
315969095.71499825,00000000-0000-0000-0000-000000024492,OTHERS,581.6018734377126,1252.253470026707,MIA
315969095.71499825,00000000-0000-0000-0000-000000024495,OTHERS,577.8954269691692,1240.3119288740054,MIA
315969095.71499825,00000000-0000-0000-0000-000000024409,OTHERS,579.5191140525368,1272.764084616661,MIA
315969095.71499825,00000000-0000-0000-0000-000000024510,OTHERS,584.7994037432953,1255.0522906752185,MIA
315969095.71499825,00000000-0000-0000-0000-000000024447,OTHERS,594.8552646154384,1279.860895511897,MIA
315969095.71499825,00000000-0000-0000-0000-000000024453,OTHERS,602.7548475791308,1279.8794832928106,MIA
315969095.71499825,00000000-0000-0000-0000-000000024507,OTHERS,578.1715171726017,1304.9179975425398,MIA
315969095.71499825,00000000-0000-0000-0000-000000024505,AGENT,569.3605265701989,1248.9314946326606,MIA
315969095.71499825,00000000-0000-0000-0000-000000023985,OTHERS,579.498214356883,1281.3478111212926,MIA
315969095.8493916,00000000-0000-0000-0000-000000000000,AV,576.4592073328204,1273.3873199748516,MIA
315969095.8493916,00000000-0000-0000-0000-000000023559,OTHERS,575.7690865115808,1280.9981367423968,MIA
315969095.8493916,00000000-0000-0000-0000-000000023942,OTHERS,579.8861794673833,1266.7074607745622,MIA
315969095.8493916,00000000-0000-0000-0000-000000024519,OTHERS,597.1192080865471,1280.521684897374,MIA
315969095.8493916,00000000-0000-0000-0000-000000024399,OTHERS,597.4764563773088,1212.4880591098931,MIA
315969095.8493916,00000000-0000-0000-0000-000000024508,OTHERS,556.3014487329152,1278.4165814493674,MIA
315969095.8493916,00000000-0000-0000-0000-000000024542,OTHERS,583.8708148505335,1258.1892985087754,MIA
315969095.8493916,00000000-0000-0000-0000-000000024515,OTHERS,575.6976668038243,1292.4216709021437,MIA
315969095.8493916,00000000-0000-0000-0000-000000024499,OTHERS,578.4284611038668,1285.5835772834785,MIA
315969095.8493916,00000000-0000-0000-0000-000000024533,OTHERS,585.4621538463232,1266.3763038991765,MIA
315969095.8493916,00000000-0000-0000-0000-000000024486,OTHERS,584.3177876900559,1260.0284502572072,MIA
315969095.8493916,00000000-0000-0000-0000-000000024538,OTHERS,564.4855271455148,1219.6831344712075,MIA
315969095.8493916,00000000-0000-0000-0000-000000024477,OTHERS,580.6560510323757,1262.3616655930734,MIA
315969095.8493916,00000000-0000-0000-0000-000000023985,OTHERS,579.5017651563184,1281.2178220780913,MIA
315969095.8493916,00000000-0000-0000-0000-000000024505,AGENT,569.8999867895639,1248.9692379416545,MIA
315969095.8493916,00000000-0000-0000-0000-000000024488,OTHERS,514.9505344965089,1276.4338320661548,MIA
315969095.8493916,00000000-0000-0000-0000-000000024540,OTHERS,586.7550457489239,1364.8693821987958,MIA
315969095.8493916,00000000-0000-0000-0000-000000024531,OTHERS,583.4399600143266,1261.6680462609395,MIA
315969095.8493916,00000000-0000-0000-0000-000000024469,OTHERS,618.2666200814135,1280.198336993012,MIA
315969095.8493916,00000000-0000-0000-0000-000000024443,OTHERS,596.8270333724971,1283.6392152976234,MIA
315969095.8493916,00000000-0000-0000-0000-000000024530,OTHERS,583.6268494650707,1365.8095767459556,MIA
315969095.8493916,00000000-0000-0000-0000-000000024525,OTHERS,568.1502201278557,1283.3748702091518,MIA
315969095.8493916,00000000-0000-0000-0000-000000024313,OTHERS,577.1010077958531,1261.925501499048,MIA
315969095.8493916,00000000-0000-0000-0000-000000024535,OTHERS,560.3242623447659,1245.452025820638,MIA
315969095.8493916,00000000-0000-0000-0000-000000024465,OTHERS,583.4669949844056,1271.3222113960967,MIA
315969095.8493916,00000000-0000-0000-0000-000000024503,OTHERS,612.2977421596837,1284.3953107472087,MIA
315969095.8493916,00000000-0000-0000-0000-000000024457,OTHERS,609.0903423903521,1279.8364910824455,MIA
315969095.8493916,00000000-0000-0000-0000-000000024448,OTHERS,597.1372988225569,1280.5355236894416,MIA
315969095.8493916,00000000-0000-0000-0000-000000024439,OTHERS,596.0366045198747,1286.719324889813,MIA
315969095.8493916,00000000-0000-0000-0000-000000024476,OTHERS,607.6990933330525,1284.1915519750694,MIA
315969095.8493916,00000000-0000-0000-0000-000000024307,OTHERS,580.2304577495465,1260.5679729033802,MIA
315969095.8493916,00000000-0000-0000-0000-000000024433,OTHERS,585.120428281387,1258.2631802617889,MIA
315969095.8493916,00000000-0000-0000-0000-000000024492,OTHERS,581.7118097733668,1252.3734998356585,MIA
315969095.8493916,00000000-0000-0000-0000-000000024495,OTHERS,578.1279280543891,1240.1005864317199,MIA
315969095.8493916,00000000-0000-0000-0000-000000024409,OTHERS,579.5211550806397,1272.7539308796813,MIA
315969095.8493916,00000000-0000-0000-0000-000000024510,OTHERS,584.4407382172566,1256.586960901392,MIA
315969095.8493916,00000000-0000-0000-0000-000000024447,OTHERS,595.2676953218543,1279.793492269087,MIA
315969095.8493916,00000000-0000-0000-0000-000000024453,OTHERS,602.6844982918047,1279.8565273628446,MIA
315969095.8493916,00000000-0000-0000-0000-000000024507,OTHERS,578.2363893247426,1304.513078006779,MIA
315969095.97787565,00000000-0000-0000-0000-000000000000,AV,576.4592357030799,1273.386974645533,MIA
315969095.97787565,00000000-0000-0000-0000-000000023559,OTHERS,575.7784123942931,1281.005577813564,MIA
315969095.97787565,00000000-0000-0000-0000-000000023942,OTHERS,579.8779708600306,1266.7110341472994,MIA
315969095.97787565,00000000-0000-0000-0000-000000024313,OTHERS,577.1112838816522,1261.9577585108473,MIA
315969095.97787565,00000000-0000-0000-0000-000000024399,OTHERS,597.5233960410628,1212.5770832067901,MIA
315969095.97787565,00000000-0000-0000-0000-000000024508,OTHERS,554.9413435359884,1278.0825452197494,MIA
315969095.97787565,00000000-0000-0000-0000-000000024542,OTHERS,585.1023343157409,1258.2702540064681,MIA
315969095.97787565,00000000-0000-0000-0000-000000024515,OTHERS,575.7341157739297,1292.4683958178184,MIA
315969095.97787565,00000000-0000-0000-0000-000000024499,OTHERS,578.4315832048649,1285.4362143123421,MIA
315969095.97787565,00000000-0000-0000-0000-000000024533,OTHERS,585.4425885551077,1266.4667125695821,MIA
315969095.97787565,00000000-0000-0000-0000-000000024486,OTHERS,584.4388201287471,1259.9775396309822,MIA
315969095.97787565,00000000-0000-0000-0000-000000024538,OTHERS,564.4855271455148,1219.6831344712075,MIA
315969095.97787565,00000000-0000-0000-0000-000000024477,OTHERS,580.7953951592114,1262.7517729287565,MIA
315969095.97787565,00000000-0000-0000-0000-000000024488,OTHERS,514.5081175822232,1276.3625033436576,MIA
315969095.97787565,00000000-0000-0000-0000-000000024540,OTHERS,586.7550457489239,1364.8693821987958,MIA
315969095.97787565,00000000-0000-0000-0000-000000024531,OTHERS,583.4490241495089,1261.624314418221,MIA
315969095.97787565,00000000-0000-0000-0000-000000024469,OTHERS,618.2666200814135,1280.198336993012,MIA
315969095.97787565,00000000-0000-0000-0000-000000024443,OTHERS,596.8618292886941,1283.6089753211504,MIA
315969095.97787565,00000000-0000-0000-0000-000000024530,OTHERS,583.6268494650707,1365.8095767459556,MIA
315969095.97787565,00000000-0000-0000-0000-000000024525,OTHERS,567.3716714235628,1283.2928662975396,MIA
315969095.97787565,00000000-0000-0000-0000-000000024535,OTHERS,560.4783953254811,1245.379881021923,MIA
315969095.97787565,00000000-0000-0000-0000-000000024465,OTHERS,583.4668678621432,1271.313298325339,MIA
315969095.97787565,00000000-0000-0000-0000-000000024503,OTHERS,612.2869957582911,1284.3221996290467,MIA
315969095.97787565,00000000-0000-0000-0000-000000024457,OTHERS,609.1036674244682,1279.807266880654,MIA
315969095.97787565,00000000-0000-0000-0000-000000024448,OTHERS,597.1036607565659,1280.4877220279272,MIA
315969095.97787565,00000000-0000-0000-0000-000000024439,OTHERS,596.0460515513304,1286.7761937250564,MIA
315969095.97787565,00000000-0000-0000-0000-000000024476,OTHERS,607.876948802585,1284.1228900532096,MIA
315969095.97787565,00000000-0000-0000-0000-000000024307,OTHERS,580.2518250304291,1260.516956314818,MIA
315969095.97787565,00000000-0000-0000-0000-000000024433,OTHERS,583.856172633729,1258.2398002383834,MIA
315969095.97787565,00000000-0000-0000-0000-000000024492,OTHERS,581.6981533391937,1252.4106401496838,MIA
315969095.97787565,00000000-0000-0000-0000-000000024495,OTHERS,578.2082147365936,1240.0129476828395,MIA
315969095.97787565,00000000-0000-0000-0000-000000024409,OTHERS,579.5231269497051,1272.754500697662,MIA
315969095.97787565,00000000-0000-0000-0000-000000024510,OTHERS,584.5481792132755,1256.6292932688682,MIA
315969095.97787565,00000000-0000-0000-0000-000000024447,OTHERS,594.80010661527,1279.9137311238508,MIA
315969095.97787565,00000000-0000-0000-0000-000000024453,OTHERS,602.7894950363062,1279.9538407993098,MIA
315969095.97787565,00000000-0000-0000-0000-000000024507,OTHERS,578.2153591045789,1304.0688794210455,MIA
315969095.97787565,00000000-0000-0000-0000-000000024505,AGENT,570.0395710056757,1248.9726356682213,MIA
315969095.97787565,00000000-0000-0000-0000-000000023985,OTHERS,579.5460945111464,1281.111510985052,MIA
315969096.1153498,00000000-0000-0000-0000-000000000000,AV,576.4592394559314,1273.387147810555,MIA
315969096.1153498,00000000-0000-0000-0000-000000023559,OTHERS,575.7765110354612,1280.979318687925,MIA
315969096.1153498,00000000-0000-0000-0000-000000023942,OTHERS,579.6994128308597,1266.9793930402182,MIA
315969096.1153498,00000000-0000-0000-0000-000000024488,OTHERS,513.7613855011955,1276.440215747525,MIA
315969096.1153498,00000000-0000-0000-0000-000000024399,OTHERS,597.5324265633543,1212.5334051481461,MIA
315969096.1153498,00000000-0000-0000-0000-000000024508,OTHERS,553.4911377066699,1277.833260262382,MIA
315969096.1153498,00000000-0000-0000-0000-000000024542,OTHERS,583.8349729889835,1258.2297655633165,MIA
315969096.1153498,00000000-0000-0000-0000-000000024515,OTHERS,575.2887440774304,1291.3978962505535,MIA
315969096.1153498,00000000-0000-0000-0000-000000024477,OTHERS,580.6812521515294,1262.6862660620945,MIA
315969096.1153498,00000000-0000-0000-0000-000000024538,OTHERS,564.4855271455148,1219.6831344712075,MIA
315969096.1153498,00000000-0000-0000-0000-000000024525,OTHERS,566.2208569923174,1283.0177965845799,MIA
315969096.1153498,00000000-0000-0000-0000-000000024313,OTHERS,577.1149762862709,1261.928325887351,MIA
315969096.1153498,00000000-0000-0000-0000-000000024486,OTHERS,584.3731710453317,1259.9832460012374,MIA
315969096.1153498,00000000-0000-0000-0000-000000024531,OTHERS,583.473980030448,1261.6286916853344,MIA
315969096.1153498,00000000-0000-0000-0000-000000024499,OTHERS,578.4355945791835,1285.2268002240328,MIA
315969096.1153498,00000000-0000-0000-0000-000000024533,OTHERS,585.6124840658057,1266.8377605670469,MIA
315969096.1153498,00000000-0000-0000-0000-000000024469,OTHERS,618.2368268539929,1280.2220427139948,MIA
315969096.1153498,00000000-0000-0000-0000-000000024443,OTHERS,596.8318799651789,1283.5918812165835,MIA
315969096.1153498,00000000-0000-0000-0000-000000024530,OTHERS,583.6268494650707,1365.8095767459556,MIA
315969096.1153498,00000000-0000-0000-0000-000000024535,OTHERS,561.2062986403647,1245.4824331701273,MIA
315969096.1153498,00000000-0000-0000-0000-000000024465,OTHERS,583.4798909163352,1271.3170695380904,MIA
315969096.1153498,00000000-0000-0000-0000-000000024503,OTHERS,612.2712159624978,1284.3144561977838,MIA
315969096.1153498,00000000-0000-0000-0000-000000024457,OTHERS,609.1596650442922,1279.82413792777,MIA
315969096.1153498,00000000-0000-0000-0000-000000024448,OTHERS,597.1266186724172,1280.5279838071988,MIA
315969096.1153498,00000000-0000-0000-0000-000000024439,OTHERS,596.069388292822,1286.7520656112615,MIA
315969096.1153498,00000000-0000-0000-0000-000000024476,OTHERS,607.6963385773721,1284.2140167715688,MIA
315969096.1153498,00000000-0000-0000-0000-000000024307,OTHERS,580.1507410413377,1260.4115692387136,MIA
315969096.1153498,00000000-0000-0000-0000-000000024433,OTHERS,585.0875155920568,1258.313068041272,MIA
315969096.1153498,00000000-0000-0000-0000-000000024492,OTHERS,582.1893991523792,1252.5724340139466,MIA
315969096.1153498,00000000-0000-0000-0000-000000024495,OTHERS,578.4381052728578,1239.8438497686138,MIA
315969096.1153498,00000000-0000-0000-0000-000000024409,OTHERS,579.5199720458443,1272.7477502033082,MIA
315969096.1153498,00000000-0000-0000-0000-000000024510,OTHERS,584.5397719824616,1256.6518377488228,MIA
315969096.1153498,00000000-0000-0000-0000-000000024447,OTHERS,594.8442716023209,1279.8756527845833,MIA
315969096.1153498,00000000-0000-0000-0000-000000024453,OTHERS,602.7670486964511,1279.8984741390734,MIA
315969096.1153498,00000000-0000-0000-0000-000000024507,OTHERS,578.1864139055034,1303.8091148529145,MIA
315969096.1153498,00000000-0000-0000-0000-000000024505,AGENT,570.2867432610436,1249.0274559589418,MIA
315969096.1153498,00000000-0000-0000-0000-000000023985,OTHERS,579.5432732918133,1280.9743476918898,MIA
315969096.2359487,00000000-0000-0000-0000-000000000000,AV,576.4592821827898,1273.3872030341813,MIA
315969096.2359487,00000000-0000-0000-0000-000000023942,OTHERS,579.8841822063838,1266.6915837971194,MIA
315969096.2359487,00000000-0000-0000-0000-000000023985,OTHERS,579.5426811150088,1280.9037801263198,MIA
315969096.2359487,00000000-0000-0000-0000-000000024507,OTHERS,578.2128673976371,1303.4126575868656,MIA
315969096.2359487,00000000-0000-0000-0000-000000024447,OTHERS,594.8546987691687,1279.881525797814,MIA
315969096.2359487,00000000-0000-0000-0000-000000024510,OTHERS,584.51160284401,1256.6150390250818,MIA
315969096.2359487,00000000-0000-0000-0000-000000024495,OTHERS,578.6993458483722,1239.6816618814712,MIA
315969096.2359487,00000000-0000-0000-0000-000000024492,OTHERS,582.11447194372,1252.6854918052518,MIA
315969096.2359487,00000000-0000-0000-0000-000000024433,OTHERS,585.0875155920568,1258.313068041272,MIA
315969096.2359487,00000000-0000-0000-0000-000000024307,OTHERS,580.2088700859657,1260.616350297711,MIA
315969096.2359487,00000000-0000-0000-0000-000000024476,OTHERS,607.7004545639012,1284.120019537135,MIA
315969096.2359487,00000000-0000-0000-0000-000000024448,OTHERS,597.2418039005943,1280.3755420312284,MIA
315969096.2359487,00000000-0000-0000-0000-000000024457,OTHERS,609.1423080421583,1279.8088741878316,MIA
315969096.2359487,00000000-0000-0000-0000-000000024525,OTHERS,565.6562553829441,1282.8724610886304,MIA
315969096.2359487,00000000-0000-0000-0000-000000024505,AGENT,570.2322960160827,1248.927133960818,MIA
315969096.2359487,00000000-0000-0000-0000-000000024477,OTHERS,580.7613769277052,1262.508799149107,MIA
315969096.2359487,00000000-0000-0000-0000-000000024503,OTHERS,612.2712159624978,1284.3144561977838,MIA
315969096.2359487,00000000-0000-0000-0000-000000024453,OTHERS,602.6258486278849,1279.8932136646265,MIA
315969096.2359487,00000000-0000-0000-0000-000000024533,OTHERS,585.4842110286447,1267.2656272849513,MIA
315969096.2359487,00000000-0000-0000-0000-000000024515,OTHERS,575.2056141281996,1290.847162329645,MIA
315969096.2359487,00000000-0000-0000-0000-000000024465,OTHERS,583.4711191382787,1271.306744860415,MIA
315969096.2359487,00000000-0000-0000-0000-000000024531,OTHERS,583.4299707089089,1261.6376448937824,MIA
315969096.2359487,00000000-0000-0000-0000-000000024544,OTHERS,575.3740711981463,1306.158196650865,MIA
315969096.2359487,00000000-0000-0000-0000-000000024313,OTHERS,577.1010733262996,1261.9084121727785,MIA
315969096.2359487,00000000-0000-0000-0000-000000024535,OTHERS,561.6234620432507,1245.4257361547925,MIA
315969096.2359487,00000000-0000-0000-0000-000000024409,OTHERS,579.522280658789,1272.74479608734,MIA
315969096.2359487,00000000-0000-0000-0000-000000024443,OTHERS,596.8241817938606,1283.607542462991,MIA
315969096.2359487,00000000-0000-0000-0000-000000024469,OTHERS,618.3182363416074,1279.9804994485448,MIA
315969096.2359487,00000000-0000-0000-0000-000000024542,OTHERS,583.848353890971,1258.2171746963136,MIA
315969096.2359487,00000000-0000-0000-0000-000000024508,OTHERS,552.8053163599467,1277.749394661364,MIA
315969096.2359487,00000000-0000-0000-0000-000000024499,OTHERS,578.4565721156698,1285.110535751156,MIA
315969096.2359487,00000000-0000-0000-0000-000000024399,OTHERS,597.6050246787746,1212.6033888992833,MIA
315969096.2359487,00000000-0000-0000-0000-000000024439,OTHERS,596.0936298486135,1286.757084216996,MIA
315969096.2359487,00000000-0000-0000-0000-000000024488,OTHERS,513.2413273435727,1276.3762149107706,MIA
315969096.2359487,00000000-0000-0000-0000-000000023559,OTHERS,575.7737619126485,1281.0055901545254,MIA
315969096.2359487,00000000-0000-0000-0000-000000024486,OTHERS,584.4104443323554,1259.9814329583314,MIA
315969096.35612166,00000000-0000-0000-0000-000000000000,AV,576.4594732833053,1273.3875516528205,MIA
315969096.35612166,00000000-0000-0000-0000-000000023942,OTHERS,579.8824189345862,1266.7058596539187,MIA
315969096.35612166,00000000-0000-0000-0000-000000023985,OTHERS,579.5457753638996,1280.6411045975162,MIA
315969096.35612166,00000000-0000-0000-0000-000000024507,OTHERS,578.2352015245557,1303.0440441863448,MIA
315969096.35612166,00000000-0000-0000-0000-000000024447,OTHERS,595.167372398632,1279.6985503983585,MIA
315969096.35612166,00000000-0000-0000-0000-000000024510,OTHERS,584.5006731310694,1256.5817563519415,MIA
315969096.35612166,00000000-0000-0000-0000-000000024495,OTHERS,578.487234968068,1239.773950939782,MIA
315969096.35612166,00000000-0000-0000-0000-000000024492,OTHERS,582.3866934524575,1252.7104660296775,MIA
315969096.35612166,00000000-0000-0000-0000-000000024433,OTHERS,585.0875155920568,1258.313068041272,MIA
315969096.35612166,00000000-0000-0000-0000-000000024307,OTHERS,580.2189693473229,1260.6037293057311,MIA
315969096.35612166,00000000-0000-0000-0000-000000024476,OTHERS,607.7120984549706,1284.136915939127,MIA
315969096.35612166,00000000-0000-0000-0000-000000024409,OTHERS,579.5173028324963,1272.7419725678235,MIA
315969096.35612166,00000000-0000-0000-0000-000000024443,OTHERS,596.8680813685199,1283.6154630745082,MIA
315969096.35612166,00000000-0000-0000-0000-000000024448,OTHERS,596.3196432507327,1280.2619399043058,MIA
315969096.35612166,00000000-0000-0000-0000-000000024525,OTHERS,565.1009186372418,1282.712409863602,MIA
315969096.35612166,00000000-0000-0000-0000-000000024505,AGENT,570.3928909139237,1248.928968472207,MIA
315969096.35612166,00000000-0000-0000-0000-000000024477,OTHERS,580.6684187050852,1262.7091500024155,MIA
315969096.35612166,00000000-0000-0000-0000-000000024503,OTHERS,612.3231029780268,1284.3330149751548,MIA
315969096.35612166,00000000-0000-0000-0000-000000024515,OTHERS,575.0732501210845,1290.4084202302065,MIA
315969096.35612166,00000000-0000-0000-0000-000000024465,OTHERS,583.4807272163085,1271.3315540090316,MIA
315969096.35612166,00000000-0000-0000-0000-000000024531,OTHERS,583.4555492660522,1261.635524554439,MIA
315969096.35612166,00000000-0000-0000-0000-000000024544,OTHERS,575.3684548148414,1305.3154354425646,MIA
315969096.35612166,00000000-0000-0000-0000-000000024313,OTHERS,577.1165997185151,1261.9401488985716,MIA
315969096.35612166,00000000-0000-0000-0000-000000024535,OTHERS,562.0589678214517,1245.4228068667394,MIA
315969096.35612166,00000000-0000-0000-0000-000000024453,OTHERS,602.8615278377953,1279.913309053587,MIA
315969096.35612166,00000000-0000-0000-0000-000000024533,OTHERS,585.5993898962955,1267.4382411375987,MIA
315969096.35612166,00000000-0000-0000-0000-000000024508,OTHERS,552.1351563721647,1277.6545854219778,MIA
315969096.35612166,00000000-0000-0000-0000-000000024542,OTHERS,583.8626399478572,1258.2176608486466,MIA
315969096.35612166,00000000-0000-0000-0000-000000024499,OTHERS,578.4643070013244,1285.0601409346186,MIA
315969096.35612166,00000000-0000-0000-0000-000000024399,OTHERS,597.6306834110628,1212.636346955498,MIA
315969096.35612166,00000000-0000-0000-0000-000000024439,OTHERS,596.0555779960196,1286.7582377542265,MIA
315969096.35612166,00000000-0000-0000-0000-000000024488,OTHERS,512.7625022134803,1276.499260578704,MIA
315969096.35612166,00000000-0000-0000-0000-000000024457,OTHERS,609.0899507962002,1279.8091804385085,MIA
315969096.35612166,00000000-0000-0000-0000-000000023559,OTHERS,575.7765051863255,1280.9925280013385,MIA
315969096.35612166,00000000-0000-0000-0000-000000024486,OTHERS,584.2801022482879,1259.9609658201773,MIA
315969096.35612166,00000000-0000-0000-0000-000000024469,OTHERS,618.4899756321325,1280.141871757202,MIA
315969096.4820252,00000000-0000-0000-0000-000000000000,AV,576.4594143785529,1273.3873312509045,MIA
315969096.4820252,00000000-0000-0000-0000-000000023942,OTHERS,579.8673083744187,1266.6708535203074,MIA
315969096.4820252,00000000-0000-0000-0000-000000023985,OTHERS,579.5455666325117,1280.4281527536527,MIA
315969096.4820252,00000000-0000-0000-0000-000000024507,OTHERS,578.2365922955054,1302.3178465514093,MIA
315969096.4820252,00000000-0000-0000-0000-000000024447,OTHERS,594.7866956904876,1279.9137096559145,MIA
315969096.4820252,00000000-0000-0000-0000-000000024510,OTHERS,584.512069885983,1256.6020348245165,MIA
315969096.4820252,00000000-0000-0000-0000-000000024495,OTHERS,579.6292385722834,1238.3742387690359,MIA
315969096.4820252,00000000-0000-0000-0000-000000024492,OTHERS,582.7213397659502,1252.9193317117895,MIA
315969096.4820252,00000000-0000-0000-0000-000000024433,OTHERS,583.8762217721178,1258.1293649674449,MIA
315969096.4820252,00000000-0000-0000-0000-000000024307,OTHERS,580.1324002892379,1260.4568679079268,MIA
315969096.4820252,00000000-0000-0000-0000-000000024476,OTHERS,607.6971517749738,1284.1642328428572,MIA
315969096.4820252,00000000-0000-0000-0000-000000024409,OTHERS,579.5175323092742,1272.7333796860605,MIA
315969096.4820252,00000000-0000-0000-0000-000000024443,OTHERS,596.8251961737453,1283.6271422927118,MIA
315969096.4820252,00000000-0000-0000-0000-000000024448,OTHERS,597.0987598338862,1280.5146805206489,MIA
315969096.4820252,00000000-0000-0000-0000-000000024525,OTHERS,563.884891982726,1282.5242514701972,MIA
315969096.4820252,00000000-0000-0000-0000-000000024505,AGENT,570.7372434765696,1249.1219693456992,MIA
315969096.4820252,00000000-0000-0000-0000-000000024477,OTHERS,580.6656091537852,1262.6419859078285,MIA
315969096.4820252,00000000-0000-0000-0000-000000024503,OTHERS,612.3000747122321,1284.338400676421,MIA
315969096.4820252,00000000-0000-0000-0000-000000024515,OTHERS,574.2091748737723,1288.7330544612225,MIA
315969096.4820252,00000000-0000-0000-0000-000000024465,OTHERS,583.4750930788705,1271.3221078579836,MIA
315969096.4820252,00000000-0000-0000-0000-000000024531,OTHERS,583.4835985683021,1261.575769505122,MIA
315969096.4820252,00000000-0000-0000-0000-000000024544,OTHERS,575.5000832924601,1303.6652909438671,MIA
315969096.4820252,00000000-0000-0000-0000-000000024313,OTHERS,577.1150013191049,1262.0486073024672,MIA
315969096.4820252,00000000-0000-0000-0000-000000024535,OTHERS,562.3535895755979,1245.5418548986788,MIA
315969096.4820252,00000000-0000-0000-0000-000000024453,OTHERS,602.7830199819598,1279.8799207045968,MIA
315969096.4820252,00000000-0000-0000-0000-000000024533,OTHERS,585.867410107861,1267.9803542435886,MIA
315969096.4820252,00000000-0000-0000-0000-000000024508,OTHERS,550.8079703018673,1277.3113067613447,MIA
315969096.4820252,00000000-0000-0000-0000-000000024542,OTHERS,583.8522746957533,1258.2327991046975,MIA
315969096.4820252,00000000-0000-0000-0000-000000024499,OTHERS,578.4592319360654,1284.8856475470293,MIA
315969096.4820252,00000000-0000-0000-0000-000000024399,OTHERS,597.6330404751664,1212.6740816192396,MIA
315969096.4820252,00000000-0000-0000-0000-000000024439,OTHERS,596.0846805061333,1286.7796757745284,MIA
315969096.4820252,00000000-0000-0000-0000-000000024488,OTHERS,511.9918995971379,1276.5058233082766,MIA
315969096.4820252,00000000-0000-0000-0000-000000024457,OTHERS,609.0937146349243,1279.8223443243533,MIA
315969096.4820252,00000000-0000-0000-0000-000000023559,OTHERS,575.7817934937401,1280.9900112773164,MIA
315969096.4820252,00000000-0000-0000-0000-000000024486,OTHERS,584.2645957308392,1260.052177439212,MIA
315969096.4820252,00000000-0000-0000-0000-000000024469,OTHERS,618.3896365619908,1280.0581077737402,MIA
315969096.6066053,00000000-0000-0000-0000-000000000000,AV,576.4594273592301,1273.3876970545002,MIA
315969096.6066053,00000000-0000-0000-0000-000000023559,OTHERS,575.7792822282607,1280.9927104926198,MIA
315969096.6066053,00000000-0000-0000-0000-000000024469,OTHERS,618.4542198206794,1280.104250524302,MIA
315969096.6066053,00000000-0000-0000-0000-000000024486,OTHERS,584.3020810716192,1259.9605880252482,MIA
315969096.6066053,00000000-0000-0000-0000-000000024488,OTHERS,511.46479404879176,1276.4945545985413,MIA
315969096.6066053,00000000-0000-0000-0000-000000024399,OTHERS,597.5885849571856,1212.6134738900466,MIA
315969096.6066053,00000000-0000-0000-0000-000000024508,OTHERS,550.2347166839073,1277.4360058047098,MIA
315969096.6066053,00000000-0000-0000-0000-000000024542,OTHERS,583.8864916799673,1258.1323629635567,MIA
315969096.6066053,00000000-0000-0000-0000-000000024313,OTHERS,577.1020127267548,1261.9232593264942,MIA
315969096.6066053,00000000-0000-0000-0000-000000024544,OTHERS,575.4560273173016,1303.0536278595744,MIA
315969096.6066053,00000000-0000-0000-0000-000000024531,OTHERS,583.4405810812274,1261.6560854580102,MIA
315969096.6066053,00000000-0000-0000-0000-000000024535,OTHERS,562.5925235298498,1245.4419653564073,MIA
315969096.6066053,00000000-0000-0000-0000-000000024465,OTHERS,583.4522320101385,1271.3216130170265,MIA
315969096.6066053,00000000-0000-0000-0000-000000024515,OTHERS,574.1251763739723,1288.4415895318455,MIA
315969096.6066053,00000000-0000-0000-0000-000000024477,OTHERS,580.6735903075952,1262.3435666810856,MIA
315969096.6066053,00000000-0000-0000-0000-000000024525,OTHERS,563.2127417431158,1282.37103188642,MIA
315969096.6066053,00000000-0000-0000-0000-000000024499,OTHERS,578.4717106101158,1284.764374571073,MIA
315969096.6066053,00000000-0000-0000-0000-000000024533,OTHERS,585.954746923787,1268.6011209089822,MIA
315969096.6066053,00000000-0000-0000-0000-000000024503,OTHERS,612.3000747122321,1284.338400676421,MIA
315969096.6066053,00000000-0000-0000-0000-000000024457,OTHERS,608.9792948179672,1279.8009257556328,MIA
315969096.6066053,00000000-0000-0000-0000-000000024448,OTHERS,597.0711405493711,1280.5162354095712,MIA
315969096.6066053,00000000-0000-0000-0000-000000024443,OTHERS,596.8318171676798,1283.6170041648452,MIA
315969096.6066053,00000000-0000-0000-0000-000000024439,OTHERS,596.0627975468421,1286.771272027606,MIA
315969096.6066053,00000000-0000-0000-0000-000000024476,OTHERS,607.7147597039952,1284.1692709341153,MIA
315969096.6066053,00000000-0000-0000-0000-000000024307,OTHERS,580.2080772634292,1260.5886512665895,MIA
315969096.6066053,00000000-0000-0000-0000-000000024433,OTHERS,585.1035715114112,1258.3052259141275,MIA
315969096.6066053,00000000-0000-0000-0000-000000024492,OTHERS,582.7319025354883,1252.9357722477714,MIA
315969096.6066053,00000000-0000-0000-0000-000000024495,OTHERS,579.6683906370016,1238.2225914550038,MIA
315969096.6066053,00000000-0000-0000-0000-000000024409,OTHERS,579.5148488771955,1272.754296644449,MIA
315969096.6066053,00000000-0000-0000-0000-000000024510,OTHERS,584.5791769776515,1255.861550372193,MIA
315969096.6066053,00000000-0000-0000-0000-000000024447,OTHERS,594.968000967864,1279.8709000131787,MIA
315969096.6066053,00000000-0000-0000-0000-000000024453,OTHERS,602.6402079079506,1279.961429853745,MIA
315969096.6066053,00000000-0000-0000-0000-000000024507,OTHERS,578.2526791750881,1301.9231523014835,MIA
315969096.6066053,00000000-0000-0000-0000-000000024505,AGENT,570.9676834453883,1249.138548205777,MIA
315969096.6066053,00000000-0000-0000-0000-000000023985,OTHERS,579.55151875908,1280.3705235665993,MIA
315969096.6066053,00000000-0000-0000-0000-000000023942,OTHERS,579.871791436926,1266.7046846725987,MIA
315969096.72734016,00000000-0000-0000-0000-000000000000,AV,576.4598395734444,1273.3875150137421,MIA
315969096.72734016,00000000-0000-0000-0000-000000023559,OTHERS,575.7732510817608,1280.9824561023304,MIA
315969096.72734016,00000000-0000-0000-0000-000000024469,OTHERS,618.4456357875844,1280.0855837154095,MIA
315969096.72734016,00000000-0000-0000-0000-000000024546,OTHERS,660.8050877940509,1285.6611443572458,MIA
315969096.72734016,00000000-0000-0000-0000-000000024486,OTHERS,584.02023718338,1260.0249639314861,MIA
315969096.72734016,00000000-0000-0000-0000-000000024488,OTHERS,511.11042080729567,1276.5494184778074,MIA
315969096.72734016,00000000-0000-0000-0000-000000024399,OTHERS,597.5565647653987,1212.5838562891136,MIA
315969096.72734016,00000000-0000-0000-0000-000000024508,OTHERS,549.3887301327418,1277.5773729014122,MIA
315969096.72734016,00000000-0000-0000-0000-000000024542,OTHERS,583.8069815695129,1258.202292253891,MIA
315969096.72734016,00000000-0000-0000-0000-000000024515,OTHERS,573.9706422435332,1287.9077583852106,MIA
315969096.72734016,00000000-0000-0000-0000-000000024477,OTHERS,580.6714328604172,1262.6912727516285,MIA
315969096.72734016,00000000-0000-0000-0000-000000024525,OTHERS,562.5195060176014,1282.361509185,MIA
315969096.72734016,00000000-0000-0000-0000-000000024465,OTHERS,583.5510674116754,1271.3291023297204,MIA
315969096.72734016,00000000-0000-0000-0000-000000024535,OTHERS,562.7642482274988,1245.5561463344318,MIA
315969096.72734016,00000000-0000-0000-0000-000000024313,OTHERS,577.1308755879288,1261.9652100957649,MIA
315969096.72734016,00000000-0000-0000-0000-000000024544,OTHERS,575.1987947024046,1301.9797505785864,MIA
315969096.72734016,00000000-0000-0000-0000-000000024531,OTHERS,583.3445941363514,1261.6460119214667,MIA
315969096.72734016,00000000-0000-0000-0000-000000024499,OTHERS,578.4717243270361,1284.697780718101,MIA
315969096.72734016,00000000-0000-0000-0000-000000024533,OTHERS,586.2627315261334,1269.3733136358753,MIA
315969096.72734016,00000000-0000-0000-0000-000000024503,OTHERS,612.2860911933253,1284.31935190781,MIA
315969096.72734016,00000000-0000-0000-0000-000000024457,OTHERS,609.0546298933461,1279.8328746227962,MIA
315969096.72734016,00000000-0000-0000-0000-000000024448,OTHERS,596.5642902979628,1280.0335731272705,MIA
315969096.72734016,00000000-0000-0000-0000-000000024443,OTHERS,596.8358278628184,1283.5920865017365,MIA
315969096.72734016,00000000-0000-0000-0000-000000024439,OTHERS,596.0676910993684,1286.7731065126077,MIA
315969096.72734016,00000000-0000-0000-0000-000000024476,OTHERS,607.7589294797177,1284.2673659461366,MIA
315969096.72734016,00000000-0000-0000-0000-000000024307,OTHERS,580.2533048119578,1260.5333138396886,MIA
315969096.72734016,00000000-0000-0000-0000-000000024433,OTHERS,585.1040247126394,1258.3019814317736,MIA
315969096.72734016,00000000-0000-0000-0000-000000024492,OTHERS,582.8687513031844,1253.0689641970146,MIA
315969096.72734016,00000000-0000-0000-0000-000000024495,OTHERS,579.8041162939886,1238.061982212653,MIA
315969096.72734016,00000000-0000-0000-0000-000000024409,OTHERS,579.5248550531421,1272.7421957746913,MIA
315969096.72734016,00000000-0000-0000-0000-000000024510,OTHERS,584.533435550529,1256.614783281358,MIA
315969096.72734016,00000000-0000-0000-0000-000000024447,OTHERS,594.5303021031003,1279.7155062352238,MIA
315969096.72734016,00000000-0000-0000-0000-000000024453,OTHERS,602.7505179101437,1279.8864498554753,MIA
315969096.72734016,00000000-0000-0000-0000-000000024507,OTHERS,578.2520158226388,1301.6096629141134,MIA
315969096.72734016,00000000-0000-0000-0000-000000024505,AGENT,570.9919728764143,1248.9520611035675,MIA
315969096.72734016,00000000-0000-0000-0000-000000023985,OTHERS,579.5493532264608,1280.27367839639,MIA
315969096.72734016,00000000-0000-0000-0000-000000023942,OTHERS,579.8821933222315,1266.7092735189494,MIA
315969096.84645355,00000000-0000-0000-0000-000000000000,AV,576.46019752498,1273.3874477077225,MIA
315969096.84645355,00000000-0000-0000-0000-000000023559,OTHERS,575.7788405691682,1280.9951179726104,MIA
315969096.84645355,00000000-0000-0000-0000-000000024469,OTHERS,618.2646478120475,1280.213939580658,MIA
315969096.84645355,00000000-0000-0000-0000-000000024546,OTHERS,660.8050877940509,1285.6611443572458,MIA
315969096.84645355,00000000-0000-0000-0000-000000024486,OTHERS,584.1164803447368,1259.9850703183772,MIA
315969096.84645355,00000000-0000-0000-0000-000000024488,OTHERS,510.559037803678,1276.529223940623,MIA
315969096.84645355,00000000-0000-0000-0000-000000024399,OTHERS,597.5583773767311,1212.6800635084148,MIA
315969096.84645355,00000000-0000-0000-0000-000000024508,OTHERS,548.6004628308606,1277.7055116576912,MIA
315969096.84645355,00000000-0000-0000-0000-000000024542,OTHERS,583.9255644335336,1258.2227848967275,MIA
315969096.84645355,00000000-0000-0000-0000-000000024515,OTHERS,573.7929082941104,1287.4427612309075,MIA
315969096.84645355,00000000-0000-0000-0000-000000024477,OTHERS,580.5588138409365,1262.3598876000058,MIA
315969096.84645355,00000000-0000-0000-0000-000000024525,OTHERS,561.7291560447665,1282.252663844366,MIA
315969096.84645355,00000000-0000-0000-0000-000000024547,OTHERS,576.8953261724456,1316.402659447784,MIA
315969096.84645355,00000000-0000-0000-0000-000000024465,OTHERS,583.4625981235098,1271.3213450887615,MIA
315969096.84645355,00000000-0000-0000-0000-000000024535,OTHERS,563.0106639537236,1245.533839948718,MIA
315969096.84645355,00000000-0000-0000-0000-000000024313,OTHERS,577.1178823746519,1261.9434572870066,MIA
315969096.84645355,00000000-0000-0000-0000-000000024544,OTHERS,575.3158092607866,1301.8396318919295,MIA
315969096.84645355,00000000-0000-0000-0000-000000024531,OTHERS,583.4338195384688,1261.6238677999722,MIA
315969096.84645355,00000000-0000-0000-0000-000000024499,OTHERS,578.4579091505733,1284.605564470226,MIA
315969096.84645355,00000000-0000-0000-0000-000000024533,OTHERS,586.3276025428743,1269.8884103808327,MIA
315969096.84645355,00000000-0000-0000-0000-000000024503,OTHERS,612.3470200524005,1284.3829158907865,MIA
315969096.84645355,00000000-0000-0000-0000-000000024457,OTHERS,608.9411350706117,1279.8152624404515,MIA
315969096.84645355,00000000-0000-0000-0000-000000024448,OTHERS,597.1044889863267,1280.524300180171,MIA
315969096.84645355,00000000-0000-0000-0000-000000024443,OTHERS,596.8240294175814,1283.6447140639655,MIA
315969096.84645355,00000000-0000-0000-0000-000000024439,OTHERS,596.0584493503254,1286.7613612862676,MIA
315969096.84645355,00000000-0000-0000-0000-000000024476,OTHERS,607.7465281873548,1284.1624225783949,MIA
315969096.84645355,00000000-0000-0000-0000-000000024307,OTHERS,580.2650188924023,1260.735120621007,MIA
315969096.84645355,00000000-0000-0000-0000-000000024433,OTHERS,585.0901255778763,1258.320558545542,MIA
315969096.84645355,00000000-0000-0000-0000-000000024492,OTHERS,583.3021315104282,1253.134601587506,MIA
315969096.84645355,00000000-0000-0000-0000-000000024495,OTHERS,579.7680022562747,1238.0003024271014,MIA
315969096.84645355,00000000-0000-0000-0000-000000024409,OTHERS,579.5214524107332,1272.7431498725198,MIA
315969096.84645355,00000000-0000-0000-0000-000000024510,OTHERS,584.5109314941743,1256.584078708149,MIA
315969096.84645355,00000000-0000-0000-0000-000000024447,OTHERS,594.7613936836821,1279.9265724975846,MIA
315969096.84645355,00000000-0000-0000-0000-000000024453,OTHERS,602.832965211122,1279.9117722773258,MIA
315969096.84645355,00000000-0000-0000-0000-000000024507,OTHERS,578.2810343504408,1301.2480676368602,MIA
315969096.84645355,00000000-0000-0000-0000-000000024505,AGENT,571.1415200427789,1248.93609455409,MIA
315969096.84645355,00000000-0000-0000-0000-000000023985,OTHERS,579.5480700344577,1280.1661988180106,MIA
315969096.84645355,00000000-0000-0000-0000-000000023942,OTHERS,579.8754809462238,1266.6662772010898,MIA
315969096.9759614,00000000-0000-0000-0000-000000000000,AV,576.4604653833012,1273.387966043681,MIA
315969096.9759614,00000000-0000-0000-0000-000000023559,OTHERS,575.777039562815,1280.9976225975738,MIA
315969096.9759614,00000000-0000-0000-0000-000000023942,OTHERS,579.8762518283519,1266.6843342863147,MIA
315969096.9759614,00000000-0000-0000-0000-000000024469,OTHERS,618.3734297826749,1280.082699135497,MIA
315969096.9759614,00000000-0000-0000-0000-000000024546,OTHERS,660.8050877940509,1285.6611443572458,MIA
315969096.9759614,00000000-0000-0000-0000-000000024486,OTHERS,584.3409086047795,1260.0269080003052,MIA
315969096.9759614,00000000-0000-0000-0000-000000024488,OTHERS,510.11686593227967,1276.5738490611584,MIA
315969096.9759614,00000000-0000-0000-0000-000000024399,OTHERS,597.6151808687456,1212.638094881451,MIA
315969096.9759614,00000000-0000-0000-0000-000000024508,OTHERS,547.8521988703757,1277.7777552157268,MIA
315969096.9759614,00000000-0000-0000-0000-000000024542,OTHERS,583.8056216015651,1258.1938174612214,MIA
315969096.9759614,00000000-0000-0000-0000-000000024477,OTHERS,580.6800343109155,1262.6297793220158,MIA
315969096.9759614,00000000-0000-0000-0000-000000024525,OTHERS,560.9589199927481,1282.1784664344411,MIA
315969096.9759614,00000000-0000-0000-0000-000000024547,OTHERS,576.7899767275798,1315.4363580539725,MIA
315969096.9759614,00000000-0000-0000-0000-000000024515,OTHERS,573.5806912088867,1287.007938318496,MIA
315969096.9759614,00000000-0000-0000-0000-000000024313,OTHERS,577.0997165349346,1261.9158252329144,MIA
315969096.9759614,00000000-0000-0000-0000-000000024544,OTHERS,575.2953644820567,1301.2834307629032,MIA
315969096.9759614,00000000-0000-0000-0000-000000024531,OTHERS,583.4656489159772,1261.6194643984038,MIA
315969096.9759614,00000000-0000-0000-0000-000000024499,OTHERS,578.4797086848163,1284.5616319568644,MIA
315969096.9759614,00000000-0000-0000-0000-000000024533,OTHERS,586.3377314392792,1270.0953228367075,MIA
315969096.9759614,00000000-0000-0000-0000-000000024535,OTHERS,564.2614272264527,1245.376969699025,MIA
315969096.9759614,00000000-0000-0000-0000-000000024465,OTHERS,583.45973826649,1271.2982999572514,MIA
315969096.9759614,00000000-0000-0000-0000-000000024503,OTHERS,612.2913419218112,1284.4169601129674,MIA
315969096.9759614,00000000-0000-0000-0000-000000024457,OTHERS,609.2285307954285,1279.8395943066698,MIA
315969096.9759614,00000000-0000-0000-0000-000000024448,OTHERS,596.3180716315388,1280.1445525234615,MIA
315969096.9759614,00000000-0000-0000-0000-000000024443,OTHERS,596.8660444586088,1283.6107928472445,MIA
315969096.9759614,00000000-0000-0000-0000-000000024439,OTHERS,596.0700983385434,1286.7647840309064,MIA
315969096.9759614,00000000-0000-0000-0000-000000024476,OTHERS,607.7373219281201,1284.1350740375487,MIA
315969096.9759614,00000000-0000-0000-0000-000000024307,OTHERS,580.21652672597,1260.6060761088609,MIA
315969096.9759614,00000000-0000-0000-0000-000000024433,OTHERS,585.0901255778763,1258.320558545542,MIA
315969096.9759614,00000000-0000-0000-0000-000000024492,OTHERS,583.1087915234245,1253.2085944963185,MIA
315969096.9759614,00000000-0000-0000-0000-000000024495,OTHERS,579.8699136599993,1237.8372813445924,MIA
315969096.9759614,00000000-0000-0000-0000-000000024409,OTHERS,579.5160019300071,1272.7412203672188,MIA
315969096.9759614,00000000-0000-0000-0000-000000024510,OTHERS,584.510709268249,1256.6175567268338,MIA
315969096.9759614,00000000-0000-0000-0000-000000024447,OTHERS,594.4650345422798,1279.7630651362128,MIA
315969096.9759614,00000000-0000-0000-0000-000000024453,OTHERS,602.6583551612129,1279.9560208061546,MIA
315969096.9759614,00000000-0000-0000-0000-000000024507,OTHERS,578.2702383870608,1300.938526070945,MIA
315969096.9759614,00000000-0000-0000-0000-000000024505,AGENT,571.2762573573202,1248.969665879656,MIA
315969096.9759614,00000000-0000-0000-0000-000000023985,OTHERS,579.5664094211969,1280.3032935955155,MIA
315969097.1181775,00000000-0000-0000-0000-000000000000,AV,576.4602688564332,1273.3877411091462,MIA
315969097.1181775,00000000-0000-0000-0000-000000023559,OTHERS,575.7506661469422,1281.0202053053888,MIA
315969097.1181775,00000000-0000-0000-0000-000000024469,OTHERS,618.2452658954928,1280.148677791403,MIA
315969097.1181775,00000000-0000-0000-0000-000000024486,OTHERS,584.3525132739798,1259.961387311538,MIA
315969097.1181775,00000000-0000-0000-0000-000000024488,OTHERS,509.1879586805657,1276.6246417015836,MIA
315969097.1181775,00000000-0000-0000-0000-000000024399,OTHERS,597.5668485014545,1212.5286901475824,MIA
315969097.1181775,00000000-0000-0000-0000-000000024508,OTHERS,546.3340678687925,1277.940520716498,MIA
315969097.1181775,00000000-0000-0000-0000-000000024542,OTHERS,583.8071553426065,1258.2252563373822,MIA
315969097.1181775,00000000-0000-0000-0000-000000024515,OTHERS,573.0077268723228,1286.1449341698444,MIA
315969097.1181775,00000000-0000-0000-0000-000000024477,OTHERS,580.6928000786949,1262.600600142792,MIA
315969097.1181775,00000000-0000-0000-0000-000000024547,OTHERS,576.4768634401005,1313.514585881253,MIA
315969097.1181775,00000000-0000-0000-0000-000000024525,OTHERS,559.8778883704596,1282.1139259209262,MIA
315969097.1181775,00000000-0000-0000-0000-000000024465,OTHERS,583.4647263420733,1271.3117647560036,MIA
315969097.1181775,00000000-0000-0000-0000-000000024535,OTHERS,565.0078646621241,1245.3376660126696,MIA
315969097.1181775,00000000-0000-0000-0000-000000024313,OTHERS,577.1171153180809,1261.93002851933,MIA
315969097.1181775,00000000-0000-0000-0000-000000024544,OTHERS,575.5871163808786,1299.9125213485006,MIA
315969097.1181775,00000000-0000-0000-0000-000000024531,OTHERS,583.4599269908035,1261.6264759981732,MIA
315969097.1181775,00000000-0000-0000-0000-000000024499,OTHERS,578.4833788037832,1284.4128973621953,MIA
315969097.1181775,00000000-0000-0000-0000-000000024533,OTHERS,586.2480010799362,1270.370290907361,MIA
315969097.1181775,00000000-0000-0000-0000-000000024503,OTHERS,612.2619037282403,1284.3413925061952,MIA
315969097.1181775,00000000-0000-0000-0000-000000024457,OTHERS,609.2604527947965,1279.7770552753682,MIA
315969097.1181775,00000000-0000-0000-0000-000000024448,OTHERS,597.1551169433494,1280.5055702130185,MIA
315969097.1181775,00000000-0000-0000-0000-000000024443,OTHERS,596.8251007661952,1283.6140126087635,MIA
315969097.1181775,00000000-0000-0000-0000-000000024439,OTHERS,596.1178360927431,1286.7882782068962,MIA
315969097.1181775,00000000-0000-0000-0000-000000024476,OTHERS,607.70066038528,1284.1140461260788,MIA
315969097.1181775,00000000-0000-0000-0000-000000024307,OTHERS,580.2332440112405,1260.5720475703372,MIA
315969097.1181775,00000000-0000-0000-0000-000000024433,OTHERS,585.0676439209212,1258.2797390824671,MIA
315969097.1181775,00000000-0000-0000-0000-000000024492,OTHERS,583.6382077102572,1253.4702460498213,MIA
315969097.1181775,00000000-0000-0000-0000-000000024495,OTHERS,579.9067175641736,1237.7638050329006,MIA
315969097.1181775,00000000-0000-0000-0000-000000024409,OTHERS,579.5235619953422,1272.7413068152666,MIA
315969097.1181775,00000000-0000-0000-0000-000000024510,OTHERS,584.4759727539392,1256.5762704618194,MIA
315969097.1181775,00000000-0000-0000-0000-000000024447,OTHERS,595.2937648168219,1279.8160398593132,MIA
315969097.1181775,00000000-0000-0000-0000-000000024453,OTHERS,602.6847784861793,1279.8971027554026,MIA
315969097.1181775,00000000-0000-0000-0000-000000024507,OTHERS,578.3457228410771,1300.3658801792844,MIA
315969097.1181775,00000000-0000-0000-0000-000000024505,AGENT,571.6488808840012,1248.9984995549828,MIA
315969097.1181775,00000000-0000-0000-0000-000000023985,OTHERS,579.5890177231205,1280.1948360378913,MIA
315969097.1181775,00000000-0000-0000-0000-000000023942,OTHERS,579.8802417096176,1266.679437016524,MIA
315969097.24347305,00000000-0000-0000-0000-000000000000,AV,576.4603400043313,1273.3881329076805,MIA
315969097.24347305,00000000-0000-0000-0000-000000023559,OTHERS,575.7774579106211,1280.9841978703325,MIA
315969097.24347305,00000000-0000-0000-0000-000000024469,OTHERS,618.446775721032,1280.0412659536248,MIA
315969097.24347305,00000000-0000-0000-0000-000000024486,OTHERS,584.3645046880612,1259.9257944340727,MIA
315969097.24347305,00000000-0000-0000-0000-000000024488,OTHERS,508.80232636825446,1276.5805907290876,MIA
315969097.24347305,00000000-0000-0000-0000-000000024399,OTHERS,597.4908937345825,1212.4958770587455,MIA
315969097.24347305,00000000-0000-0000-0000-000000024508,OTHERS,545.6432388902135,1277.9409220084262,MIA
315969097.24347305,00000000-0000-0000-0000-000000024542,OTHERS,583.7880525011341,1258.2362293436756,MIA
315969097.24347305,00000000-0000-0000-0000-000000024515,OTHERS,572.7427103120207,1285.8847409808936,MIA
315969097.24347305,00000000-0000-0000-0000-000000024477,OTHERS,580.6849749511978,1262.416104608688,MIA
315969097.24347305,00000000-0000-0000-0000-000000024547,OTHERS,576.6906096051913,1312.480535844814,MIA
315969097.24347305,00000000-0000-0000-0000-000000024525,OTHERS,559.2132942482604,1282.1499750221146,MIA
315969097.24347305,00000000-0000-0000-0000-000000024465,OTHERS,583.5506056191264,1271.3386632305362,MIA
315969097.24347305,00000000-0000-0000-0000-000000024535,OTHERS,565.2929373726595,1245.368605685464,MIA
315969097.24347305,00000000-0000-0000-0000-000000024313,OTHERS,577.1381399005973,1261.9235115930294,MIA
315969097.24347305,00000000-0000-0000-0000-000000024544,OTHERS,575.5634114308942,1299.7959203700107,MIA
315969097.24347305,00000000-0000-0000-0000-000000024531,OTHERS,583.4623687338287,1261.616589716377,MIA
315969097.24347305,00000000-0000-0000-0000-000000024499,OTHERS,578.4909539451226,1284.3926732249952,MIA
315969097.24347305,00000000-0000-0000-0000-000000024533,OTHERS,586.2480010799362,1270.370290907361,MIA
315969097.24347305,00000000-0000-0000-0000-000000024503,OTHERS,612.2658864692988,1284.347801017332,MIA
315969097.24347305,00000000-0000-0000-0000-000000024457,OTHERS,609.0214383820753,1279.7914811621565,MIA
315969097.24347305,00000000-0000-0000-0000-000000024448,OTHERS,597.1229566362422,1280.3798773910653,MIA
315969097.24347305,00000000-0000-0000-0000-000000024443,OTHERS,596.8494503276393,1283.6224045191525,MIA
315969097.24347305,00000000-0000-0000-0000-000000024439,OTHERS,595.9970117951274,1286.7318012993653,MIA
315969097.24347305,00000000-0000-0000-0000-000000024476,OTHERS,607.7248594445163,1284.2173106346927,MIA
315969097.24347305,00000000-0000-0000-0000-000000024307,OTHERS,580.1244382714755,1260.4385152921975,MIA
315969097.24347305,00000000-0000-0000-0000-000000024433,OTHERS,584.9976198184602,1258.2592456923685,MIA
315969097.24347305,00000000-0000-0000-0000-000000024492,OTHERS,583.5584561558701,1253.5568465339074,MIA
315969097.24347305,00000000-0000-0000-0000-000000024495,OTHERS,579.9761860530488,1237.592107760005,MIA
315969097.24347305,00000000-0000-0000-0000-000000024409,OTHERS,579.5240824326996,1272.7433165730513,MIA
315969097.24347305,00000000-0000-0000-0000-000000024510,OTHERS,584.4131431956611,1256.5826185710719,MIA
315969097.24347305,00000000-0000-0000-0000-000000024447,OTHERS,595.0267473247353,1279.811417245976,MIA
315969097.24347305,00000000-0000-0000-0000-000000024453,OTHERS,602.775326630468,1279.996344677052,MIA
315969097.24347305,00000000-0000-0000-0000-000000024507,OTHERS,578.318794146847,1299.9542851460155,MIA
315969097.24347305,00000000-0000-0000-0000-000000024505,AGENT,571.9595510370244,1248.982040674018,MIA
315969097.24347305,00000000-0000-0000-0000-000000023985,OTHERS,579.5860541653071,1280.148087985256,MIA
315969097.24347305,00000000-0000-0000-0000-000000023942,OTHERS,579.8872289684252,1266.6229615683678,MIA
315969097.3748828,00000000-0000-0000-0000-000000000000,AV,576.4602770776305,1273.3880356732625,MIA
315969097.3748828,00000000-0000-0000-0000-000000023559,OTHERS,575.7842131260992,1280.9742167816596,MIA
315969097.3748828,00000000-0000-0000-0000-000000024469,OTHERS,618.3418820749592,1279.9568645199624,MIA
315969097.3748828,00000000-0000-0000-0000-000000024486,OTHERS,584.3717499780872,1259.922617738058,MIA
315969097.3748828,00000000-0000-0000-0000-000000024488,OTHERS,508.3644179999258,1276.7358243810236,MIA
315969097.3748828,00000000-0000-0000-0000-000000024399,OTHERS,597.4770884857791,1212.581804369846,MIA
315969097.3748828,00000000-0000-0000-0000-000000024508,OTHERS,544.8267868753392,1277.9933853540304,MIA
315969097.3748828,00000000-0000-0000-0000-000000024542,OTHERS,583.7864312180432,1258.2189852798233,MIA
315969097.3748828,00000000-0000-0000-0000-000000024313,OTHERS,577.1216077676147,1261.9512427982902,MIA
315969097.3748828,00000000-0000-0000-0000-000000024544,OTHERS,575.7759178478788,1298.5508830903136,MIA
315969097.3748828,00000000-0000-0000-0000-000000024531,OTHERS,583.3887212182558,1261.617370016491,MIA
315969097.3748828,00000000-0000-0000-0000-000000024535,OTHERS,565.7865215579617,1245.4088499166835,MIA
315969097.3748828,00000000-0000-0000-0000-000000024465,OTHERS,583.4643055163825,1271.3255233153916,MIA
315969097.3748828,00000000-0000-0000-0000-000000024515,OTHERS,572.5641478899703,1285.6444717883999,MIA
315969097.3748828,00000000-0000-0000-0000-000000024499,OTHERS,578.4608436537527,1284.392835744724,MIA
315969097.3748828,00000000-0000-0000-0000-000000024533,OTHERS,586.2480010799362,1270.370290907361,MIA
315969097.3748828,00000000-0000-0000-0000-000000024477,OTHERS,580.8135543163672,1262.6768315332256,MIA
315969097.3748828,00000000-0000-0000-0000-000000024547,OTHERS,576.5159713817566,1311.534383841706,MIA
315969097.3748828,00000000-0000-0000-0000-000000024525,OTHERS,558.4864504548677,1282.156783164584,MIA
315969097.3748828,00000000-0000-0000-0000-000000024503,OTHERS,612.3083576631992,1284.313192478135,MIA
315969097.3748828,00000000-0000-0000-0000-000000024457,OTHERS,609.0962700532583,1279.8090276997066,MIA
315969097.3748828,00000000-0000-0000-0000-000000024448,OTHERS,596.4290727567669,1280.1556301491426,MIA
315969097.3748828,00000000-0000-0000-0000-000000024443,OTHERS,596.8531248779034,1283.6042416735725,MIA
315969097.3748828,00000000-0000-0000-0000-000000024439,OTHERS,596.0583105410027,1286.7791006957145,MIA
315969097.3748828,00000000-0000-0000-0000-000000024476,OTHERS,607.694712343006,1284.1500553226415,MIA
315969097.3748828,00000000-0000-0000-0000-000000024307,OTHERS,580.1422372897962,1260.416721288791,MIA
315969097.3748828,00000000-0000-0000-0000-000000024433,OTHERS,584.9012871170984,1258.3430536561627,MIA
315969097.3748828,00000000-0000-0000-0000-000000024492,OTHERS,583.736751074837,1253.7601138053822,MIA
315969097.3748828,00000000-0000-0000-0000-000000024495,OTHERS,579.0753604232692,1239.0826716127601,MIA
315969097.3748828,00000000-0000-0000-0000-000000024409,OTHERS,579.5251256388545,1272.7417402011868,MIA
315969097.3748828,00000000-0000-0000-0000-000000024510,OTHERS,584.4024549978587,1256.599253205619,MIA
315969097.3748828,00000000-0000-0000-0000-000000024447,OTHERS,594.4394771063393,1279.8259424125529,MIA
315969097.3748828,00000000-0000-0000-0000-000000024453,OTHERS,602.8017798942542,1279.9626269424355,MIA
315969097.3748828,00000000-0000-0000-0000-000000024507,OTHERS,578.3332981860236,1299.6835704666862,MIA
315969097.3748828,00000000-0000-0000-0000-000000024505,AGENT,572.1268160095863,1249.042824317602,MIA
315969097.3748828,00000000-0000-0000-0000-000000023985,OTHERS,579.5804963349033,1280.1061515856475,MIA
315969097.3748828,00000000-0000-0000-0000-000000023942,OTHERS,579.8927515068617,1266.6315464572112,MIA
315969097.50940645,00000000-0000-0000-0000-000000000000,AV,576.4602790483535,1273.3879272811666,MIA
315969097.50940645,00000000-0000-0000-0000-000000023559,OTHERS,575.7845103821671,1281.0092706041248,MIA
315969097.50940645,00000000-0000-0000-0000-000000023942,OTHERS,579.7024836657667,1266.900942290275,MIA
315969097.50940645,00000000-0000-0000-0000-000000024469,OTHERS,618.4041531134968,1280.1204126474233,MIA
315969097.50940645,00000000-0000-0000-0000-000000024486,OTHERS,584.2314550985986,1259.908838673824,MIA
315969097.50940645,00000000-0000-0000-0000-000000024488,OTHERS,507.4938548274271,1276.66515896994,MIA
315969097.50940645,00000000-0000-0000-0000-000000024399,OTHERS,597.4858184091862,1212.5057629785258,MIA
315969097.50940645,00000000-0000-0000-0000-000000024499,OTHERS,578.4649109384512,1284.3331134736568,MIA
315969097.50940645,00000000-0000-0000-0000-000000024508,OTHERS,544.8267868753392,1277.9933853540304,MIA
315969097.50940645,00000000-0000-0000-0000-000000024542,OTHERS,583.7847545387398,1258.1777817865532,MIA
315969097.50940645,00000000-0000-0000-0000-000000024515,OTHERS,571.9123044923907,1284.9834975824526,MIA
315969097.50940645,00000000-0000-0000-0000-000000024465,OTHERS,583.4670806834969,1271.3055577868595,MIA
315969097.50940645,00000000-0000-0000-0000-000000024535,OTHERS,566.3934806583214,1245.4114593957238,MIA
315969097.50940645,00000000-0000-0000-0000-000000024313,OTHERS,577.1271332018973,1261.9572589688978,MIA
315969097.50940645,00000000-0000-0000-0000-000000024544,OTHERS,575.7136587139217,1297.2571074883108,MIA
315969097.50940645,00000000-0000-0000-0000-000000024531,OTHERS,583.3061723600819,1261.618015686632,MIA
315969097.50940645,00000000-0000-0000-0000-000000024477,OTHERS,580.754234541055,1262.6583435637244,MIA
315969097.50940645,00000000-0000-0000-0000-000000024547,OTHERS,576.3295080697786,1309.6171381966915,MIA
315969097.50940645,00000000-0000-0000-0000-000000024525,OTHERS,557.1534666872506,1282.2543623880306,MIA
315969097.50940645,00000000-0000-0000-0000-000000024503,OTHERS,612.3224218615862,1284.3890643368015,MIA
315969097.50940645,00000000-0000-0000-0000-000000024457,OTHERS,609.1405928381837,1279.8146752503974,MIA
315969097.50940645,00000000-0000-0000-0000-000000023985,OTHERS,579.5793257930122,1279.8461640607186,MIA
315969097.50940645,00000000-0000-0000-0000-000000024505,AGENT,572.6381813923014,1249.030659561816,MIA
315969097.50940645,00000000-0000-0000-0000-000000024448,OTHERS,596.6930956020361,1279.2782015430735,MIA
315969097.50940645,00000000-0000-0000-0000-000000024443,OTHERS,596.8028604911216,1283.614366551986,MIA
315969097.50940645,00000000-0000-0000-0000-000000024439,OTHERS,596.0690430715647,1286.7608956184813,MIA
315969097.50940645,00000000-0000-0000-0000-000000024476,OTHERS,607.6966186247353,1284.1856034969815,MIA
315969097.50940645,00000000-0000-0000-0000-000000024307,OTHERS,580.1731977108408,1260.4367823222758,MIA
315969097.50940645,00000000-0000-0000-0000-000000024433,OTHERS,585.071759361092,1258.1893605454304,MIA
315969097.50940645,00000000-0000-0000-0000-000000024492,OTHERS,583.919675280468,1253.8911350158473,MIA
315969097.50940645,00000000-0000-0000-0000-000000024495,OTHERS,579.1574694007078,1238.9285509872245,MIA
315969097.50940645,00000000-0000-0000-0000-000000024409,OTHERS,579.5194940853628,1272.7416443998386,MIA
315969097.50940645,00000000-0000-0000-0000-000000024510,OTHERS,584.4087491278001,1256.6478275529241,MIA
315969097.50940645,00000000-0000-0000-0000-000000024447,OTHERS,594.7848246515235,1279.8899357995606,MIA
315969097.50940645,00000000-0000-0000-0000-000000024507,OTHERS,578.3555804050454,1299.0765148336634,MIA
315969097.50940645,00000000-0000-0000-0000-000000024453,OTHERS,602.6807404997893,1279.8697810558501,MIA
315969097.6386678,00000000-0000-0000-0000-000000000000,AV,576.460490711956,1273.3883336970907,MIA
315969097.6386678,00000000-0000-0000-0000-000000023559,OTHERS,575.7714987508573,1280.9635828752064,MIA
315969097.6386678,00000000-0000-0000-0000-000000023942,OTHERS,579.9115583994527,1266.5818138450095,MIA
315969097.6386678,00000000-0000-0000-0000-000000023985,OTHERS,579.5743472196676,1279.8273818924777,MIA
315969097.6386678,00000000-0000-0000-0000-000000024505,AGENT,572.8768272348449,1249.0357919858975,MIA
315969097.6386678,00000000-0000-0000-0000-000000024469,OTHERS,618.4041531134968,1280.1204126474233,MIA
315969097.6386678,00000000-0000-0000-0000-000000024486,OTHERS,584.0233783892487,1260.011210767401,MIA
315969097.6386678,00000000-0000-0000-0000-000000024488,OTHERS,507.1307858788777,1276.5234290685394,MIA
315969097.6386678,00000000-0000-0000-0000-000000024399,OTHERS,597.492924975817,1212.565932172102,MIA
315969097.6386678,00000000-0000-0000-0000-000000024499,OTHERS,578.4978120048368,1284.2843879207915,MIA
315969097.6386678,00000000-0000-0000-0000-000000024508,OTHERS,544.8267868753392,1277.9933853540304,MIA
315969097.6386678,00000000-0000-0000-0000-000000024542,OTHERS,583.7847545387398,1258.1777817865532,MIA
315969097.6386678,00000000-0000-0000-0000-000000024515,OTHERS,571.5088525408149,1284.5945832520329,MIA
315969097.6386678,00000000-0000-0000-0000-000000024531,OTHERS,583.3663221661047,1261.6086450671212,MIA
315969097.6386678,00000000-0000-0000-0000-000000024477,OTHERS,580.7660522171999,1262.6535513713784,MIA
315969097.6386678,00000000-0000-0000-0000-000000024525,OTHERS,556.4708440261726,1282.4018054762728,MIA
315969097.6386678,00000000-0000-0000-0000-000000024507,OTHERS,578.2301793519596,1298.4647441139962,MIA
315969097.6386678,00000000-0000-0000-0000-000000024453,OTHERS,602.6198326769578,1279.9172450341568,MIA
315969097.6386678,00000000-0000-0000-0000-000000024547,OTHERS,576.2758555300785,1308.7675938450516,MIA
315969097.6386678,00000000-0000-0000-0000-000000024313,OTHERS,577.1141304436476,1261.9496281922682,MIA
315969097.6386678,00000000-0000-0000-0000-000000024544,OTHERS,575.6550480247014,1296.7331542093325,MIA
315969097.6386678,00000000-0000-0000-0000-000000024535,OTHERS,566.5080746003229,1245.3833657818466,MIA
315969097.6386678,00000000-0000-0000-0000-000000024465,OTHERS,583.4935152999212,1271.3296873326913,MIA
315969097.6386678,00000000-0000-0000-0000-000000024503,OTHERS,612.2808782967674,1284.3820242042568,MIA
315969097.6386678,00000000-0000-0000-0000-000000024457,OTHERS,609.1945249967339,1279.8144157915367,MIA
315969097.6386678,00000000-0000-0000-0000-000000024448,OTHERS,595.7920822873642,1279.9654834739176,MIA
315969097.6386678,00000000-0000-0000-0000-000000024443,OTHERS,596.8652600479738,1283.6159408126546,MIA
315969097.6386678,00000000-0000-0000-0000-000000024439,OTHERS,596.0679823171994,1286.7752252822106,MIA
315969097.6386678,00000000-0000-0000-0000-000000024476,OTHERS,607.6774157903618,1284.1856311557774,MIA
315969097.6386678,00000000-0000-0000-0000-000000024307,OTHERS,580.1664949780114,1260.4394348216733,MIA
315969097.6386678,00000000-0000-0000-0000-000000024433,OTHERS,584.8615808191626,1258.2793735117955,MIA
315969097.6386678,00000000-0000-0000-0000-000000024492,OTHERS,583.7640896586613,1253.8071483980611,MIA
315969097.6386678,00000000-0000-0000-0000-000000024495,OTHERS,579.3439725042231,1238.5802499177034,MIA
315969097.6386678,00000000-0000-0000-0000-000000024409,OTHERS,579.5186409572348,1272.729264577271,MIA
315969097.6386678,00000000-0000-0000-0000-000000024510,OTHERS,584.4075640644172,1256.5659800445412,MIA
315969097.6386678,00000000-0000-0000-0000-000000024447,OTHERS,594.3891579899597,1279.793990972347,MIA
315969097.778503,00000000-0000-0000-0000-000000000000,AV,576.4606266568719,1273.3882823748468,MIA
315969097.778503,00000000-0000-0000-0000-000000023559,OTHERS,575.7731490977875,1280.984573930583,MIA
315969097.778503,00000000-0000-0000-0000-000000023942,OTHERS,579.7040058087277,1266.8319177181709,MIA
315969097.778503,00000000-0000-0000-0000-000000024469,OTHERS,618.4361343973471,1279.9953614148915,MIA
315969097.778503,00000000-0000-0000-0000-000000024486,OTHERS,584.1052479664178,1260.0207452144366,MIA
315969097.778503,00000000-0000-0000-0000-000000024488,OTHERS,506.6705811170597,1276.4859057138885,MIA
315969097.778503,00000000-0000-0000-0000-000000024399,OTHERS,597.4794925738922,1212.5432645288647,MIA
315969097.778503,00000000-0000-0000-0000-000000024499,OTHERS,578.5056306935129,1284.2339799587442,MIA
315969097.778503,00000000-0000-0000-0000-000000024542,OTHERS,583.7817043478185,1258.1299131444785,MIA
315969097.778503,00000000-0000-0000-0000-000000024515,OTHERS,571.1066923310467,1284.2069806740055,MIA
315969097.778503,00000000-0000-0000-0000-000000024531,OTHERS,583.3760918839228,1261.6006972170587,MIA
315969097.778503,00000000-0000-0000-0000-000000024551,OTHERS,586.2435909670634,1274.7017949821006,MIA
315969097.778503,00000000-0000-0000-0000-000000024477,OTHERS,580.7616545700008,1262.6498527460894,MIA
315969097.778503,00000000-0000-0000-0000-000000024525,OTHERS,554.1175004817138,1281.7919848340125,MIA
315969097.778503,00000000-0000-0000-0000-000000024507,OTHERS,578.2337673991861,1298.345860067497,MIA
315969097.778503,00000000-0000-0000-0000-000000024453,OTHERS,602.7921338663135,1280.090783971666,MIA
315969097.778503,00000000-0000-0000-0000-000000024547,OTHERS,576.2686875467884,1308.107443800538,MIA
315969097.778503,00000000-0000-0000-0000-000000024465,OTHERS,583.4649207390379,1271.3070236412882,MIA
315969097.778503,00000000-0000-0000-0000-000000024535,OTHERS,566.7741986366418,1245.4079607079464,MIA
315969097.778503,00000000-0000-0000-0000-000000024313,OTHERS,577.1323391281206,1261.9215710398394,MIA
315969097.778503,00000000-0000-0000-0000-000000024557,OTHERS,575.2575167181245,1296.0977279144029,MIA
315969097.778503,00000000-0000-0000-0000-000000024544,OTHERS,575.6550480247014,1296.7331542093325,MIA
315969097.778503,00000000-0000-0000-0000-000000024503,OTHERS,612.2713833555703,1284.3784995775102,MIA
315969097.778503,00000000-0000-0000-0000-000000024457,OTHERS,609.6169158422038,1279.9041355493896,MIA
315969097.778503,00000000-0000-0000-0000-000000023985,OTHERS,579.5885116023672,1279.80172945078,MIA
315969097.778503,00000000-0000-0000-0000-000000024505,AGENT,573.1718586064628,1249.019218923551,MIA
315969097.778503,00000000-0000-0000-0000-000000024448,OTHERS,597.1465934912287,1280.502179786209,MIA
315969097.778503,00000000-0000-0000-0000-000000024443,OTHERS,596.8156789264963,1283.6050188922445,MIA
315969097.778503,00000000-0000-0000-0000-000000024439,OTHERS,596.0664957533999,1286.7452933452282,MIA
315969097.778503,00000000-0000-0000-0000-000000024476,OTHERS,607.6994941790598,1284.1656446640798,MIA
315969097.778503,00000000-0000-0000-0000-000000024307,OTHERS,580.1597024708392,1260.3898955062498,MIA
315969097.778503,00000000-0000-0000-0000-000000024433,OTHERS,584.8615808191626,1258.2793735117955,MIA
315969097.778503,00000000-0000-0000-0000-000000024492,OTHERS,584.075089070956,1254.0402073195614,MIA
315969097.778503,00000000-0000-0000-0000-000000024495,OTHERS,579.3849111791567,1238.5982478085589,MIA
315969097.778503,00000000-0000-0000-0000-000000024409,OTHERS,579.5275720911468,1272.706182715977,MIA
315969097.778503,00000000-0000-0000-0000-000000024510,OTHERS,584.378308934727,1256.5772682048469,MIA
315969097.778503,00000000-0000-0000-0000-000000024447,OTHERS,595.1752354087331,1279.818543515683,MIA
315969097.9134063,00000000-0000-0000-0000-000000000000,AV,576.4609030712136,1273.3885605762753,MIA
315969097.9134063,00000000-0000-0000-0000-000000023559,OTHERS,575.7851215892679,1280.9892466646902,MIA
315969097.9134063,00000000-0000-0000-0000-000000023942,OTHERS,579.7033109305255,1266.8526027463233,MIA
315969097.9134063,00000000-0000-0000-0000-000000024469,OTHERS,618.5086249550145,1280.2461662868907,MIA
315969097.9134063,00000000-0000-0000-0000-000000024486,OTHERS,584.0023239821272,1260.0016650909874,MIA
315969097.9134063,00000000-0000-0000-0000-000000024488,OTHERS,506.6705811170597,1276.4859057138885,MIA
315969097.9134063,00000000-0000-0000-0000-000000024399,OTHERS,597.5250449154429,1212.5673445822188,MIA
315969097.9134063,00000000-0000-0000-0000-000000024499,OTHERS,578.485867893912,1284.2668092723945,MIA
315969097.9134063,00000000-0000-0000-0000-000000024542,OTHERS,583.7735797022402,1258.1542449113142,MIA
315969097.9134063,00000000-0000-0000-0000-000000024515,OTHERS,570.1266840931834,1283.4546088427744,MIA
315969097.9134063,00000000-0000-0000-0000-000000024531,OTHERS,583.4207073691782,1261.6480848589931,MIA
315969097.9134063,00000000-0000-0000-0000-000000024525,OTHERS,551.3403137453631,1280.8814593441355,MIA
315969097.9134063,00000000-0000-0000-0000-000000024551,OTHERS,586.1263980567702,1276.056115351849,MIA
315969097.9134063,00000000-0000-0000-0000-000000024477,OTHERS,580.7241834745835,1262.620909138078,MIA
315969097.9134063,00000000-0000-0000-0000-000000024554,OTHERS,595.6540303837512,1280.3555589129876,MIA
315969097.9134063,00000000-0000-0000-0000-000000024507,OTHERS,578.3203416590966,1297.465185713867,MIA
315969097.9134063,00000000-0000-0000-0000-000000024453,OTHERS,603.2098195706396,1279.9945637496012,MIA
315969097.9134063,00000000-0000-0000-0000-000000024547,OTHERS,576.229464448793,1306.631222664886,MIA
315969097.9134063,00000000-0000-0000-0000-000000024313,OTHERS,577.1086462881618,1261.957370357852,MIA
315969097.9134063,00000000-0000-0000-0000-000000024557,OTHERS,575.2454135289843,1294.5235835366486,MIA
315969097.9134063,00000000-0000-0000-0000-000000024544,OTHERS,575.7601306580602,1295.7310030416565,MIA
315969097.9134063,00000000-0000-0000-0000-000000024535,OTHERS,567.5290774261329,1245.3163454524706,MIA
315969097.9134063,00000000-0000-0000-0000-000000024465,OTHERS,583.4654875052577,1271.298221192449,MIA
315969097.9134063,00000000-0000-0000-0000-000000024503,OTHERS,612.3115113690441,1284.3706036539165,MIA
315969097.9134063,00000000-0000-0000-0000-000000024457,OTHERS,609.132309447318,1279.8205542935254,MIA
315969097.9134063,00000000-0000-0000-0000-000000023985,OTHERS,579.5955144408396,1279.8001090038326,MIA
315969097.9134063,00000000-0000-0000-0000-000000024505,AGENT,573.5733064947789,1249.1312067294632,MIA
315969097.9134063,00000000-0000-0000-0000-000000024448,OTHERS,597.0257803315907,1280.5285366464996,MIA
315969097.9134063,00000000-0000-0000-0000-000000024443,OTHERS,596.8857951929032,1283.6139734087485,MIA
315969097.9134063,00000000-0000-0000-0000-000000024439,OTHERS,596.08037465957,1286.7547976201236,MIA
315969097.9134063,00000000-0000-0000-0000-000000024476,OTHERS,607.705742812222,1284.2028276202125,MIA
315969097.9134063,00000000-0000-0000-0000-000000024307,OTHERS,580.155868808895,1260.401226017516,MIA
315969097.9134063,00000000-0000-0000-0000-000000024433,OTHERS,584.9413774504495,1258.288803146761,MIA
315969097.9134063,00000000-0000-0000-0000-000000024492,OTHERS,584.232976582481,1254.6254205371229,MIA
315969097.9134063,00000000-0000-0000-0000-000000024495,OTHERS,579.8588867740292,1238.3089991237098,MIA
315969097.9134063,00000000-0000-0000-0000-000000024409,OTHERS,579.5255895471272,1272.669938502066,MIA
315969097.9134063,00000000-0000-0000-0000-000000024510,OTHERS,584.3844761370291,1256.5866609285242,MIA
315969097.9134063,00000000-0000-0000-0000-000000024447,OTHERS,595.8215790759801,1279.9836465018761,MIA
315969098.03891224,00000000-0000-0000-0000-000000000000,AV,576.4609033395312,1273.3885217227228,MIA
315969098.03891224,00000000-0000-0000-0000-000000023559,OTHERS,575.778048215269,1280.9779501037456,MIA
315969098.03891224,00000000-0000-0000-0000-000000023942,OTHERS,579.7042883072608,1266.8122836030561,MIA
315969098.03891224,00000000-0000-0000-0000-000000024469,OTHERS,618.4644416732233,1280.1125858693038,MIA
315969098.03891224,00000000-0000-0000-0000-000000024486,OTHERS,584.147524010452,1259.9676093954065,MIA
315969098.03891224,00000000-0000-0000-0000-000000024499,OTHERS,578.5044395054672,1284.2139231256056,MIA
315969098.03891224,00000000-0000-0000-0000-000000024542,OTHERS,583.7735797022402,1258.1542449113142,MIA
315969098.03891224,00000000-0000-0000-0000-000000024515,OTHERS,569.6852562327725,1283.1370360176224,MIA
315969098.03891224,00000000-0000-0000-0000-000000024531,OTHERS,583.317514574323,1261.6170907486335,MIA
315969098.03891224,00000000-0000-0000-0000-000000024558,OTHERS,578.2773805525617,1337.9314014509707,MIA
315969098.03891224,00000000-0000-0000-0000-000000024525,OTHERS,550.9892894955594,1280.8777370588068,MIA
315969098.03891224,00000000-0000-0000-0000-000000024551,OTHERS,586.0363895995058,1276.509889499956,MIA
315969098.03891224,00000000-0000-0000-0000-000000024488,OTHERS,506.6705811170597,1276.4859057138885,MIA
315969098.03891224,00000000-0000-0000-0000-000000024399,OTHERS,597.4916334104028,1212.5680250195035,MIA
315969098.03891224,00000000-0000-0000-0000-000000024433,OTHERS,584.8107928516315,1258.3810628971282,MIA
315969098.03891224,00000000-0000-0000-0000-000000024477,OTHERS,580.7139432384324,1262.6315447654954,MIA
315969098.03891224,00000000-0000-0000-0000-000000024556,OTHERS,586.9797340780842,1276.1722348328708,MIA
315969098.03891224,00000000-0000-0000-0000-000000024554,OTHERS,595.6540303837512,1280.3555589129876,MIA
315969098.03891224,00000000-0000-0000-0000-000000024507,OTHERS,578.3290701609627,1297.1962060089302,MIA
315969098.03891224,00000000-0000-0000-0000-000000024453,OTHERS,603.0615038978551,1279.8838638030068,MIA
315969098.03891224,00000000-0000-0000-0000-000000024547,OTHERS,575.9083171224618,1307.0027411587143,MIA
315969098.03891224,00000000-0000-0000-0000-000000024313,OTHERS,577.1180466050022,1261.9163588044655,MIA
315969098.03891224,00000000-0000-0000-0000-000000024544,OTHERS,575.4114970397762,1293.7670704161012,MIA
315969098.03891224,00000000-0000-0000-0000-000000024535,OTHERS,567.6873196141761,1245.425177388478,MIA
315969098.03891224,00000000-0000-0000-0000-000000024465,OTHERS,583.4691721688009,1271.3047059690107,MIA
315969098.03891224,00000000-0000-0000-0000-000000024503,OTHERS,612.2979951532187,1284.332428693162,MIA
315969098.03891224,00000000-0000-0000-0000-000000024457,OTHERS,609.0898900787106,1279.7950807259867,MIA
315969098.03891224,00000000-0000-0000-0000-000000023985,OTHERS,579.5720119165047,1279.7637459989855,MIA
315969098.03891224,00000000-0000-0000-0000-000000024505,AGENT,573.8606228194552,1249.16740216913,MIA
315969098.03891224,00000000-0000-0000-0000-000000024448,OTHERS,595.7684267175273,1279.9781956376366,MIA
315969098.03891224,00000000-0000-0000-0000-000000024443,OTHERS,596.817786971839,1283.6296704256295,MIA
315969098.03891224,00000000-0000-0000-0000-000000024439,OTHERS,596.0909158743065,1286.7670440187505,MIA
315969098.03891224,00000000-0000-0000-0000-000000024476,OTHERS,607.762101747552,1284.1917560144366,MIA
315969098.03891224,00000000-0000-0000-0000-000000024307,OTHERS,580.1545293789925,1260.400830107619,MIA
315969098.03891224,00000000-0000-0000-0000-000000024492,OTHERS,584.3293786348322,1254.6555021585652,MIA
315969098.03891224,00000000-0000-0000-0000-000000024495,OTHERS,580.3107331681925,1238.0240377655932,MIA
315969098.03891224,00000000-0000-0000-0000-000000024409,OTHERS,579.512264380886,1272.5591472299366,MIA
315969098.03891224,00000000-0000-0000-0000-000000024510,OTHERS,584.3708467896266,1256.5375656567987,MIA
315969098.03891224,00000000-0000-0000-0000-000000024447,OTHERS,595.8215790759801,1279.9836465018761,MIA
315969098.17221737,00000000-0000-0000-0000-000000000000,AV,576.4610000384571,1273.3887123515242,MIA
315969098.17221737,00000000-0000-0000-0000-000000023559,OTHERS,575.7706312945961,1281.0497604992374,MIA
315969098.17221737,00000000-0000-0000-0000-000000023942,OTHERS,579.7046900581571,1266.8379265718406,MIA
315969098.17221737,00000000-0000-0000-0000-000000024469,OTHERS,618.3152188863303,1280.1754728850156,MIA
315969098.17221737,00000000-0000-0000-0000-000000024486,OTHERS,584.0409258715572,1259.9759805884325,MIA
315969098.17221737,00000000-0000-0000-0000-000000024499,OTHERS,578.5053621959951,1284.2303732254252,MIA
315969098.17221737,00000000-0000-0000-0000-000000024542,OTHERS,583.7735797022402,1258.1542449113142,MIA
315969098.17221737,00000000-0000-0000-0000-000000024515,OTHERS,569.1936763566248,1282.7956826645536,MIA
315969098.17221737,00000000-0000-0000-0000-000000024531,OTHERS,583.3523532146506,1261.5776562009414,MIA
315969098.17221737,00000000-0000-0000-0000-000000024558,OTHERS,578.2006173562412,1336.827818338211,MIA
315969098.17221737,00000000-0000-0000-0000-000000024525,OTHERS,550.4127416018047,1280.9614634855236,MIA
315969098.17221737,00000000-0000-0000-0000-000000024551,OTHERS,585.9718853685532,1277.0781290500431,MIA
315969098.17221737,00000000-0000-0000-0000-000000024433,OTHERS,584.8107928516315,1258.3810628971282,MIA
315969098.17221737,00000000-0000-0000-0000-000000024477,OTHERS,580.7234601566417,1262.6227237503012,MIA
315969098.17221737,00000000-0000-0000-0000-000000024556,OTHERS,586.9797340780842,1276.1722348328708,MIA
315969098.17221737,00000000-0000-0000-0000-000000024554,OTHERS,595.6540303837512,1280.3555589129876,MIA
315969098.17221737,00000000-0000-0000-0000-000000024507,OTHERS,578.3607229526262,1296.9829075818095,MIA
315969098.17221737,00000000-0000-0000-0000-000000024453,OTHERS,602.628967368397,1279.8793747631591,MIA
315969098.17221737,00000000-0000-0000-0000-000000024547,OTHERS,575.845772866036,1307.0683969899499,MIA
315969098.17221737,00000000-0000-0000-0000-000000024465,OTHERS,583.474585753951,1271.2983384749705,MIA
315969098.17221737,00000000-0000-0000-0000-000000024535,OTHERS,567.6530943065541,1245.3714121683724,MIA
315969098.17221737,00000000-0000-0000-0000-000000024313,OTHERS,577.1130553290864,1261.9157731505454,MIA
315969098.17221737,00000000-0000-0000-0000-000000024544,OTHERS,575.3477648388248,1293.2300502419769,MIA
315969098.17221737,00000000-0000-0000-0000-000000024503,OTHERS,612.3017435250199,1284.3119116519595,MIA
315969098.17221737,00000000-0000-0000-0000-000000024457,OTHERS,609.2385603382343,1279.8333139287836,MIA
315969098.17221737,00000000-0000-0000-0000-000000023985,OTHERS,579.5765180815222,1279.7688373660665,MIA
315969098.17221737,00000000-0000-0000-0000-000000024505,AGENT,573.943978370146,1249.216693039006,MIA
315969098.17221737,00000000-0000-0000-0000-000000024448,OTHERS,597.3222786340208,1280.5505752151519,MIA
315969098.17221737,00000000-0000-0000-0000-000000024443,OTHERS,596.8506080224918,1283.6332936119545,MIA
315969098.17221737,00000000-0000-0000-0000-000000024307,OTHERS,580.175717987908,1260.3971693827634,MIA
315969098.17221737,00000000-0000-0000-0000-000000024476,OTHERS,607.7072172563708,1284.2113617920834,MIA
315969098.17221737,00000000-0000-0000-0000-000000024439,OTHERS,596.0757639568617,1286.758309528493,MIA
315969098.17221737,00000000-0000-0000-0000-000000024399,OTHERS,597.5216426164642,1212.5897744608944,MIA
315969098.17221737,00000000-0000-0000-0000-000000024492,OTHERS,584.7695160560411,1254.9202595990225,MIA
315969098.17221737,00000000-0000-0000-0000-000000024495,OTHERS,580.8064330215842,1237.7904184167098,MIA
315969098.17221737,00000000-0000-0000-0000-000000024409,OTHERS,579.5250999117604,1272.6933274281173,MIA
315969098.17221737,00000000-0000-0000-0000-000000024510,OTHERS,584.3460024948561,1256.5793560876525,MIA
315969098.17221737,00000000-0000-0000-0000-000000024447,OTHERS,595.7567124571062,1280.0237180781808,MIA
315969098.3034935,00000000-0000-0000-0000-000000000000,AV,576.4612867992303,1273.3890559227316,MIA
315969098.3034935,00000000-0000-0000-0000-000000023559,OTHERS,575.7649233912524,1280.988696889092,MIA
315969098.3034935,00000000-0000-0000-0000-000000023942,OTHERS,579.7032713254843,1266.8601199312466,MIA
315969098.3034935,00000000-0000-0000-0000-000000024469,OTHERS,618.3621011430076,1280.0312363152784,MIA
315969098.3034935,00000000-0000-0000-0000-000000024486,OTHERS,583.9346861189026,1259.9546694991334,MIA
315969098.3034935,00000000-0000-0000-0000-000000024499,OTHERS,578.4994093576938,1284.2455066299608,MIA
315969098.3034935,00000000-0000-0000-0000-000000024515,OTHERS,568.1258193700489,1282.2369703939114,MIA
315969098.3034935,00000000-0000-0000-0000-000000024531,OTHERS,583.3442744215897,1261.5627495430667,MIA
315969098.3034935,00000000-0000-0000-0000-000000024558,OTHERS,577.8964316397078,1335.799833041472,MIA
315969098.3034935,00000000-0000-0000-0000-000000024525,OTHERS,548.8874746344819,1281.148475418163,MIA
315969098.3034935,00000000-0000-0000-0000-000000024551,OTHERS,585.7583195598545,1278.2736685788084,MIA
315969098.3034935,00000000-0000-0000-0000-000000024433,OTHERS,584.8472714022806,1258.2551256902807,MIA
315969098.3034935,00000000-0000-0000-0000-000000024477,OTHERS,580.7310152027347,1262.6380664477358,MIA
315969098.3034935,00000000-0000-0000-0000-000000024556,OTHERS,586.810475431892,1276.4857745923325,MIA
315969098.3034935,00000000-0000-0000-0000-000000024507,OTHERS,578.346473893349,1296.5815565853475,MIA
315969098.3034935,00000000-0000-0000-0000-000000024453,OTHERS,602.6637537444725,1279.8660576147004,MIA
315969098.3034935,00000000-0000-0000-0000-000000024547,OTHERS,575.845772866036,1307.0683969899499,MIA
315969098.3034935,00000000-0000-0000-0000-000000024465,OTHERS,583.4719839201755,1271.3267467600162,MIA
315969098.3034935,00000000-0000-0000-0000-000000024535,OTHERS,567.6598817696341,1245.3056825503486,MIA
315969098.3034935,00000000-0000-0000-0000-000000024313,OTHERS,577.1148057536009,1261.9604079318615,MIA
315969098.3034935,00000000-0000-0000-0000-000000024544,OTHERS,575.1715862340043,1292.1748680030823,MIA
315969098.3034935,00000000-0000-0000-0000-000000024503,OTHERS,612.3017435250199,1284.3119116519595,MIA
315969098.3034935,00000000-0000-0000-0000-000000024457,OTHERS,609.0429407234752,1279.8220620690865,MIA
315969098.3034935,00000000-0000-0000-0000-000000024448,OTHERS,596.4537270502233,1280.0854321680115,MIA
315969098.3034935,00000000-0000-0000-0000-000000024443,OTHERS,596.9802663599845,1283.642546621168,MIA
315969098.3034935,00000000-0000-0000-0000-000000024307,OTHERS,580.1455752529952,1260.4573206251587,MIA
315969098.3034935,00000000-0000-0000-0000-000000024476,OTHERS,607.6523217786379,1284.2391444191915,MIA
315969098.3034935,00000000-0000-0000-0000-000000024439,OTHERS,596.0753031244927,1286.8108907446444,MIA
315969098.3034935,00000000-0000-0000-0000-000000024399,OTHERS,597.5071464286873,1212.5736924993867,MIA
315969098.3034935,00000000-0000-0000-0000-000000024492,OTHERS,584.7419984742503,1254.9533270358747,MIA
315969098.3034935,00000000-0000-0000-0000-000000024495,OTHERS,581.3541467176835,1237.2550863294396,MIA
315969098.3034935,00000000-0000-0000-0000-000000024409,OTHERS,579.5200601596395,1272.6543592062226,MIA
315969098.3034935,00000000-0000-0000-0000-000000024510,OTHERS,584.3350024743203,1256.5927795693565,MIA
315969098.3034935,00000000-0000-0000-0000-000000024447,OTHERS,594.3452635118913,1279.7437525655648,MIA
315969098.3034935,00000000-0000-0000-0000-000000024505,AGENT,574.4780057287447,1249.275506050139,MIA
315969098.3034935,00000000-0000-0000-0000-000000023985,OTHERS,579.5843821175164,1279.759177319154,MIA
315969098.42359746,00000000-0000-0000-0000-000000000000,AV,576.4614548385006,1273.3887279989422,MIA
315969098.42359746,00000000-0000-0000-0000-000000023559,OTHERS,575.7655906076806,1280.9954467665495,MIA
315969098.42359746,00000000-0000-0000-0000-000000023942,OTHERS,579.71127062518,1266.7923358145351,MIA
315969098.42359746,00000000-0000-0000-0000-000000024469,OTHERS,618.4501245171448,1280.1058602817282,MIA
315969098.42359746,00000000-0000-0000-0000-000000024486,OTHERS,584.1030688272211,1259.9881119902084,MIA
315969098.42359746,00000000-0000-0000-0000-000000024499,OTHERS,578.5017603911359,1284.2220164261955,MIA
315969098.42359746,00000000-0000-0000-0000-000000024515,OTHERS,567.6653780332448,1281.9992733578395,MIA
315969098.42359746,00000000-0000-0000-0000-000000024447,OTHERS,594.89289893607,1279.867488194213,MIA
315969098.42359746,00000000-0000-0000-0000-000000024531,OTHERS,583.3296878215116,1261.6532882483602,MIA
315969098.42359746,00000000-0000-0000-0000-000000024558,OTHERS,577.7681498804874,1333.7744227872086,MIA
315969098.42359746,00000000-0000-0000-0000-000000024525,OTHERS,548.0922252571359,1281.172469920766,MIA
315969098.42359746,00000000-0000-0000-0000-000000024551,OTHERS,585.5971257619149,1278.8993901025294,MIA
315969098.42359746,00000000-0000-0000-0000-000000024477,OTHERS,580.7161985871708,1262.6186878155556,MIA
315969098.42359746,00000000-0000-0000-0000-000000024556,OTHERS,586.5899776367394,1277.3938195734531,MIA
315969098.42359746,00000000-0000-0000-0000-000000024507,OTHERS,578.4447050491619,1296.342666626566,MIA
315969098.42359746,00000000-0000-0000-0000-000000024453,OTHERS,602.6775728771379,1279.881898115781,MIA
315969098.42359746,00000000-0000-0000-0000-000000024547,OTHERS,576.063091404198,1303.3292578569522,MIA
315969098.42359746,00000000-0000-0000-0000-000000024465,OTHERS,583.4533288927313,1271.3161313359087,MIA
315969098.42359746,00000000-0000-0000-0000-000000024535,OTHERS,567.8850193361247,1245.4275878003673,MIA
315969098.42359746,00000000-0000-0000-0000-000000024313,OTHERS,577.1147594433835,1261.997497460019,MIA
315969098.42359746,00000000-0000-0000-0000-000000024544,OTHERS,575.0723825045176,1291.657791787324,MIA
315969098.42359746,00000000-0000-0000-0000-000000024503,OTHERS,612.2631089669214,1284.372974466938,MIA
315969098.42359746,00000000-0000-0000-0000-000000024457,OTHERS,608.9876537089402,1279.7867099237728,MIA
315969098.42359746,00000000-0000-0000-0000-000000023985,OTHERS,579.5793192495479,1279.8320146435706,MIA
315969098.42359746,00000000-0000-0000-0000-000000024505,AGENT,574.8395939042617,1249.2864788451104,MIA
315969098.42359746,00000000-0000-0000-0000-000000024448,OTHERS,597.1260233568506,1280.516271980182,MIA
315969098.42359746,00000000-0000-0000-0000-000000024443,OTHERS,596.9628888711808,1283.6101836998096,MIA
315969098.42359746,00000000-0000-0000-0000-000000024307,OTHERS,580.1533503004214,1260.3926850239584,MIA
315969098.42359746,00000000-0000-0000-0000-000000024476,OTHERS,607.6799926734536,1284.1406613639224,MIA
315969098.42359746,00000000-0000-0000-0000-000000024439,OTHERS,596.1447783117809,1286.810023035544,MIA
315969098.42359746,00000000-0000-0000-0000-000000024399,OTHERS,597.5242717574123,1212.5878973101323,MIA
315969098.42359746,00000000-0000-0000-0000-000000024433,OTHERS,584.8472714022806,1258.2551256902807,MIA
315969098.42359746,00000000-0000-0000-0000-000000024492,OTHERS,584.8677707271995,1254.9169581424505,MIA
315969098.42359746,00000000-0000-0000-0000-000000024495,OTHERS,581.6493017286563,1237.103009319101,MIA
315969098.42359746,00000000-0000-0000-0000-000000024409,OTHERS,579.5224556521248,1272.685656429729,MIA
315969098.42359746,00000000-0000-0000-0000-000000024510,OTHERS,584.3540926227307,1256.5807310788366,MIA
315969098.55792964,00000000-0000-0000-0000-000000000000,AV,576.4615592344743,1273.388777177042,MIA
315969098.55792964,00000000-0000-0000-0000-000000023559,OTHERS,575.7875980650034,1280.985425088004,MIA
315969098.55792964,00000000-0000-0000-0000-000000023942,OTHERS,579.8823991247983,1266.559856883063,MIA
315969098.55792964,00000000-0000-0000-0000-000000024469,OTHERS,618.3932945014029,1280.0762177086376,MIA
315969098.55792964,00000000-0000-0000-0000-000000024486,OTHERS,584.0165729407871,1259.9481663507718,MIA
315969098.55792964,00000000-0000-0000-0000-000000024499,OTHERS,578.5104039287625,1284.1861576403246,MIA
315969098.55792964,00000000-0000-0000-0000-000000024515,OTHERS,567.0369671317883,1281.717763294669,MIA
315969098.55792964,00000000-0000-0000-0000-000000024562,OTHERS,534.0770329310205,1276.2314572345485,MIA
315969098.55792964,00000000-0000-0000-0000-000000024447,OTHERS,594.3455958996027,1279.827398792599,MIA
315969098.55792964,00000000-0000-0000-0000-000000024531,OTHERS,583.3478717121827,1261.604666641894,MIA
315969098.55792964,00000000-0000-0000-0000-000000024558,OTHERS,578.0059045732272,1332.7600320611286,MIA
315969098.55792964,00000000-0000-0000-0000-000000024525,OTHERS,547.1377362015785,1281.1265614997085,MIA
315969098.55792964,00000000-0000-0000-0000-000000024551,OTHERS,585.4692167495857,1279.2157185810652,MIA
315969098.55792964,00000000-0000-0000-0000-000000024477,OTHERS,580.7323197939072,1262.6464913397126,MIA
315969098.55792964,00000000-0000-0000-0000-000000024556,OTHERS,586.5899776367394,1277.3938195734531,MIA
315969098.55792964,00000000-0000-0000-0000-000000024507,OTHERS,578.3874559296188,1296.1031843948656,MIA
315969098.55792964,00000000-0000-0000-0000-000000024453,OTHERS,602.8311451311997,1279.9495257691594,MIA
315969098.55792964,00000000-0000-0000-0000-000000024547,OTHERS,576.063091404198,1303.3292578569522,MIA
315969098.55792964,00000000-0000-0000-0000-000000024465,OTHERS,583.5790731892546,1271.3496787422405,MIA
315969098.55792964,00000000-0000-0000-0000-000000024535,OTHERS,567.8413978805859,1245.3294911499065,MIA
315969098.55792964,00000000-0000-0000-0000-000000024313,OTHERS,577.1110238523403,1261.9562435842665,MIA
315969098.55792964,00000000-0000-0000-0000-000000024544,OTHERS,574.9167842082796,1291.127443582941,MIA
315969098.55792964,00000000-0000-0000-0000-000000024503,OTHERS,612.2819392405222,1284.4221552106267,MIA
315969098.55792964,00000000-0000-0000-0000-000000024457,OTHERS,609.1905799465508,1279.7954345402734,MIA
315969098.55792964,00000000-0000-0000-0000-000000023985,OTHERS,579.5738030092166,1279.7460301603699,MIA
315969098.55792964,00000000-0000-0000-0000-000000024505,AGENT,575.0513326968228,1249.3803633479158,MIA
315969098.55792964,00000000-0000-0000-0000-000000024448,OTHERS,596.2786771963921,1280.0742468912026,MIA
315969098.55792964,00000000-0000-0000-0000-000000024443,OTHERS,596.7905446369645,1283.5581087994,MIA
315969098.55792964,00000000-0000-0000-0000-000000024307,OTHERS,580.180321334229,1260.4176486077627,MIA
315969098.55792964,00000000-0000-0000-0000-000000024476,OTHERS,607.7263195654607,1284.1596486119631,MIA
315969098.55792964,00000000-0000-0000-0000-000000024439,OTHERS,596.6356776117407,1286.6370974169595,MIA
315969098.55792964,00000000-0000-0000-0000-000000024399,OTHERS,597.4752468166879,1212.5359270723666,MIA
315969098.55792964,00000000-0000-0000-0000-000000024433,OTHERS,584.077165332261,1258.2288033920586,MIA
315969098.55792964,00000000-0000-0000-0000-000000024492,OTHERS,584.7365153765369,1254.9596755586854,MIA
315969098.55792964,00000000-0000-0000-0000-000000024495,OTHERS,579.8676097699814,1237.7964762361,MIA
315969098.55792964,00000000-0000-0000-0000-000000024409,OTHERS,579.5100993051367,1272.5465510658912,MIA
315969098.55792964,00000000-0000-0000-0000-000000024510,OTHERS,584.3573595966914,1256.58513808593,MIA
315969098.67740184,00000000-0000-0000-0000-000000000000,AV,576.4619957746288,1273.3890228684465,MIA
315969098.67740184,00000000-0000-0000-0000-000000023559,OTHERS,575.7684262855394,1281.0090652630388,MIA
315969098.67740184,00000000-0000-0000-0000-000000023942,OTHERS,579.7022450486285,1266.8398089202658,MIA
315969098.67740184,00000000-0000-0000-0000-000000024469,OTHERS,618.2789927623693,1280.1936519479432,MIA
315969098.67740184,00000000-0000-0000-0000-000000024486,OTHERS,584.0450352833972,1259.9221814009545,MIA
315969098.67740184,00000000-0000-0000-0000-000000024499,OTHERS,578.4908949042832,1284.2180738431548,MIA
315969098.67740184,00000000-0000-0000-0000-000000024515,OTHERS,565.764930290631,1281.1871439652898,MIA
315969098.67740184,00000000-0000-0000-0000-000000024562,OTHERS,532.6213461121731,1276.3240553146984,MIA
315969098.67740184,00000000-0000-0000-0000-000000024447,OTHERS,594.4764415535967,1279.7563560663227,MIA
315969098.67740184,00000000-0000-0000-0000-000000024531,OTHERS,583.2939177408192,1261.6193405293927,MIA
315969098.67740184,00000000-0000-0000-0000-000000024558,OTHERS,577.8782067662962,1330.7710998282914,MIA
315969098.67740184,00000000-0000-0000-0000-000000024525,OTHERS,545.741517388493,1281.127355545309,MIA
315969098.67740184,00000000-0000-0000-0000-000000024551,OTHERS,585.2816100307389,1280.4399740296005,MIA
315969098.67740184,00000000-0000-0000-0000-000000024477,OTHERS,580.7476208772778,1262.6427284403605,MIA
315969098.67740184,00000000-0000-0000-0000-000000024556,OTHERS,586.2908511442673,1278.916402419904,MIA
315969098.67740184,00000000-0000-0000-0000-000000024507,OTHERS,578.3700547651938,1295.9244198105782,MIA
315969098.67740184,00000000-0000-0000-0000-000000024453,OTHERS,602.6295875115937,1279.961543834028,MIA
315969098.67740184,00000000-0000-0000-0000-000000024547,OTHERS,575.6195278740488,1303.2754415815302,MIA
315969098.67740184,00000000-0000-0000-0000-000000024465,OTHERS,583.466365339685,1271.3236606736466,MIA
315969098.67740184,00000000-0000-0000-0000-000000024535,OTHERS,567.9027663961748,1245.3304410825654,MIA
315969098.67740184,00000000-0000-0000-0000-000000024313,OTHERS,577.1060266309822,1261.9351994461895,MIA
315969098.67740184,00000000-0000-0000-0000-000000024544,OTHERS,574.0019157774068,1289.236382062667,MIA
315969098.67740184,00000000-0000-0000-0000-000000024503,OTHERS,612.2888318504491,1284.415589404689,MIA
315969098.67740184,00000000-0000-0000-0000-000000024457,OTHERS,609.0418650872948,1279.8177802776054,MIA
315969098.67740184,00000000-0000-0000-0000-000000023985,OTHERS,579.5648137167377,1279.7927347253826,MIA
315969098.67740184,00000000-0000-0000-0000-000000024505,AGENT,575.7990518803293,1249.4680977186156,MIA
315969098.67740184,00000000-0000-0000-0000-000000024448,OTHERS,596.5725150294122,1280.0379445626531,MIA
315969098.67740184,00000000-0000-0000-0000-000000024443,OTHERS,596.7361745708962,1283.5480627026582,MIA
315969098.67740184,00000000-0000-0000-0000-000000024307,OTHERS,580.1510086503918,1260.4079898470166,MIA
315969098.67740184,00000000-0000-0000-0000-000000024476,OTHERS,607.9287436391363,1284.1011974230582,MIA
315969098.67740184,00000000-0000-0000-0000-000000024439,OTHERS,596.2056355623981,1286.7151637212628,MIA
315969098.67740184,00000000-0000-0000-0000-000000024399,OTHERS,597.4682348928598,1212.56240695352,MIA
315969098.67740184,00000000-0000-0000-0000-000000024433,OTHERS,584.077165332261,1258.2288033920586,MIA
315969098.67740184,00000000-0000-0000-0000-000000024492,OTHERS,584.7425506100241,1254.9455125572613,MIA
315969098.67740184,00000000-0000-0000-0000-000000024561,OTHERS,566.0154638679437,1219.6249892447177,MIA
315969098.67740184,00000000-0000-0000-0000-000000024409,OTHERS,579.5153287785722,1272.5271918729884,MIA
315969098.67740184,00000000-0000-0000-0000-000000024510,OTHERS,584.3413782887008,1256.5750510489972,MIA
315969098.7951716,00000000-0000-0000-0000-000000000000,AV,576.4624780940787,1273.3891114366083,MIA
315969098.7951716,00000000-0000-0000-0000-000000023559,OTHERS,575.7796106109978,1280.9948201722466,MIA
315969098.7951716,00000000-0000-0000-0000-000000023942,OTHERS,579.7115602402721,1266.8304472991929,MIA
315969098.7951716,00000000-0000-0000-0000-000000023985,OTHERS,579.5805126673387,1279.705001150218,MIA
315969098.7951716,00000000-0000-0000-0000-000000024505,AGENT,576.3046151046115,1249.4087871506367,MIA
315969098.7951716,00000000-0000-0000-0000-000000024469,OTHERS,618.1468603967663,1280.1188976178205,MIA
315969098.7951716,00000000-0000-0000-0000-000000024486,OTHERS,583.9459790797648,1260.01869411188,MIA
315969098.7951716,00000000-0000-0000-0000-000000024499,OTHERS,578.4805586527626,1284.1876558510758,MIA
315969098.7951716,00000000-0000-0000-0000-000000024515,OTHERS,565.1743570378777,1280.954089042943,MIA
315969098.7951716,00000000-0000-0000-0000-000000024562,OTHERS,531.6467779774143,1276.3242544517207,MIA
315969098.7951716,00000000-0000-0000-0000-000000024447,OTHERS,594.9494183230032,1279.8650490959542,MIA
315969098.7951716,00000000-0000-0000-0000-000000024531,OTHERS,583.3571855870323,1261.5809094698295,MIA
315969098.7951716,00000000-0000-0000-0000-000000024558,OTHERS,577.8518315425141,1329.6330233761284,MIA
315969098.7951716,00000000-0000-0000-0000-000000024525,OTHERS,544.5167778937886,1281.171334868926,MIA
315969098.7951716,00000000-0000-0000-0000-000000024551,OTHERS,585.1989407859749,1280.775772920822,MIA
315969098.7951716,00000000-0000-0000-0000-000000024465,OTHERS,583.5564634284187,1271.3238041888776,MIA
315969098.7951716,00000000-0000-0000-0000-000000024535,OTHERS,568.0268251781639,1245.380576447916,MIA
315969098.7951716,00000000-0000-0000-0000-000000024313,OTHERS,577.1126892342476,1261.9355954423793,MIA
315969098.7951716,00000000-0000-0000-0000-000000024477,OTHERS,580.7278062156481,1262.6348590016878,MIA
315969098.7951716,00000000-0000-0000-0000-000000024556,OTHERS,586.187155198498,1279.5887890632116,MIA
315969098.7951716,00000000-0000-0000-0000-000000024507,OTHERS,578.3978715295875,1295.759391065838,MIA
315969098.7951716,00000000-0000-0000-0000-000000024453,OTHERS,602.6382848708233,1279.9479920105991,MIA
315969098.7951716,00000000-0000-0000-0000-000000024547,OTHERS,575.5814623575661,1302.5800143350175,MIA
315969098.7951716,00000000-0000-0000-0000-000000024544,OTHERS,574.2876621305609,1289.0354457659712,MIA
315969098.7951716,00000000-0000-0000-0000-000000024503,OTHERS,612.3068577458179,1284.3893717475846,MIA
315969098.7951716,00000000-0000-0000-0000-000000024457,OTHERS,608.9650004822096,1279.8214972070182,MIA
315969098.7951716,00000000-0000-0000-0000-000000024448,OTHERS,597.0968535070538,1280.3733790906274,MIA
315969098.7951716,00000000-0000-0000-0000-000000024443,OTHERS,596.8699517853511,1283.6252280923804,MIA
315969098.7951716,00000000-0000-0000-0000-000000024307,OTHERS,580.1593922710567,1260.402224833292,MIA
315969098.7951716,00000000-0000-0000-0000-000000024476,OTHERS,607.719529428957,1284.167599415808,MIA
315969098.7951716,00000000-0000-0000-0000-000000024439,OTHERS,596.0710360954491,1286.7611952468594,MIA
315969098.7951716,00000000-0000-0000-0000-000000024399,OTHERS,597.5921754992991,1212.5894909898082,MIA
315969098.7951716,00000000-0000-0000-0000-000000024433,OTHERS,584.8750544813295,1258.2793643604869,MIA
315969098.7951716,00000000-0000-0000-0000-000000024492,OTHERS,584.7583224359432,1254.9710303375487,MIA
315969098.7951716,00000000-0000-0000-0000-000000024561,OTHERS,565.9193725350434,1219.6146992796973,MIA
315969098.7951716,00000000-0000-0000-0000-000000024409,OTHERS,579.5099655861956,1272.5763523481553,MIA
315969098.7951716,00000000-0000-0000-0000-000000024510,OTHERS,584.3543939653129,1256.5844867878275,MIA
315969098.9190357,00000000-0000-0000-0000-000000000000,AV,576.4627010604189,1273.3892012529918,MIA
315969098.9190357,00000000-0000-0000-0000-000000023559,OTHERS,575.7723596832827,1280.9837654795087,MIA
315969098.9190357,00000000-0000-0000-0000-000000023942,OTHERS,579.6994159653324,1266.8383225330738,MIA
315969098.9190357,00000000-0000-0000-0000-000000024469,OTHERS,618.4135585735601,1280.0048228580654,MIA
315969098.9190357,00000000-0000-0000-0000-000000024486,OTHERS,584.0591251568227,1259.9481482893345,MIA
315969098.9190357,00000000-0000-0000-0000-000000024499,OTHERS,578.4947838879716,1284.2132439029415,MIA
315969098.9190357,00000000-0000-0000-0000-000000024447,OTHERS,594.3904915959346,1279.7773824574115,MIA
315969098.9190357,00000000-0000-0000-0000-000000024531,OTHERS,583.3015022680688,1261.6538325847537,MIA
315969098.9190357,00000000-0000-0000-0000-000000024313,OTHERS,577.1235357095479,1261.9908118786075,MIA
315969098.9190357,00000000-0000-0000-0000-000000024535,OTHERS,567.9226571075026,1245.3882972675365,MIA
315969098.9190357,00000000-0000-0000-0000-000000024465,OTHERS,583.4765320727348,1271.3059723869094,MIA
315969098.9190357,00000000-0000-0000-0000-000000024562,OTHERS,530.9494684241315,1276.3886630244567,MIA
315969098.9190357,00000000-0000-0000-0000-000000024515,OTHERS,564.5963948241982,1280.713440866306,MIA
315969098.9190357,00000000-0000-0000-0000-000000024558,OTHERS,577.6779108909345,1328.5883797195613,MIA
315969098.9190357,00000000-0000-0000-0000-000000024525,OTHERS,543.702850106039,1281.1879639607946,MIA
315969098.9190357,00000000-0000-0000-0000-000000024551,OTHERS,585.1275827869238,1281.2683902881454,MIA
315969098.9190357,00000000-0000-0000-0000-000000024477,OTHERS,580.7224452684032,1262.6351557160638,MIA
315969098.9190357,00000000-0000-0000-0000-000000024547,OTHERS,575.5814623575661,1302.5800143350175,MIA
315969098.9190357,00000000-0000-0000-0000-000000024544,OTHERS,574.0482706445861,1288.3253755575086,MIA
315969098.9190357,00000000-0000-0000-0000-000000024503,OTHERS,612.302717223772,1284.4180927787522,MIA
315969098.9190357,00000000-0000-0000-0000-000000024457,OTHERS,609.1017440632216,1279.8082829241755,MIA
315969098.9190357,00000000-0000-0000-0000-000000023985,OTHERS,579.5710062228777,1279.8013472590935,MIA
315969098.9190357,00000000-0000-0000-0000-000000024505,AGENT,577.028760780708,1249.6992636737582,MIA
315969098.9190357,00000000-0000-0000-0000-000000024448,OTHERS,596.4594624870798,1280.1923298956592,MIA
315969098.9190357,00000000-0000-0000-0000-000000024443,OTHERS,596.8964990819279,1283.6285651175358,MIA
315969098.9190357,00000000-0000-0000-0000-000000024307,OTHERS,580.1485371367014,1260.3829790642274,MIA
315969098.9190357,00000000-0000-0000-0000-000000024476,OTHERS,607.6855660721845,1284.2210890293104,MIA
315969098.9190357,00000000-0000-0000-0000-000000024439,OTHERS,596.0905373327657,1286.7703626207156,MIA
315969098.9190357,00000000-0000-0000-0000-000000024399,OTHERS,597.5685620210644,1212.5812833097175,MIA
315969098.9190357,00000000-0000-0000-0000-000000024567,OTHERS,576.034364457244,1337.7912336993961,MIA
315969098.9190357,00000000-0000-0000-0000-000000024433,OTHERS,584.8750544813295,1258.2793643604869,MIA
315969098.9190357,00000000-0000-0000-0000-000000024492,OTHERS,584.7705381762312,1254.8992718395298,MIA
315969098.9190357,00000000-0000-0000-0000-000000024561,OTHERS,565.9303441133007,1219.6375466334434,MIA
315969098.9190357,00000000-0000-0000-0000-000000024409,OTHERS,579.5131259906898,1272.558763472255,MIA
315969098.9190357,00000000-0000-0000-0000-000000024510,OTHERS,584.398124697885,1256.5146023572306,MIA
315969098.9190357,00000000-0000-0000-0000-000000024507,OTHERS,578.4842329346393,1295.723361970563,MIA
315969098.9190357,00000000-0000-0000-0000-000000024453,OTHERS,602.6709730632513,1279.9034364213044,MIA
315969099.0567525,00000000-0000-0000-0000-000000000000,AV,576.4629984950818,1273.3892979822376,MIA
315969099.0567525,00000000-0000-0000-0000-000000023559,OTHERS,575.769945744925,1280.9957238936506,MIA
315969099.0567525,00000000-0000-0000-0000-000000023942,OTHERS,579.879987218001,1266.5475720380296,MIA
315969099.0567525,00000000-0000-0000-0000-000000024469,OTHERS,618.5338710894553,1280.1205593252005,MIA
315969099.0567525,00000000-0000-0000-0000-000000024486,OTHERS,584.0480196080413,1260.0087967626014,MIA
315969099.0567525,00000000-0000-0000-0000-000000024499,OTHERS,578.5026931930179,1284.1684737620978,MIA
315969099.0567525,00000000-0000-0000-0000-000000024447,OTHERS,594.8378418873283,1279.885647066997,MIA
315969099.0567525,00000000-0000-0000-0000-000000024531,OTHERS,583.3649089440161,1261.6058652951288,MIA
315969099.0567525,00000000-0000-0000-0000-000000024313,OTHERS,577.1151317220451,1261.9674449518984,MIA
315969099.0567525,00000000-0000-0000-0000-000000024535,OTHERS,567.9743683832638,1245.3362937538366,MIA
315969099.0567525,00000000-0000-0000-0000-000000024465,OTHERS,583.4803316624542,1271.3394123083451,MIA
315969099.0567525,00000000-0000-0000-0000-000000024562,OTHERS,530.0728306392662,1276.3713208574159,MIA
315969099.0567525,00000000-0000-0000-0000-000000024515,OTHERS,564.2736712512134,1280.534675064115,MIA
315969099.0567525,00000000-0000-0000-0000-000000024558,OTHERS,577.7647926772315,1327.527420315716,MIA
315969099.0567525,00000000-0000-0000-0000-000000024525,OTHERS,542.804100042478,1281.2763044649978,MIA
315969099.0567525,00000000-0000-0000-0000-000000024551,OTHERS,585.1294008948371,1281.7274824043268,MIA
315969099.0567525,00000000-0000-0000-0000-000000024477,OTHERS,580.7475910996558,1262.6611408909234,MIA
315969099.0567525,00000000-0000-0000-0000-000000024547,OTHERS,575.5814623575661,1302.5800143350175,MIA
315969099.0567525,00000000-0000-0000-0000-000000024544,OTHERS,573.9326270715229,1287.9033296123075,MIA
315969099.0567525,00000000-0000-0000-0000-000000024503,OTHERS,612.3084152467574,1284.3653008654055,MIA
315969099.0567525,00000000-0000-0000-0000-000000024457,OTHERS,609.125971090055,1279.8247682675246,MIA
315969099.0567525,00000000-0000-0000-0000-000000023985,OTHERS,579.5745736118475,1279.7244732537972,MIA
315969099.0567525,00000000-0000-0000-0000-000000024505,AGENT,577.3507949625811,1249.7773663175408,MIA
315969099.0567525,00000000-0000-0000-0000-000000024448,OTHERS,597.1691802700566,1280.397110197118,MIA
315969099.0567525,00000000-0000-0000-0000-000000024443,OTHERS,596.8304657498387,1283.6101135572858,MIA
315969099.0567525,00000000-0000-0000-0000-000000024307,OTHERS,580.1692977307489,1260.4028522274216,MIA
315969099.0567525,00000000-0000-0000-0000-000000024476,OTHERS,607.6917235896298,1284.1298845326246,MIA
315969099.0567525,00000000-0000-0000-0000-000000024439,OTHERS,596.0593332598824,1286.7738390739407,MIA
315969099.0567525,00000000-0000-0000-0000-000000024399,OTHERS,597.4698819999503,1212.5967853083387,MIA
315969099.0567525,00000000-0000-0000-0000-000000024567,OTHERS,575.8856907794942,1337.2403435145613,MIA
315969099.0567525,00000000-0000-0000-0000-000000024433,OTHERS,584.7209349209711,1258.3669089286454,MIA
315969099.0567525,00000000-0000-0000-0000-000000024492,OTHERS,584.718451369722,1254.9102013671268,MIA
315969099.0567525,00000000-0000-0000-0000-000000024561,OTHERS,565.9757421062496,1219.6356469340096,MIA
315969099.0567525,00000000-0000-0000-0000-000000024409,OTHERS,579.5126964495672,1272.5398331653905,MIA
315969099.0567525,00000000-0000-0000-0000-000000024510,OTHERS,584.361661330361,1256.5719114697172,MIA
315969099.0567525,00000000-0000-0000-0000-000000024507,OTHERS,578.4031547489334,1295.488628598336,MIA
315969099.0567525,00000000-0000-0000-0000-000000024453,OTHERS,602.8770875015978,1279.9351866639227,MIA
315969099.19176215,00000000-0000-0000-0000-000000000000,AV,576.4631453312518,1273.3896692127714,MIA
315969099.19176215,00000000-0000-0000-0000-000000023559,OTHERS,575.7931363251403,1280.9922920199942,MIA
315969099.19176215,00000000-0000-0000-0000-000000023942,OTHERS,579.7038412307088,1266.8124316624444,MIA
315969099.19176215,00000000-0000-0000-0000-000000024469,OTHERS,618.4546258923283,1280.14098497925,MIA
315969099.19176215,00000000-0000-0000-0000-000000024486,OTHERS,583.9620120567757,1260.0083257420195,MIA
315969099.19176215,00000000-0000-0000-0000-000000024499,OTHERS,578.504588582918,1284.1587406415786,MIA
315969099.19176215,00000000-0000-0000-0000-000000024558,OTHERS,577.4265599536311,1325.4952310530964,MIA
315969099.19176215,00000000-0000-0000-0000-000000024525,OTHERS,541.1329382161568,1281.369905494238,MIA
315969099.19176215,00000000-0000-0000-0000-000000024551,OTHERS,585.1305876593749,1282.7718509708745,MIA
315969099.19176215,00000000-0000-0000-0000-000000024465,OTHERS,583.4632216311063,1271.3104939346542,MIA
315969099.19176215,00000000-0000-0000-0000-000000024535,OTHERS,568.0585630070822,1245.3731339686733,MIA
315969099.19176215,00000000-0000-0000-0000-000000024313,OTHERS,577.1524339602413,1261.9639480508088,MIA
315969099.19176215,00000000-0000-0000-0000-000000024544,OTHERS,573.5202927537828,1286.868317089017,MIA
315969099.19176215,00000000-0000-0000-0000-000000024515,OTHERS,563.2010741775055,1280.285928637956,MIA
315969099.19176215,00000000-0000-0000-0000-000000024562,OTHERS,528.4113825362896,1276.4322450348086,MIA
315969099.19176215,00000000-0000-0000-0000-000000024447,OTHERS,595.0951922526571,1279.7992121695486,MIA
315969099.19176215,00000000-0000-0000-0000-000000024531,OTHERS,583.3139970583206,1261.6149163308396,MIA
315969099.19176215,00000000-0000-0000-0000-000000024570,OTHERS,573.7098345167176,1289.1468154385293,MIA
315969099.19176215,00000000-0000-0000-0000-000000024477,OTHERS,580.6692816649663,1262.5957339676474,MIA
315969099.19176215,00000000-0000-0000-0000-000000024503,OTHERS,612.3132080425098,1284.3001746882746,MIA
315969099.19176215,00000000-0000-0000-0000-000000024457,OTHERS,609.0191923309499,1279.7989780534544,MIA
315969099.19176215,00000000-0000-0000-0000-000000023985,OTHERS,579.5899655547794,1279.7009920730795,MIA
315969099.19176215,00000000-0000-0000-0000-000000024505,AGENT,577.9784714527833,1250.0439137459184,MIA
315969099.19176215,00000000-0000-0000-0000-000000024448,OTHERS,597.1182759748323,1280.5348316045386,MIA
315969099.19176215,00000000-0000-0000-0000-000000024443,OTHERS,596.8235429942248,1283.6279460753433,MIA
315969099.19176215,00000000-0000-0000-0000-000000024307,OTHERS,580.1474640752588,1260.3881788232302,MIA
315969099.19176215,00000000-0000-0000-0000-000000024476,OTHERS,607.7347579633257,1284.1794333765401,MIA
315969099.19176215,00000000-0000-0000-0000-000000024439,OTHERS,596.0657422651187,1286.7678497854304,MIA
315969099.19176215,00000000-0000-0000-0000-000000024399,OTHERS,597.565701277844,1212.6200162434227,MIA
315969099.19176215,00000000-0000-0000-0000-000000024567,OTHERS,575.6067850514107,1336.1022981550848,MIA
315969099.19176215,00000000-0000-0000-0000-000000024433,OTHERS,584.8453306838189,1258.345016556985,MIA
315969099.19176215,00000000-0000-0000-0000-000000024492,OTHERS,584.8360269391443,1254.926108164954,MIA
315969099.19176215,00000000-0000-0000-0000-000000024561,OTHERS,566.1369449360762,1219.5420198439494,MIA
315969099.19176215,00000000-0000-0000-0000-000000024409,OTHERS,579.5172228501449,1272.5358236901113,MIA
315969099.19176215,00000000-0000-0000-0000-000000024510,OTHERS,584.3248822756037,1256.6110498724888,MIA
315969099.19176215,00000000-0000-0000-0000-000000024507,OTHERS,578.5201071476623,1295.3441516074247,MIA
315969099.19176215,00000000-0000-0000-0000-000000024453,OTHERS,602.7122124530489,1279.8832305513386,MIA
315969099.3214345,00000000-0000-0000-0000-000000000000,AV,576.4634506126782,1273.389486010404,MIA
315969099.3214345,00000000-0000-0000-0000-000000023559,OTHERS,575.7848937453454,1280.986531694784,MIA
315969099.3214345,00000000-0000-0000-0000-000000023942,OTHERS,579.8965862397409,1266.5318783779107,MIA
315969099.3214345,00000000-0000-0000-0000-000000024469,OTHERS,618.4546258923283,1280.14098497925,MIA
315969099.3214345,00000000-0000-0000-0000-000000024457,OTHERS,609.2125783648702,1279.8180831978605,MIA
315969099.3214345,00000000-0000-0000-0000-000000024503,OTHERS,612.3132080425098,1284.3001746882746,MIA
315969099.3214345,00000000-0000-0000-0000-000000024486,OTHERS,583.9775641941044,1260.0061396018061,MIA
315969099.3214345,00000000-0000-0000-0000-000000024499,OTHERS,578.5078140624101,1284.1802537614751,MIA
315969099.3214345,00000000-0000-0000-0000-000000024551,OTHERS,585.3338321677886,1283.3399877714885,MIA
315969099.3214345,00000000-0000-0000-0000-000000024558,OTHERS,577.3810458959299,1324.629013076533,MIA
315969099.3214345,00000000-0000-0000-0000-000000024525,OTHERS,538.8504912192028,1280.5847065337555,MIA
315969099.3214345,00000000-0000-0000-0000-000000024465,OTHERS,583.46130167017,1271.3086224295396,MIA
315969099.3214345,00000000-0000-0000-0000-000000024535,OTHERS,567.8877548262228,1245.328280251287,MIA
315969099.3214345,00000000-0000-0000-0000-000000024313,OTHERS,577.1168203672619,1262.0906985954648,MIA
315969099.3214345,00000000-0000-0000-0000-000000024544,OTHERS,573.2966243973198,1286.4164372506618,MIA
315969099.3214345,00000000-0000-0000-0000-000000024570,OTHERS,573.7098345167176,1289.1468154385293,MIA
315969099.3214345,00000000-0000-0000-0000-000000024477,OTHERS,580.750838012574,1262.6512870357114,MIA
315969099.3214345,00000000-0000-0000-0000-000000023985,OTHERS,579.5991629767794,1279.7037909031185,MIA
315969099.3214345,00000000-0000-0000-0000-000000024505,AGENT,578.3854498232462,1250.1488303292176,MIA
315969099.3214345,00000000-0000-0000-0000-000000024531,OTHERS,583.3558195212444,1261.6377868354025,MIA
315969099.3214345,00000000-0000-0000-0000-000000024515,OTHERS,562.7155828505897,1280.173073863845,MIA
315969099.3214345,00000000-0000-0000-0000-000000024562,OTHERS,527.3685915357103,1276.4002730618852,MIA
315969099.3214345,00000000-0000-0000-0000-000000024447,OTHERS,594.4809781194332,1279.7215824977263,MIA
315969099.3214345,00000000-0000-0000-0000-000000024448,OTHERS,596.2818328948986,1280.1437613466767,MIA
315969099.3214345,00000000-0000-0000-0000-000000024443,OTHERS,596.8115986668041,1283.6074854220744,MIA
315969099.3214345,00000000-0000-0000-0000-000000024307,OTHERS,580.1445122378391,1260.380735422076,MIA
315969099.3214345,00000000-0000-0000-0000-000000024571,OTHERS,575.4436920884285,1299.4382671871192,MIA
315969099.3214345,00000000-0000-0000-0000-000000024476,OTHERS,607.8325341980494,1284.1239597696535,MIA
315969099.3214345,00000000-0000-0000-0000-000000024439,OTHERS,596.0689007244252,1286.7660561940836,MIA
315969099.3214345,00000000-0000-0000-0000-000000024399,OTHERS,597.5004040671587,1212.634163123095,MIA
315969099.3214345,00000000-0000-0000-0000-000000024567,OTHERS,576.0407429958782,1335.3944099954222,MIA
315969099.3214345,00000000-0000-0000-0000-000000024433,OTHERS,584.8453306838189,1258.345016556985,MIA
315969099.3214345,00000000-0000-0000-0000-000000024492,OTHERS,584.6706368401402,1254.8903392898585,MIA
315969099.3214345,00000000-0000-0000-0000-000000024561,OTHERS,566.072374180049,1219.5935688713002,MIA
315969099.3214345,00000000-0000-0000-0000-000000024409,OTHERS,579.5280171136637,1272.5534566995689,MIA
315969099.3214345,00000000-0000-0000-0000-000000024510,OTHERS,584.3583186373488,1256.5505274937732,MIA
315969099.3214345,00000000-0000-0000-0000-000000024507,OTHERS,578.516194083018,1295.2273838449194,MIA
315969099.3214345,00000000-0000-0000-0000-000000024453,OTHERS,602.7968876911781,1280.0164849143653,MIA
315969099.44545656,00000000-0000-0000-0000-000000000000,AV,576.4635159176497,1273.389566706715,MIA
315969099.44545656,00000000-0000-0000-0000-000000023559,OTHERS,575.7886571181599,1280.9907935282872,MIA
315969099.44545656,00000000-0000-0000-0000-000000023942,OTHERS,579.8869447790646,1266.567716840275,MIA
315969099.44545656,00000000-0000-0000-0000-000000024469,OTHERS,618.5680479012636,1280.1817100356054,MIA
315969099.44545656,00000000-0000-0000-0000-000000024486,OTHERS,583.9537843188828,1259.9806744715465,MIA
315969099.44545656,00000000-0000-0000-0000-000000024499,OTHERS,578.5001546690069,1284.171372265359,MIA
315969099.44545656,00000000-0000-0000-0000-000000024551,OTHERS,585.3338321677886,1283.3399877714885,MIA
315969099.44545656,00000000-0000-0000-0000-000000024558,OTHERS,577.2003436154604,1323.701007689782,MIA
315969099.44545656,00000000-0000-0000-0000-000000024525,OTHERS,538.606708289166,1280.1629381754092,MIA
315969099.44545656,00000000-0000-0000-0000-000000024477,OTHERS,580.7391823870638,1262.641386200717,MIA
315969099.44545656,00000000-0000-0000-0000-000000023985,OTHERS,579.5762050196544,1279.6975484327515,MIA
315969099.44545656,00000000-0000-0000-0000-000000024505,AGENT,578.8301445734463,1250.3290749718333,MIA
315969099.44545656,00000000-0000-0000-0000-000000024465,OTHERS,583.4674434406503,1271.31425805381,MIA
315969099.44545656,00000000-0000-0000-0000-000000024535,OTHERS,567.9818174228852,1245.3816587002825,MIA
315969099.44545656,00000000-0000-0000-0000-000000024313,OTHERS,577.1169966938593,1261.9279015943946,MIA
315969099.44545656,00000000-0000-0000-0000-000000024544,OTHERS,572.9904339148574,1286.0086204007753,MIA
315969099.44545656,00000000-0000-0000-0000-000000024515,OTHERS,561.8801638227611,1280.1561539836612,MIA
315969099.44545656,00000000-0000-0000-0000-000000024562,OTHERS,526.6288995640825,1276.5212654333357,MIA
315969099.44545656,00000000-0000-0000-0000-000000024447,OTHERS,594.3406278321784,1279.7501037983266,MIA
315969099.44545656,00000000-0000-0000-0000-000000024531,OTHERS,583.3291251517642,1261.592821182364,MIA
315969099.44545656,00000000-0000-0000-0000-000000024457,OTHERS,609.0494806008822,1279.8043720914395,MIA
315969099.44545656,00000000-0000-0000-0000-000000024503,OTHERS,612.3132080425098,1284.3001746882746,MIA
315969099.44545656,00000000-0000-0000-0000-000000024448,OTHERS,596.5440952414126,1279.988416670728,MIA
315969099.44545656,00000000-0000-0000-0000-000000024443,OTHERS,596.8158496996863,1283.6106777273028,MIA
315969099.44545656,00000000-0000-0000-0000-000000024307,OTHERS,580.1544078139411,1260.4330914398356,MIA
315969099.44545656,00000000-0000-0000-0000-000000024571,OTHERS,575.4982469791855,1298.7274459791315,MIA
315969099.44545656,00000000-0000-0000-0000-000000024476,OTHERS,607.6527777467558,1284.1927600665806,MIA
315969099.44545656,00000000-0000-0000-0000-000000024439,OTHERS,596.0637016851213,1286.7721803016793,MIA
315969099.44545656,00000000-0000-0000-0000-000000024399,OTHERS,597.4974098484661,1212.5436162152273,MIA
315969099.44545656,00000000-0000-0000-0000-000000024567,OTHERS,575.8895913528206,1334.8529332060616,MIA
315969099.44545656,00000000-0000-0000-0000-000000024433,OTHERS,584.8154654266261,1258.3226380785002,MIA
315969099.44545656,00000000-0000-0000-0000-000000024492,OTHERS,584.7460953547668,1254.9570818699892,MIA
315969099.44545656,00000000-0000-0000-0000-000000024409,OTHERS,579.5176709783096,1272.559820969636,MIA
315969099.44545656,00000000-0000-0000-0000-000000024510,OTHERS,584.360943613607,1256.5733822660425,MIA
315969099.44545656,00000000-0000-0000-0000-000000024507,OTHERS,578.4575007740523,1295.2036929191545,MIA
315969099.44545656,00000000-0000-0000-0000-000000024453,OTHERS,602.7218559698964,1279.8867240584184,MIA
315969099.57619286,00000000-0000-0000-0000-000000000000,AV,576.4631192597682,1273.3895728313178,MIA
315969099.57619286,00000000-0000-0000-0000-000000023559,OTHERS,575.7815831863352,1280.9937283884012,MIA
315969099.57619286,00000000-0000-0000-0000-000000023942,OTHERS,579.7000537922478,1266.8423447763655,MIA
315969099.57619286,00000000-0000-0000-0000-000000024469,OTHERS,618.2142433029153,1280.1302729935742,MIA
315969099.57619286,00000000-0000-0000-0000-000000024486,OTHERS,584.0560092751008,1259.9803167851805,MIA
315969099.57619286,00000000-0000-0000-0000-000000024499,OTHERS,578.5110962103279,1284.1513113971318,MIA
315969099.57619286,00000000-0000-0000-0000-000000024551,OTHERS,585.3338321677886,1283.3399877714885,MIA
315969099.57619286,00000000-0000-0000-0000-000000024558,OTHERS,576.9108838130057,1322.0089132531364,MIA
315969099.57619286,00000000-0000-0000-0000-000000024525,OTHERS,536.9863783211734,1280.3858872966866,MIA
315969099.57619286,00000000-0000-0000-0000-000000024572,OTHERS,575.4507447626675,1307.6881036048046,MIA
315969099.57619286,00000000-0000-0000-0000-000000024477,OTHERS,580.74220690628,1262.3947177398175,MIA
315969099.57619286,00000000-0000-0000-0000-000000023985,OTHERS,579.5798801877811,1279.6914741497965,MIA
315969099.57619286,00000000-0000-0000-0000-000000024505,AGENT,579.5885473370422,1250.6149584544373,MIA
315969099.57619286,00000000-0000-0000-0000-000000024465,OTHERS,583.5067102640883,1271.3130818344398,MIA
315969099.57619286,00000000-0000-0000-0000-000000024535,OTHERS,567.9871185632112,1245.3630173988165,MIA
315969099.57619286,00000000-0000-0000-0000-000000024313,OTHERS,577.1332762413873,1261.9571169200615,MIA
315969099.57619286,00000000-0000-0000-0000-000000024544,OTHERS,572.4428475153118,1285.2827161672992,MIA
315969099.57619286,00000000-0000-0000-0000-000000024515,OTHERS,559.5559626893813,1279.3566851369826,MIA
315969099.57619286,00000000-0000-0000-0000-000000024562,OTHERS,524.9126191880366,1276.5910376288475,MIA
315969099.57619286,00000000-0000-0000-0000-000000024447,OTHERS,595.2856041869187,1279.7785470949282,MIA
315969099.57619286,00000000-0000-0000-0000-000000024531,OTHERS,583.3432961183806,1261.6536498967396,MIA
315969099.57619286,00000000-0000-0000-0000-000000024457,OTHERS,609.0734083299197,1279.8021476785264,MIA
315969099.57619286,00000000-0000-0000-0000-000000024503,OTHERS,612.2280538166332,1284.3561096949147,MIA
315969099.57619286,00000000-0000-0000-0000-000000024448,OTHERS,597.1341744495508,1280.5276335086035,MIA
315969099.57619286,00000000-0000-0000-0000-000000024443,OTHERS,596.843990670331,1283.6166753002356,MIA
315969099.57619286,00000000-0000-0000-0000-000000024307,OTHERS,580.1381824728891,1260.4067745550246,MIA
315969099.57619286,00000000-0000-0000-0000-000000024571,OTHERS,575.4370337722423,1297.7458708671734,MIA
315969099.57619286,00000000-0000-0000-0000-000000024476,OTHERS,607.851849556418,1284.0665955474435,MIA
315969099.57619286,00000000-0000-0000-0000-000000024439,OTHERS,596.0836110254608,1286.7624354789202,MIA
315969099.57619286,00000000-0000-0000-0000-000000024399,OTHERS,597.5171678988731,1212.5579392131685,MIA
315969099.57619286,00000000-0000-0000-0000-000000024567,OTHERS,575.6858733199972,1334.182304729315,MIA
315969099.57619286,00000000-0000-0000-0000-000000024433,OTHERS,584.8951062150699,1258.2853367566788,MIA
315969099.57619286,00000000-0000-0000-0000-000000024492,OTHERS,584.7337496593067,1254.9401607384975,MIA
315969099.57619286,00000000-0000-0000-0000-000000024409,OTHERS,579.5241902116591,1272.6952130025527,MIA
315969099.57619286,00000000-0000-0000-0000-000000024510,OTHERS,584.3772901602513,1256.5687410314265,MIA
315969099.57619286,00000000-0000-0000-0000-000000024507,OTHERS,578.4328254175157,1294.9349040882116,MIA
315969099.57619286,00000000-0000-0000-0000-000000024453,OTHERS,602.6447421035441,1279.9706648659942,MIA
315969099.6914841,00000000-0000-0000-0000-000000000000,AV,576.4633793001589,1273.3894650857526,MIA
315969099.6914841,00000000-0000-0000-0000-000000023559,OTHERS,575.7838864398256,1280.9785387366278,MIA
315969099.6914841,00000000-0000-0000-0000-000000023942,OTHERS,579.7048915395293,1266.7976650497994,MIA
315969099.6914841,00000000-0000-0000-0000-000000024448,OTHERS,597.1909523337332,1280.5109276203054,MIA
315969099.6914841,00000000-0000-0000-0000-000000024469,OTHERS,618.288394635573,1280.2509598001782,MIA
315969099.6914841,00000000-0000-0000-0000-000000024486,OTHERS,584.0111526082278,1259.991125623013,MIA
315969099.6914841,00000000-0000-0000-0000-000000024499,OTHERS,578.5070702565927,1284.1752261632082,MIA
315969099.6914841,00000000-0000-0000-0000-000000024465,OTHERS,583.4856477232885,1271.300881866649,MIA
315969099.6914841,00000000-0000-0000-0000-000000024535,OTHERS,567.9887510017406,1245.363653626722,MIA
315969099.6914841,00000000-0000-0000-0000-000000024313,OTHERS,577.1138836642957,1261.9541957961376,MIA
315969099.6914841,00000000-0000-0000-0000-000000024544,OTHERS,572.1696763112018,1284.9922520175855,MIA
315969099.6914841,00000000-0000-0000-0000-000000024558,OTHERS,576.8554385502753,1321.0328938093742,MIA
315969099.6914841,00000000-0000-0000-0000-000000024525,OTHERS,535.8421131765459,1280.3454768457846,MIA
315969099.6914841,00000000-0000-0000-0000-000000024572,OTHERS,575.4507447626675,1307.6881036048046,MIA
315969099.6914841,00000000-0000-0000-0000-000000024477,OTHERS,580.7252863424789,1262.4439065574413,MIA
315969099.6914841,00000000-0000-0000-0000-000000024457,OTHERS,609.1032769895777,1279.7995132268125,MIA
315969099.6914841,00000000-0000-0000-0000-000000024503,OTHERS,612.313098589132,1284.3289881751962,MIA
315969099.6914841,00000000-0000-0000-0000-000000024531,OTHERS,583.3248984032623,1261.5910061302338,MIA
315969099.6914841,00000000-0000-0000-0000-000000024515,OTHERS,558.5303747455741,1279.0198270294482,MIA
315969099.6914841,00000000-0000-0000-0000-000000024562,OTHERS,524.1348111026531,1276.5267061249913,MIA
315969099.6914841,00000000-0000-0000-0000-000000024447,OTHERS,594.8702606417777,1279.8757389853536,MIA
315969099.6914841,00000000-0000-0000-0000-000000024443,OTHERS,596.8295048676854,1283.6208197131716,MIA
315969099.6914841,00000000-0000-0000-0000-000000024307,OTHERS,580.1564445894268,1260.416234282583,MIA
315969099.6914841,00000000-0000-0000-0000-000000024571,OTHERS,575.5408509964998,1296.9753617895715,MIA
315969099.6914841,00000000-0000-0000-0000-000000024476,OTHERS,607.7700705726901,1284.2299753363973,MIA
315969099.6914841,00000000-0000-0000-0000-000000024439,OTHERS,596.1000412745224,1286.7655832700975,MIA
315969099.6914841,00000000-0000-0000-0000-000000024399,OTHERS,597.5447093854292,1212.4954691586167,MIA
315969099.6914841,00000000-0000-0000-0000-000000024567,OTHERS,575.6858733199972,1334.182304729315,MIA
315969099.6914841,00000000-0000-0000-0000-000000024433,OTHERS,584.8951062150699,1258.2853367566788,MIA
315969099.6914841,00000000-0000-0000-0000-000000024492,OTHERS,584.7539250673885,1254.9474090598912,MIA
315969099.6914841,00000000-0000-0000-0000-000000024409,OTHERS,579.5205187513483,1272.5410883140046,MIA
315969099.6914841,00000000-0000-0000-0000-000000024510,OTHERS,584.3361385663775,1256.5649967618865,MIA
315969099.6914841,00000000-0000-0000-0000-000000024507,OTHERS,578.6544722700448,1295.271942099246,MIA
315969099.6914841,00000000-0000-0000-0000-000000024453,OTHERS,602.761809762671,1279.8663898200098,MIA
315969099.6914841,00000000-0000-0000-0000-000000024505,AGENT,579.9730842996242,1250.8265658585333,MIA
315969099.6914841,00000000-0000-0000-0000-000000023985,OTHERS,579.6147088034222,1279.7254532958927,MIA
315969099.8146121,00000000-0000-0000-0000-000000000000,AV,576.4631963509618,1273.3894934235882,MIA
315969099.8146121,00000000-0000-0000-0000-000000023559,OTHERS,575.7878375202674,1281.014574600392,MIA
315969099.8146121,00000000-0000-0000-0000-000000023942,OTHERS,579.7031426432392,1266.8203583338784,MIA
315969099.8146121,00000000-0000-0000-0000-000000023985,OTHERS,579.587914555618,1279.6939272458735,MIA
315969099.8146121,00000000-0000-0000-0000-000000024505,AGENT,580.6354944531931,1251.1761387296954,MIA
315969099.8146121,00000000-0000-0000-0000-000000024469,OTHERS,618.1844890545476,1280.069056919174,MIA
315969099.8146121,00000000-0000-0000-0000-000000024486,OTHERS,584.085869120902,1260.0338879438393,MIA
315969099.8146121,00000000-0000-0000-0000-000000024499,OTHERS,578.5123997615058,1284.1472350945264,MIA
315969099.8146121,00000000-0000-0000-0000-000000024558,OTHERS,576.7523995311143,1320.1519494400254,MIA
315969099.8146121,00000000-0000-0000-0000-000000024525,OTHERS,534.8280836192912,1280.5955750703592,MIA
315969099.8146121,00000000-0000-0000-0000-000000024572,OTHERS,575.4507447626675,1307.6881036048046,MIA
315969099.8146121,00000000-0000-0000-0000-000000024477,OTHERS,580.7249149074703,1262.6227431482225,MIA
315969099.8146121,00000000-0000-0000-0000-000000024307,OTHERS,580.1719014018958,1260.4054144980796,MIA
315969099.8146121,00000000-0000-0000-0000-000000024465,OTHERS,583.5558567467546,1271.3245743433577,MIA
315969099.8146121,00000000-0000-0000-0000-000000024535,OTHERS,567.9173792069173,1245.3780568593256,MIA
315969099.8146121,00000000-0000-0000-0000-000000024313,OTHERS,577.1077282631232,1261.9557496348125,MIA
315969099.8146121,00000000-0000-0000-0000-000000024544,OTHERS,571.836783674236,1284.8572097525694,MIA
315969099.8146121,00000000-0000-0000-0000-000000024515,OTHERS,557.2874461444903,1278.4353209140804,MIA
315969099.8146121,00000000-0000-0000-0000-000000024562,OTHERS,523.4050935717679,1276.5673077471474,MIA
315969099.8146121,00000000-0000-0000-0000-000000024447,OTHERS,594.9710970180868,1279.8639298755704,MIA
315969099.8146121,00000000-0000-0000-0000-000000024531,OTHERS,583.3600053190339,1261.6490041987042,MIA
315969099.8146121,00000000-0000-0000-0000-000000024457,OTHERS,609.2679128948632,1279.8181819835652,MIA
315969099.8146121,00000000-0000-0000-0000-000000024503,OTHERS,612.2905246007215,1284.4084242592335,MIA
315969099.8146121,00000000-0000-0000-0000-000000024448,OTHERS,597.116229840221,1280.5472618984793,MIA
315969099.8146121,00000000-0000-0000-0000-000000024443,OTHERS,596.8680089900797,1283.6126071916701,MIA
315969099.8146121,00000000-0000-0000-0000-000000024476,OTHERS,607.8609982122737,1284.0545064558326,MIA
315969099.8146121,00000000-0000-0000-0000-000000024571,OTHERS,575.6168673165871,1296.5334436844364,MIA
315969099.8146121,00000000-0000-0000-0000-000000024439,OTHERS,596.084315158973,1286.7758301143913,MIA
315969099.8146121,00000000-0000-0000-0000-000000024399,OTHERS,597.5009451048369,1212.3226845746806,MIA
315969099.8146121,00000000-0000-0000-0000-000000024567,OTHERS,575.6858733199972,1334.182304729315,MIA
315969099.8146121,00000000-0000-0000-0000-000000024433,OTHERS,584.9665710014948,1258.3473325166335,MIA
315969099.8146121,00000000-0000-0000-0000-000000024492,OTHERS,584.7262823944966,1254.919504480878,MIA
315969099.8146121,00000000-0000-0000-0000-000000024409,OTHERS,579.5233941125656,1272.654102315599,MIA
315969099.8146121,00000000-0000-0000-0000-000000024510,OTHERS,584.3518623538126,1256.6322651842938,MIA
315969099.8146121,00000000-0000-0000-0000-000000024507,OTHERS,578.5696622998764,1295.159980554399,MIA
315969099.8146121,00000000-0000-0000-0000-000000024453,OTHERS,602.6366556559873,1279.9378217639735,MIA
315969099.9501766,00000000-0000-0000-0000-000000000000,AV,576.4633640033933,1273.389583644834,MIA
315969099.9501766,00000000-0000-0000-0000-000000023559,OTHERS,575.7843531165272,1280.984853655205,MIA
315969099.9501766,00000000-0000-0000-0000-000000024448,OTHERS,596.3716091658879,1280.1905449510014,MIA
315969099.9501766,00000000-0000-0000-0000-000000024469,OTHERS,618.3719405956497,1280.1338672831453,MIA
315969099.9501766,00000000-0000-0000-0000-000000024486,OTHERS,583.9920818552536,1259.92703116471,MIA
315969099.9501766,00000000-0000-0000-0000-000000024499,OTHERS,578.5156811143313,1284.1416365923849,MIA
315969099.9501766,00000000-0000-0000-0000-000000024558,OTHERS,576.7318770954084,1319.3432932007627,MIA
315969099.9501766,00000000-0000-0000-0000-000000024525,OTHERS,533.800758556446,1280.6714186638235,MIA
315969099.9501766,00000000-0000-0000-0000-000000024307,OTHERS,580.1573752009615,1260.4129068751104,MIA
315969099.9501766,00000000-0000-0000-0000-000000024465,OTHERS,583.5074722140737,1271.3160874911846,MIA
315969099.9501766,00000000-0000-0000-0000-000000024535,OTHERS,568.0964683425343,1245.4738020651967,MIA
315969099.9501766,00000000-0000-0000-0000-000000024313,OTHERS,577.1140114632454,1261.9438248801214,MIA
315969099.9501766,00000000-0000-0000-0000-000000024544,OTHERS,571.446974138206,1284.4897938614515,MIA
315969099.9501766,00000000-0000-0000-0000-000000024457,OTHERS,609.0446235008923,1279.8013785687908,MIA
315969099.9501766,00000000-0000-0000-0000-000000024503,OTHERS,612.2905246007215,1284.4084242592335,MIA
315969099.9501766,00000000-0000-0000-0000-000000024477,OTHERS,580.7533493624093,1262.639437599509,MIA
315969099.9501766,00000000-0000-0000-0000-000000024531,OTHERS,583.3111999944801,1261.5947595539606,MIA
315969099.9501766,00000000-0000-0000-0000-000000024515,OTHERS,556.6450136802547,1278.5952298865325,MIA
315969099.9501766,00000000-0000-0000-0000-000000024562,OTHERS,522.4255766029374,1276.4165768557773,MIA
315969099.9501766,00000000-0000-0000-0000-000000024447,OTHERS,594.4214035232759,1279.7007338194214,MIA
315969099.9501766,00000000-0000-0000-0000-000000024443,OTHERS,596.8337403616289,1283.636236774755,MIA
315969099.9501766,00000000-0000-0000-0000-000000024571,OTHERS,575.5827744537038,1295.9349573117454,MIA
315969099.9501766,00000000-0000-0000-0000-000000024476,OTHERS,607.6289357347083,1284.2065111686106,MIA
315969099.9501766,00000000-0000-0000-0000-000000024439,OTHERS,596.0080995125293,1286.7467050139046,MIA
315969099.9501766,00000000-0000-0000-0000-000000024399,OTHERS,597.5364978107493,1212.6202882400598,MIA
315969099.9501766,00000000-0000-0000-0000-000000024433,OTHERS,584.9665710014948,1258.3473325166335,MIA
315969099.9501766,00000000-0000-0000-0000-000000024492,OTHERS,584.7327288402148,1254.940868683063,MIA
315969099.9501766,00000000-0000-0000-0000-000000024409,OTHERS,579.5170950207117,1272.573861713911,MIA
315969099.9501766,00000000-0000-0000-0000-000000024510,OTHERS,584.3483188664987,1256.5802137578414,MIA
315969099.9501766,00000000-0000-0000-0000-000000024507,OTHERS,578.4686225417771,1295.0293834261436,MIA
315969099.9501766,00000000-0000-0000-0000-000000024453,OTHERS,602.6781547518821,1279.867713700619,MIA
315969099.9501766,00000000-0000-0000-0000-000000024505,AGENT,580.8180221926953,1251.3657543642073,MIA
315969099.9501766,00000000-0000-0000-0000-000000023985,OTHERS,579.579031471342,1279.7040719967056,MIA
315969099.9501766,00000000-0000-0000-0000-000000023942,OTHERS,579.7197301992137,1266.8293365000102,MIA
315969100.08006245,00000000-0000-0000-0000-000000000000,AV,576.4626423633181,1273.3894721368295,MIA
315969100.08006245,00000000-0000-0000-0000-000000023559,OTHERS,575.7747085011645,1280.9897377693505,MIA
315969100.08006245,00000000-0000-0000-0000-000000023942,OTHERS,579.7079366421891,1266.8532789513754,MIA
315969100.08006245,00000000-0000-0000-0000-000000024469,OTHERS,618.2102095938308,1280.1201058442605,MIA
315969100.08006245,00000000-0000-0000-0000-000000024486,OTHERS,583.9687328701311,1259.9437606407084,MIA
315969100.08006245,00000000-0000-0000-0000-000000024499,OTHERS,578.5009210447024,1284.1577677562627,MIA
315969100.08006245,00000000-0000-0000-0000-000000024477,OTHERS,580.7586701268333,1262.6824160069086,MIA
315969100.08006245,00000000-0000-0000-0000-000000023985,OTHERS,579.5787652640955,1279.7086366586366,MIA
315969100.08006245,00000000-0000-0000-0000-000000024505,AGENT,581.1969529868145,1251.7327581828756,MIA
315969100.08006245,00000000-0000-0000-0000-000000024525,OTHERS,531.9292170810572,1280.8074956337393,MIA
315969100.08006245,00000000-0000-0000-0000-000000024558,OTHERS,576.5912900709408,1317.8246102705875,MIA
315969100.08006245,00000000-0000-0000-0000-000000024399,OTHERS,597.4861649846588,1212.5445999203455,MIA
315969100.08006245,00000000-0000-0000-0000-000000024307,OTHERS,580.1727772658478,1260.3589170522546,MIA
315969100.08006245,00000000-0000-0000-0000-000000024465,OTHERS,583.451799312993,1271.2996648717394,MIA
315969100.08006245,00000000-0000-0000-0000-000000024535,OTHERS,567.9530526052722,1245.4066586282472,MIA
315969100.08006245,00000000-0000-0000-0000-000000024313,OTHERS,577.1011947455875,1261.9315550331673,MIA
315969100.08006245,00000000-0000-0000-0000-000000024544,OTHERS,570.6515557364513,1283.6700894648034,MIA
315969100.08006245,00000000-0000-0000-0000-000000024515,OTHERS,555.642849588043,1278.7207899769141,MIA
315969100.08006245,00000000-0000-0000-0000-000000024562,OTHERS,520.7586359079828,1276.4707807457328,MIA
315969100.08006245,00000000-0000-0000-0000-000000024447,OTHERS,594.7965689335158,1279.895209953981,MIA
315969100.08006245,00000000-0000-0000-0000-000000024575,OTHERS,575.1951867931033,1304.83350821825,MIA
315969100.08006245,00000000-0000-0000-0000-000000024531,OTHERS,583.3234792190498,1261.5991562034515,MIA
315969100.08006245,00000000-0000-0000-0000-000000024503,OTHERS,612.2424057409793,1284.3277014011646,MIA
315969100.08006245,00000000-0000-0000-0000-000000024457,OTHERS,609.2917494341856,1279.786202852388,MIA
315969100.08006245,00000000-0000-0000-0000-000000024448,OTHERS,597.1315336544427,1280.5283781561116,MIA
315969100.08006245,00000000-0000-0000-0000-000000024439,OTHERS,596.0880768863618,1286.7485269029291,MIA
315969100.08006245,00000000-0000-0000-0000-000000024476,OTHERS,607.8969350657088,1284.0681589974354,MIA
315969100.08006245,00000000-0000-0000-0000-000000024571,OTHERS,575.7124158662698,1294.928228945667,MIA
315969100.08006245,00000000-0000-0000-0000-000000024443,OTHERS,596.8238177234438,1283.6267337211286,MIA
315969100.08006245,00000000-0000-0000-0000-000000024433,OTHERS,584.9665710014948,1258.3473325166335,MIA
315969100.08006245,00000000-0000-0000-0000-000000024492,OTHERS,584.7337930935354,1254.955029099422,MIA
315969100.08006245,00000000-0000-0000-0000-000000024409,OTHERS,579.5403027720154,1272.5024055975648,MIA
315969100.08006245,00000000-0000-0000-0000-000000024510,OTHERS,584.3754581377955,1256.5394345398233,MIA
315969100.08006245,00000000-0000-0000-0000-000000024507,OTHERS,578.5222340553172,1295.0283711438146,MIA
315969100.08006245,00000000-0000-0000-0000-000000024453,OTHERS,602.6536733715931,1279.9016304627785,MIA
315969100.19075125,00000000-0000-0000-0000-000000000000,AV,576.4626937947536,1273.389519644708,MIA
315969100.19075125,00000000-0000-0000-0000-000000023559,OTHERS,575.7635099854257,1280.9788054101696,MIA
315969100.19075125,00000000-0000-0000-0000-000000023942,OTHERS,579.7149837299563,1266.7918104680016,MIA
315969100.19075125,00000000-0000-0000-0000-000000024469,OTHERS,618.4287374007066,1279.9449002883368,MIA
315969100.19075125,00000000-0000-0000-0000-000000024486,OTHERS,584.01158164534,1260.0261127419158,MIA
315969100.19075125,00000000-0000-0000-0000-000000024499,OTHERS,578.5080775296127,1284.1684058903736,MIA
315969100.19075125,00000000-0000-0000-0000-000000024477,OTHERS,580.6973247341422,1262.4266332219572,MIA
315969100.19075125,00000000-0000-0000-0000-000000023985,OTHERS,579.5789542621121,1279.7023280418864,MIA
315969100.19075125,00000000-0000-0000-0000-000000024505,AGENT,581.3552964714846,1251.9275950236158,MIA
315969100.19075125,00000000-0000-0000-0000-000000024525,OTHERS,531.9292170810572,1280.8074956337393,MIA
315969100.19075125,00000000-0000-0000-0000-000000024558,OTHERS,576.580559050041,1317.0574501381336,MIA
315969100.19075125,00000000-0000-0000-0000-000000024399,OTHERS,597.5795371500043,1212.5469495933967,MIA
315969100.19075125,00000000-0000-0000-0000-000000024515,OTHERS,555.0878268560833,1278.7275265402009,MIA
315969100.19075125,00000000-0000-0000-0000-000000024562,OTHERS,519.9423718957389,1276.4401536703185,MIA
315969100.19075125,00000000-0000-0000-0000-000000024447,OTHERS,594.9383311668747,1279.8826619031156,MIA
315969100.19075125,00000000-0000-0000-0000-000000024531,OTHERS,583.3742064257141,1261.5343612877268,MIA
315969100.19075125,00000000-0000-0000-0000-000000024575,OTHERS,575.3053445816099,1304.1962476146853,MIA
315969100.19075125,00000000-0000-0000-0000-000000024573,OTHERS,587.7500796132778,1263.3197206995073,MIA
315969100.19075125,00000000-0000-0000-0000-000000024307,OTHERS,580.1830329218559,1260.318852681856,MIA
315969100.19075125,00000000-0000-0000-0000-000000024465,OTHERS,583.5046524865063,1271.3201386839874,MIA
315969100.19075125,00000000-0000-0000-0000-000000024535,OTHERS,568.0501711789096,1245.4384861581025,MIA
315969100.19075125,00000000-0000-0000-0000-000000024313,OTHERS,577.1056240349227,1261.9293610043042,MIA
315969100.19075125,00000000-0000-0000-0000-000000024544,OTHERS,570.0880514481582,1283.2250176948255,MIA
315969100.19075125,00000000-0000-0000-0000-000000024503,OTHERS,612.3333055816678,1284.3673984817447,MIA
315969100.19075125,00000000-0000-0000-0000-000000024457,OTHERS,609.1935308199385,1279.8203883083177,MIA
315969100.19075125,00000000-0000-0000-0000-000000024448,OTHERS,597.0149690505169,1280.334496107913,MIA
315969100.19075125,00000000-0000-0000-0000-000000024439,OTHERS,596.073852857444,1286.776506357545,MIA
315969100.19075125,00000000-0000-0000-0000-000000024476,OTHERS,607.8711342220525,1284.1366443593095,MIA
315969100.19075125,00000000-0000-0000-0000-000000024571,OTHERS,575.5999581579813,1294.414958413565,MIA
315969100.19075125,00000000-0000-0000-0000-000000024443,OTHERS,596.8023620915592,1283.6197035895466,MIA
315969100.19075125,00000000-0000-0000-0000-000000024492,OTHERS,584.724655436958,1254.9966394387538,MIA
315969100.19075125,00000000-0000-0000-0000-000000024409,OTHERS,579.5141321696677,1272.5728808016534,MIA
315969100.19075125,00000000-0000-0000-0000-000000024510,OTHERS,584.3749918957793,1256.5134342446795,MIA
315969100.19075125,00000000-0000-0000-0000-000000024507,OTHERS,578.449749014752,1295.0954328929115,MIA
315969100.19075125,00000000-0000-0000-0000-000000024453,OTHERS,602.6543463881841,1279.9508125320956,MIA
315969100.3152111,00000000-0000-0000-0000-000000000000,AV,576.4627637536004,1273.3894922958727,MIA
315969100.3152111,00000000-0000-0000-0000-000000023559,OTHERS,575.7713179861768,1280.9889015830802,MIA
315969100.3152111,00000000-0000-0000-0000-000000023942,OTHERS,579.9009557472127,1266.5213772732586,MIA
315969100.3152111,00000000-0000-0000-0000-000000023985,OTHERS,579.5935546616582,1279.706192093518,MIA
315969100.3152111,00000000-0000-0000-0000-000000024505,AGENT,581.6926715006944,1252.29486043748,MIA
315969100.3152111,00000000-0000-0000-0000-000000024469,OTHERS,618.2699569564662,1280.18560840669,MIA
315969100.3152111,00000000-0000-0000-0000-000000024486,OTHERS,583.9231181726262,1260.0223409852515,MIA
315969100.3152111,00000000-0000-0000-0000-000000024499,OTHERS,578.4933670384436,1284.1633205947585,MIA
315969100.3152111,00000000-0000-0000-0000-000000024313,OTHERS,577.1207438080453,1261.9446778816666,MIA
315969100.3152111,00000000-0000-0000-0000-000000024544,OTHERS,569.5742080829658,1282.8704325604865,MIA
315969100.3152111,00000000-0000-0000-0000-000000024399,OTHERS,597.5230923541743,1212.5925207169882,MIA
315969100.3152111,00000000-0000-0000-0000-000000024477,OTHERS,580.7223529516942,1262.6379948326426,MIA
315969100.3152111,00000000-0000-0000-0000-000000024525,OTHERS,531.9292170810572,1280.8074956337393,MIA
315969100.3152111,00000000-0000-0000-0000-000000024558,OTHERS,576.5934243499438,1316.1960991015476,MIA
315969100.3152111,00000000-0000-0000-0000-000000024515,OTHERS,554.4713525334605,1278.659556247644,MIA
315969100.3152111,00000000-0000-0000-0000-000000024562,OTHERS,519.2226797373659,1276.5742846717724,MIA
315969100.3152111,00000000-0000-0000-0000-000000024447,OTHERS,594.4832700233007,1279.7282365671492,MIA
315969100.3152111,00000000-0000-0000-0000-000000024531,OTHERS,583.3253831746564,1261.6229281563842,MIA
315969100.3152111,00000000-0000-0000-0000-000000024575,OTHERS,575.1446007869242,1303.5927263001704,MIA
315969100.3152111,00000000-0000-0000-0000-000000024573,OTHERS,587.7252887597089,1263.6278990807384,MIA
315969100.3152111,00000000-0000-0000-0000-000000024307,OTHERS,580.1730253947427,1260.2536558632473,MIA
315969100.3152111,00000000-0000-0000-0000-000000024535,OTHERS,568.1181595793752,1245.4676349704234,MIA
315969100.3152111,00000000-0000-0000-0000-000000024465,OTHERS,583.509711007091,1271.3201739150518,MIA
315969100.3152111,00000000-0000-0000-0000-000000024503,OTHERS,612.3212272079917,1284.3553068790015,MIA
315969100.3152111,00000000-0000-0000-0000-000000024457,OTHERS,609.063587646507,1279.786126884765,MIA
315969100.3152111,00000000-0000-0000-0000-000000024448,OTHERS,596.3709591662279,1280.3040912578938,MIA
315969100.3152111,00000000-0000-0000-0000-000000024439,OTHERS,596.0464033025228,1286.7899669613405,MIA
315969100.3152111,00000000-0000-0000-0000-000000024476,OTHERS,607.6991112153172,1284.146627451079,MIA
315969100.3152111,00000000-0000-0000-0000-000000024571,OTHERS,575.6138814466071,1293.8476627177702,MIA
315969100.3152111,00000000-0000-0000-0000-000000024443,OTHERS,596.8257772758682,1283.61285946197,MIA
315969100.3152111,00000000-0000-0000-0000-000000024492,OTHERS,584.7023899278383,1254.911820619758,MIA
315969100.3152111,00000000-0000-0000-0000-000000024409,OTHERS,579.5278753132836,1272.684516876777,MIA
315969100.3152111,00000000-0000-0000-0000-000000024510,OTHERS,584.3509840192137,1256.6247528093602,MIA
315969100.3152111,00000000-0000-0000-0000-000000024507,OTHERS,578.5427639493282,1294.8424762392108,MIA
315969100.3152111,00000000-0000-0000-0000-000000024453,OTHERS,602.7207949457612,1279.8672402720206,MIA
315969100.43454874,00000000-0000-0000-0000-000000000000,AV,576.4628599498935,1273.3893971656332,MIA
315969100.43454874,00000000-0000-0000-0000-000000023559,OTHERS,575.7880416360101,1280.9926439259198,MIA
315969100.43454874,00000000-0000-0000-0000-000000023942,OTHERS,579.7006456103786,1266.85990510376,MIA
315969100.43454874,00000000-0000-0000-0000-000000023985,OTHERS,579.6180144249213,1279.723434148356,MIA
315969100.43454874,00000000-0000-0000-0000-000000024505,AGENT,581.8678131693441,1252.5080748174444,MIA
315969100.43454874,00000000-0000-0000-0000-000000024469,OTHERS,618.250439622193,1280.090156778746,MIA
315969100.43454874,00000000-0000-0000-0000-000000024486,OTHERS,584.0223383704688,1259.9468991265694,MIA
315969100.43454874,00000000-0000-0000-0000-000000024499,OTHERS,578.5197894389104,1284.122313375807,MIA
315969100.43454874,00000000-0000-0000-0000-000000024313,OTHERS,577.1136679781434,1261.9448865447162,MIA
315969100.43454874,00000000-0000-0000-0000-000000024544,OTHERS,569.1208708183758,1282.4676457982296,MIA
315969100.43454874,00000000-0000-0000-0000-000000024399,OTHERS,597.5310346114828,1212.5990018517655,MIA
315969100.43454874,00000000-0000-0000-0000-000000024477,OTHERS,580.7374646766361,1262.6232543528718,MIA
315969100.43454874,00000000-0000-0000-0000-000000024525,OTHERS,531.9292170810572,1280.8074956337393,MIA
315969100.43454874,00000000-0000-0000-0000-000000024558,OTHERS,576.5766279755434,1315.5629551050915,MIA
315969100.43454874,00000000-0000-0000-0000-000000024515,OTHERS,552.9449424690955,1278.33349981374,MIA
315969100.43454874,00000000-0000-0000-0000-000000024562,OTHERS,518.3359232561977,1276.4320622193468,MIA
315969100.43454874,00000000-0000-0000-0000-000000024447,OTHERS,595.1342359830602,1279.8171217092186,MIA
315969100.43454874,00000000-0000-0000-0000-000000024531,OTHERS,583.384203182519,1261.6415236623795,MIA
315969100.43454874,00000000-0000-0000-0000-000000024575,OTHERS,575.1952979353189,1303.1576605618382,MIA
315969100.43454874,00000000-0000-0000-0000-000000024573,OTHERS,587.6925936929466,1263.8100971902195,MIA
315969100.43454874,00000000-0000-0000-0000-000000024307,OTHERS,580.1591708615141,1260.1937643204253,MIA
315969100.43454874,00000000-0000-0000-0000-000000024535,OTHERS,567.9969161477843,1245.3848990879742,MIA
315969100.43454874,00000000-0000-0000-0000-000000024465,OTHERS,583.4683261481753,1271.3209808726324,MIA
315969100.43454874,00000000-0000-0000-0000-000000024503,OTHERS,612.2973374640237,1284.3892132643562,MIA
315969100.43454874,00000000-0000-0000-0000-000000024457,OTHERS,609.0016144477554,1279.7885535806695,MIA
315969100.43454874,00000000-0000-0000-0000-000000024448,OTHERS,597.1270708069833,1280.5402790533076,MIA
315969100.43454874,00000000-0000-0000-0000-000000024439,OTHERS,596.0769803704429,1286.7626230304222,MIA
315969100.43454874,00000000-0000-0000-0000-000000024476,OTHERS,607.8813998325181,1284.097156311516,MIA
315969100.43454874,00000000-0000-0000-0000-000000024571,OTHERS,575.410968978268,1293.5919859484711,MIA
315969100.43454874,00000000-0000-0000-0000-000000024443,OTHERS,596.8081454428052,1283.6344095969866,MIA
315969100.43454874,00000000-0000-0000-0000-000000024492,OTHERS,584.7512277975948,1254.9744118825106,MIA
315969100.43454874,00000000-0000-0000-0000-000000024409,OTHERS,579.5109124218571,1272.5311785691085,MIA
315969100.43454874,00000000-0000-0000-0000-000000024510,OTHERS,584.3411886157544,1256.5984611149752,MIA
315969100.43454874,00000000-0000-0000-0000-000000024507,OTHERS,578.4920408987698,1294.7985380869445,MIA
315969100.43454874,00000000-0000-0000-0000-000000024453,OTHERS,602.6948904422153,1279.8696983390817,MIA
